timestamp,trip_id,route_id,schedule_relationship,vehicle_id,latitude,longitude
timestamp,trip_id,route_id,schedule_relationship,vehicle_id,latitude,longitude
timestamp,trip_id,route_id,schedule_relationship,vehicle_id,latitude,longitude
1629677186,6700010,41,0,6231,40.398521423339844,-80.02591705322266
1629677195,6920010,G2,0,6110,40.443702697753906,-80.02693176269531
1629677173,10020010,55,0,6355,40.30521011352539,-79.89533233642578
1629677188,7085010,1,0,6510,40.4461784362793,-79.98868560791016
1629677172,1190010,61A,0,6631,40.43806076049805,-79.92483520507812
1629677190,10705010,91,0,6509,40.4873046875,-79.88452911376953
1629677179,7519010,56,0,6623,40.34838104248047,-79.87085723876953
1629677189,1279010,8,0,6501,40.460025787353516,-80.0114974975586
1629677198,14435010,81,0,6622,40.44321060180664,-79.98088073730469
1629677185,4828010,Y49,0,6625,40.42251968383789,-80.00616455078125
1629677187,6724010,12,0,6503,40.54594421386719,-80.0168228149414
1629677173,12446010,17,0,6506,40.5003547668457,-80.03422546386719
1629677175,7286010,51,0,6627,40.3654670715332,-79.98250579833984
1629677190,14324010,83,0,6626,40.45164489746094,-79.95789337158203
1629677190,3919010,17,0,6507,40.45479965209961,-80.02220916748047
1629677187,11034010,71B,0,6361,40.43877029418945,-79.9947509765625
1629677169,8899010,28X,0,6641,40.423439025878906,-80.07919311523438
1629677171,4531010,58,0,6366,40.43095397949219,-79.95894622802734
1629677186,8124010,28X,0,6643,40.49637222290039,-80.25888061523438
1629677196,10221010,71D,0,6367,40.44740295410156,-79.94296264648438
1629677171,7864010,82,0,6642,40.461483001708984,-79.92503356933594
1629677197,2036010,61C,0,3252,40.407325744628906,-79.910400390625
1629677164,6442010,61C,0,3251,40.444828033447266,-79.95423126220703
1629677184,1733010,61D,0,3248,40.41105270385742,-79.90656280517578
1629677185,6609010,27,0,6516,40.44309616088867,-80.04399108886719
1629677179,6317010,59,0,6531,40.411746978759766,-79.87740325927734
1629677190,13982010,61B,0,6530,40.438167572021484,-79.99434661865234
1629677193,6864010,P68,0,6651,40.41257858276367,-79.8564224243164
1629677190,4628010,86,0,6258,40.460357666015625,-79.94477081298828
1629677193,8403010,77,0,6653,40.45961380004883,-79.91138458251953
1629677194,7635010,71A,0,3414,40.462371826171875,-79.93135833740234
1629677188,9709010,61A,0,6249,40.44163131713867,-79.8858871459961
1629677152,14183010,91,0,6007,40.4561767578125,-79.97509002685547
1629677193,11710010,1,0,6006,40.48894119262695,-79.89253234863281
1629677189,4899010,24,0,6523,40.44343948364258,-80.02615356445312
1629677198,14316010,71C,0,6369,40.46038818359375,-79.9218978881836
1629677181,13723010,71C,0,6644,40.44989776611328,-79.89161682128906
1629677192,5210010,8,0,6402,40.517513275146484,-80.03778839111328
1629677182,8679010,59,0,6526,40.37189865112305,-79.84642791748047
1629677196,10156010,61A,0,6525,40.40977096557617,-79.86735534667969
1629677179,1150010,51,0,6528,40.415687561035156,-79.98725128173828
1629677198,6134010,51,0,6527,40.428794860839844,-79.98121643066406
1629677197,10158010,61B,0,6529,40.43803024291992,-79.9154281616211
1629677174,7924010,21,0,6023,40.498130798339844,-80.09241485595703
1629677182,4209010,64,0,6540,40.412330627441406,-79.90825653076172
1629677195,9728010,75,0,6144,40.490535736083984,-79.90714263916016
1629677192,12010,82,0,6542,40.448631286621094,-79.96530151367188
1629677184,3663010,G2,0,6421,40.43588638305664,-80.0676040649414
1629677198,10529010,79,0,6268,40.44951629638672,-79.89149475097656
1629677186,5229010,61D,0,3305,40.437950134277344,-79.9912338256836
1629677171,1377010,P1,0,3423,40.44168472290039,-79.99761199951172
1629677145,4376010,54,0,6414,40.4468994140625,-79.94928741455078
1629677195,3847010,59,0,6535,40.397483825683594,-79.88311767578125
1629677189,4760010,86,0,6139,40.45693588256836,-79.93511199951172
1629677180,9328010,69,0,5722,40.44267654418945,-79.88457489013672
1629677168,3843010,54,0,5603,40.45389175415039,-79.99810028076172
1629677175,9278010,67,0,6275,40.43621063232422,-79.9959487915039
1629677189,12787010,16,0,6311,40.44251251220703,-80.00423431396484
1629677198,3844010,55,0,6431,40.32980728149414,-79.93740844726562
1629677198,8521010,89,0,6552,40.471866607666016,-79.93424987792969
1629677196,12953010,12,0,6313,40.450496673583984,-80.00119018554688
1629677192,2248010,61A,0,6434,40.43831253051758,-79.97952270507812
1629677196,7509010,64,0,6555,40.453208923339844,-79.931640625
1629677188,-1393462067,88,1,6272,40.45574188232422,-79.91483306884766
1629677190,6554010,71B,0,6271,40.463722229003906,-79.92377471923828
1629677196,7392010,61D,0,3314,40.44275665283203,-79.93768310546875
1629677191,12499010,61C,0,3311,40.42018508911133,-79.92840576171875
1629677197,10315010,31,0,6427,40.44148635864258,-80.02095031738281
1629677194,6467010,75,0,6548,40.42564010620117,-79.96492767333984
1629677192,11800010,71D,0,6547,40.44715118408203,-79.94603729248047
1629677178,8401010,14,0,6308,40.523681640625,-80.15153503417969
1629677198,5903010,P68,0,6549,40.41313171386719,-79.85789489746094
1629677160,237010,56,0,6443,40.39832305908203,-79.93550872802734
1629677189,13652010,61D,0,6445,40.408897399902344,-79.91706085205078
1629677184,10706010,14,0,5905,40.5019416809082,-80.07638549804688
1629677194,379010,71A,0,3328,40.43788146972656,-79.97769165039062
1629677183,13211010,12,0,5906,40.54344940185547,-80.01083374023438
1629677189,7642010,28X,0,3327,40.438262939453125,-79.97992706298828
1629677176,2482010,88,0,3323,40.454078674316406,-79.91230773925781
1629677188,13051010,75,0,6556,40.47307205200195,-79.93025970458984
1629677195,2126010,82,0,6450,40.4600715637207,-79.92790985107422
1629677141,4374010,16,0,6212,40.50387954711914,-80.0748291015625
1629677015,1087010,86,0,6456,40.45001983642578,-79.89178466796875
1629677175,13492010,61C,0,6447,40.35224151611328,-79.85737609863281
1629677191,737010,24,0,6325,40.45337677001953,-80.16698455810547
1629677194,14241010,55,0,6446,40.384918212890625,-79.82279968261719
1629677168,1751010,88,0,6449,40.44158935546875,-80.0024185180664
1629677185,1329010,40,0,1717,40.44355392456055,-79.99297332763672
1629677134,6059010,6,0,6605,40.48191833496094,-80.00273895263672
1629677174,10928010,1,0,6606,40.541229248046875,-79.78865051269531
1629677192,13747010,26,0,6221,40.45708084106445,-80.06287384033203
1629677198,10970010,71C,0,6463,40.43836975097656,-79.98080444335938
1629677173,11402010,28X,0,6462,40.43892288208008,-80.01119995117188
1629677197,9645010,28X,0,6465,40.45288848876953,-79.9206771850586
1629677171,5109010,54,0,6101,40.409393310546875,-79.9908218383789
1629677189,1079010,Y46,0,6343,40.341922760009766,-79.96630859375
1629677189,4790010,51,0,6621,40.34432601928711,-79.9414291381836
1629677198,10688010,15,0,5806,40.468631744384766,-80.01512145996094
1629677193,5262010,12,0,5807,40.56816101074219,-80.01651763916016
1629677170,509010,43,0,1720,40.421024322509766,-80.0055160522461
1629677185,4015010,Y46,0,6337,40.29359817504883,-79.90892791748047
1629677195,7656010,77,0,6457,40.464210510253906,-79.85491943359375
1629677191,5586010,38,0,6218,40.36762619018555,-80.10424041748047
1629677177,9179010,48,0,6217,40.42856979370117,-79.97762298583984
1629677173,7644010,57,0,6338,40.43573760986328,-79.97570037841797
1629677197,13426010,59,0,6616,40.3540153503418,-79.89692687988281
1629677179,3034010,21,0,6219,40.514312744140625,-80.13973999023438
1629677174,6006010,48,0,6615,40.42095184326172,-80.0057601928711
1629677183,8801010,44,0,1724,40.413326263427734,-79.98648834228516
1629678042,6700010,41,0,6231,40.43840026855469,-80.00194549560547
1629678032,6920010,G2,0,6110,40.40574645996094,-80.09054565429688
1629678043,10020010,55,0,6355,40.321048736572266,-79.89188385009766
1629678035,7085010,1,0,6510,40.453636169433594,-79.99986267089844
1629678049,1190010,61A,0,6631,40.43158721923828,-79.88446044921875
1629678047,10705010,91,0,6509,40.486228942871094,-79.94331359863281
1629678046,7519010,56,0,6623,40.37932205200195,-79.92473602294922
1629678023,10081010,8,0,6501,40.445465087890625,-79.99906158447266
1629678027,3346010,81,0,6622,40.44295120239258,-79.9979248046875
1629678051,12885010,Y49,0,6625,40.43673324584961,-80.00093078613281
1629678011,6724010,12,0,6503,40.54945755004883,-80.01496887207031
1629678044,12446010,17,0,6506,40.457061767578125,-80.02935791015625
1629678034,7286010,51,0,6627,40.348941802978516,-79.93904876708984
1629678042,14324010,83,0,6626,40.42894744873047,-79.9762191772461
1629678051,3919010,17,0,6507,40.48930358886719,-80.04292297363281
1629678037,11034010,71B,0,6361,40.444252014160156,-79.95490264892578
1629678040,8899010,28X,0,6641,40.4675407409668,-80.19844818115234
1629678050,4531010,58,0,6366,40.43354034423828,-79.93738555908203
1629678051,8124010,28X,0,6643,40.4510383605957,-80.17455291748047
1629678049,10221010,71D,0,6367,40.451171875,-79.88460540771484
1629678046,7864010,82,0,6642,40.46609878540039,-79.8978271484375
1629678050,2036010,61C,0,3252,40.43777847290039,-79.93170166015625
1629678036,6442010,61C,0,3251,40.4421272277832,-80.00139617919922
1629678043,10191010,61D,0,3248,40.41145324707031,-79.90829467773438
1629678028,13147010,27,0,6516,40.44272994995117,-80.02458190917969
1629678050,6317010,59,0,6531,40.40278625488281,-79.86797332763672
1629678051,13982010,61B,0,6530,40.444190979003906,-79.94039154052734
1629678024,6864010,P68,0,6651,40.44366455078125,-79.8870849609375
1629678044,4628010,86,0,6258,40.44204330444336,-79.99961853027344
1629678050,8403010,77,0,6653,40.458534240722656,-79.95921325683594
1629678032,7635010,71A,0,3414,40.442081451416016,-79.95804595947266
1629678039,9709010,61A,0,6249,40.41449737548828,-79.87322235107422
1629678042,14183010,91,0,6007,40.488243103027344,-79.9376449584961
1629678045,11710010,1,0,6006,40.54066848754883,-79.81529235839844
1629678029,4899010,24,0,6523,40.47389221191406,-80.0774917602539
1629678024,13723010,71C,0,6644,40.446468353271484,-79.89311218261719
1629678035,691010,8,0,6402,40.51747131347656,-80.03691101074219
1629678049,8679010,59,0,6526,40.37358093261719,-79.84505462646484
1629678032,10156010,61A,0,6525,40.4417839050293,-79.88470458984375
1629678032,1150010,51,0,6528,40.43193435668945,-80.0034408569336
1629678044,6134010,51,0,6527,40.391807556152344,-79.98661804199219
1629678041,10158010,61B,0,6529,40.44168472290039,-79.9586181640625
1629678023,7924010,21,0,6023,40.527557373046875,-80.18519592285156
1629678024,4209010,64,0,6540,40.42615509033203,-79.92766571044922
1629678051,9728010,75,0,6144,40.45884323120117,-79.91634368896484
1629678033,12010,82,0,6542,40.46080780029297,-79.92311096191406
1629678026,1878010,G2,0,6421,40.44364929199219,-79.99404907226562
1629678048,11615010,79,0,6268,40.450016021728516,-79.89178466796875
1629678029,5229010,61D,0,3305,40.442787170410156,-79.93778228759766
1629678048,1377010,P1,0,3423,40.45277404785156,-79.89871215820312
1629678036,4376010,54,0,6414,40.46752166748047,-79.96363067626953
1629678035,3847010,59,0,6535,40.38429260253906,-79.86717987060547
1629678049,4760010,86,0,6139,40.4551887512207,-79.88668823242188
1629678049,9328010,69,0,5722,40.40382766723633,-79.82425689697266
1629678050,1181010,31,0,6415,40.3697509765625,-80.10115051269531
1629678046,3843010,54,0,5603,40.465362548828125,-79.95143127441406
1629678045,9278010,67,0,6275,40.44668197631836,-79.9126205444336
1629678048,12787010,16,0,6311,40.47050476074219,-80.02579498291016
1629678041,3844010,55,0,6431,40.34818649291992,-79.9292221069336
1629678043,1467010,89,0,6552,40.46355438232422,-79.91771697998047
1629678043,12953010,12,0,6313,40.51930236816406,-80.00484466552734
1629678036,6419010,61A,0,6434,40.440181732177734,-79.99626922607422
1629678040,7509010,64,0,6555,40.43055725097656,-79.92338562011719
1629678034,-1393462067,88,1,6272,40.46479797363281,-79.96031188964844
1629678025,2689010,71B,0,6271,40.45976257324219,-79.92503356933594
1629678049,7392010,61D,0,3314,40.43648147583008,-79.96674346923828
1629678042,12499010,61C,0,3311,40.38488006591797,-79.86276245117188
1629678019,11986010,P68,0,6545,40.429168701171875,-79.74810791015625
1629678048,10315010,31,0,6427,40.42039489746094,-80.06681823730469
1629678051,6467010,75,0,6548,40.44688415527344,-79.94926452636719
1629678025,11800010,71D,0,6547,40.4404182434082,-79.99485778808594
1629678045,8401010,14,0,6308,40.47630310058594,-80.04109954833984
1629678047,5903010,P68,0,6549,40.400211334228516,-79.83525848388672
1629678049,237010,56,0,6443,40.34843063354492,-79.87799072265625
1629678051,10706010,14,0,5905,40.55778121948242,-80.19902801513672
1629678037,379010,71A,0,3328,40.45397186279297,-79.945068359375
1629678050,13211010,12,0,5906,40.4569091796875,-79.99923706054688
1629678044,7642010,28X,0,3327,40.44313049316406,-80.02539825439453
1629678044,8839010,28X,0,3323,40.45478439331055,-79.91154479980469
1629678034,13051010,75,0,6556,40.487403869628906,-79.8828353881836
1629678046,2126010,82,0,6450,40.445735931396484,-79.9721908569336
1629678033,4374010,16,0,6212,40.487091064453125,-80.03793334960938
1629678046,6626010,P1,0,3340,40.446502685546875,-79.88844299316406
1629678034,13492010,61C,0,6447,40.35073471069336,-79.86749267578125
1629678042,737010,24,0,6325,40.4684944152832,-80.12382507324219
1629678038,14241010,55,0,6446,40.35195541381836,-79.86181640625
1629678037,6990010,88,0,6449,40.46498107910156,-79.95918273925781
1629678034,5307010,40,0,1717,40.44563293457031,-79.98967742919922
1629678047,6059010,6,0,6605,40.454750061035156,-79.99482727050781
1629678031,-278740760,13,1,6604,40.45547866821289,-80.00662994384766
1629678030,10928010,1,0,6606,40.49288558959961,-79.86299896240234
1629678034,1570010,71C,0,6463,40.43803024291992,-79.99433135986328
1629678034,11402010,28X,0,6462,40.43822479248047,-79.96159362792969
1629678039,5109010,54,0,6101,40.4088249206543,-79.99144744873047
1629678043,1079010,Y46,0,6343,40.292320251464844,-79.91556549072266
1629678051,4066010,13,0,6104,40.520145416259766,-80.04238891601562
1629678023,4790010,51,0,6621,40.363590240478516,-79.98399353027344
1629678030,5262010,12,0,5807,40.554874420166016,-80.02101135253906
1629678048,509010,43,0,1720,40.42357635498047,-79.98893737792969
1629678039,4015010,Y46,0,6337,40.342369079589844,-79.96707153320312
1629678045,9179010,48,0,6217,40.44182586669922,-79.99879455566406
1629678023,1894010,57,0,6338,40.4349250793457,-79.98139953613281
1629678024,13426010,59,0,6616,40.3411979675293,-79.94547271728516
1629678049,3034010,21,0,6219,40.48772048950195,-80.07742309570312
1629678032,1151010,48,0,6615,40.420982360839844,-80.0058364868164
1629678021,8801010,44,0,1724,40.431732177734375,-80.00358581542969
1629679179,11843010,41,0,6231,40.391963958740234,-80.03815460205078
1629679164,4898010,G2,0,6110,40.434959411621094,-80.06759643554688
1629679157,10020010,55,0,6355,40.380889892578125,-79.82833862304688
1629679183,7085010,1,0,6510,40.49016189575195,-79.90592956542969
1629679164,1190010,61A,0,6631,40.4146842956543,-79.85502624511719
1629679183,10705010,91,0,6509,40.44522476196289,-79.99323272705078
1629679170,7519010,56,0,6623,40.436283111572266,-79.996337890625
1629679181,2257010,16,0,6105,40.49430847167969,-80.05301666259766
1629679161,10081010,8,0,6501,40.48912811279297,-80.01805114746094
1629679160,3346010,81,0,6622,40.43550491333008,-79.97323608398438
1629679181,12885010,Y49,0,6625,40.362281799316406,-79.97838592529297
1629679172,6724010,12,0,6503,40.58528518676758,-80.03028869628906
1629679137,12446010,17,0,6506,40.44312286376953,-79.99812316894531
1629679172,8422010,81,0,6626,40.428470611572266,-79.97645568847656
1629679161,3919010,17,0,6507,40.501434326171875,-80.02159118652344
1629679165,11034010,71B,0,6361,40.47502136230469,-79.91847229003906
1629679182,4289010,28X,0,6641,40.47142028808594,-80.2263412475586
1629679169,8124010,28X,0,6643,40.434818267822266,-80.06758117675781
1629679155,11114010,82,0,6642,40.460689544677734,-79.91158294677734
1629679179,9274010,86,0,6367,40.44279098510742,-79.88685607910156
1629679173,2036010,61C,0,3252,40.438690185546875,-79.98826599121094
1629679165,13460010,61C,0,3251,40.44047927856445,-79.9584732055664
1629679171,10191010,61D,0,3248,40.438026428222656,-79.92790222167969
1629679176,13147010,27,0,6516,40.458858489990234,-80.07705688476562
1629679182,9564010,71D,0,5945,40.455406188964844,-79.90101623535156
1629679171,14491010,24,0,6519,40.45191955566406,-80.15741729736328
1629679165,14275010,57,0,6133,40.40901565551758,-79.91224670410156
1629679174,6317010,59,0,6531,40.40049362182617,-79.83357238769531
1629679144,13948010,P68,0,6651,40.45050048828125,-79.98171997070312
1629679170,7004010,86,0,6258,40.45899963378906,-79.9437026977539
1629679176,3716010,77,0,6653,40.45555114746094,-79.96630859375
1629679168,14641010,71A,0,3414,40.44047546386719,-79.99967956542969
1629679178,4679010,61B,0,6249,40.408809661865234,-79.85713958740234
1629679172,14183010,91,0,6007,40.49686813354492,-79.89089965820312
1629679180,4899010,24,0,6523,40.45038986206055,-80.16252899169922
1629679178,13723010,71C,0,6644,40.45642852783203,-79.93683624267578
1629679176,691010,8,0,6402,40.49399948120117,-80.021728515625
1629679180,8679010,59,0,6526,40.3984260559082,-79.88516998291016
1629679166,10156010,61A,0,6525,40.440467834472656,-79.93558502197266
1629679174,13575010,51,0,6528,40.429317474365234,-79.99678039550781
1629679177,6134010,51,0,6527,40.34120178222656,-79.94507598876953
1629679162,12946010,61B,0,6529,40.44047546386719,-79.99967956542969
1629679158,4209010,64,0,6540,40.450103759765625,-79.92875671386719
1629679176,9728010,75,0,6144,40.42824172973633,-79.97179412841797
1629679175,6352010,79,0,6542,40.47414016723633,-79.86489868164062
1629679179,1878010,G2,0,6421,40.445098876953125,-80.06582641601562
1629679181,11615010,79,0,6268,40.463645935058594,-79.86564636230469
1629679173,5229010,61D,0,3305,40.410945892333984,-79.91030883789062
1629679152,4376010,54,0,6414,40.45383071899414,-80.00933837890625
1629679171,3847010,59,0,6535,40.365169525146484,-79.85924530029297
1629679169,4760010,86,0,6139,40.4498405456543,-79.89170837402344
1629679177,9328010,69,0,5722,40.3896598815918,-79.76691436767578
1629679162,1181010,31,0,6415,40.415828704833984,-80.07052612304688
1629679175,3843010,54,0,5603,40.428550720214844,-79.97601318359375
1629679161,11977010,88,0,6153,40.46023941040039,-79.92140197753906
1629679178,11621010,55,0,6034,40.343528747558594,-79.94480895996094
1629679176,4065010,61A,0,6432,40.41377258300781,-79.85322570800781
1629679178,12953010,12,0,6313,40.54970932006836,-80.01824951171875
1629679164,6419010,61A,0,6434,40.4379997253418,-79.9195785522461
1629679178,7509010,64,0,6555,40.4109001159668,-79.90691375732422
1629679161,-560540699,88,1,6272,40.443790435791016,-79.99394989013672
1629679183,2689010,71B,0,6271,40.43671417236328,-79.96963500976562
1629679153,12123010,61D,0,3314,40.439327239990234,-79.99689483642578
1629679167,11986010,P68,0,6545,40.43101501464844,-79.794921875
1629679167,6467010,75,0,6548,40.478179931640625,-79.92912292480469
1629679157,6773010,71D,0,6547,40.44189453125,-79.95828247070312
1629679171,8401010,14,0,6308,40.44759750366211,-80.0199203491211
1629679174,5903010,P68,0,6549,40.427242279052734,-79.79725646972656
1629679170,237010,56,0,6443,40.346717834472656,-79.82974243164062
1629679157,10706010,14,0,5905,40.591880798339844,-80.22744750976562
1629679181,1932010,12,0,5906,40.46380615234375,-79.9990463256836
1629679173,7642010,28X,0,3327,40.43120193481445,-80.13736724853516
1629679176,9914010,12,0,5909,40.57197189331055,-80.01747131347656
1629679178,8839010,28X,0,3323,40.43783187866211,-79.96411895751953
1629679163,13051010,75,0,6556,40.489959716796875,-79.87052154541016
1629679179,11369010,82,0,6450,40.442684173583984,-79.98724365234375
1629679162,10671010,16,0,6212,40.4421272277832,-80.00102996826172
1629679156,1087010,86,0,6456,40.45149230957031,-79.98194122314453
1629679175,10389010,P1,0,3340,40.441200256347656,-79.995361328125
1629679151,8123010,61C,0,6447,40.3849983215332,-79.86466217041016
1629679170,737010,24,0,6325,40.46562194824219,-80.06169128417969
1629679163,14241010,55,0,6446,40.325218200683594,-79.89247131347656
1629679174,6990010,88,0,6449,40.456809997558594,-79.91353607177734
1629679168,5307010,40,0,1717,40.42384338378906,-80.0058822631836
1629679171,6059010,6,0,6605,40.44601821899414,-79.98908996582031
1629679178,-278740760,13,1,6604,40.50263595581055,-80.05435180664062
1629679181,10928010,1,0,6606,40.48582077026367,-79.95951080322266
1629679158,1570010,71C,0,6463,40.45242691040039,-79.9502944946289
1629679168,11402010,28X,0,6462,40.45769119262695,-79.9143295288086
1629679169,6110010,54,0,6101,40.42610549926758,-79.98081970214844
1629679175,1079010,Y46,0,6343,40.273040771484375,-79.88570404052734
1629679177,4066010,13,0,6104,40.47261428833008,-80.03766632080078
1629679171,4790010,51,0,6621,40.4107666015625,-79.99017333984375
1629679181,5262010,12,0,5807,40.52581024169922,-80.00559997558594
1629679163,6892010,43,0,1720,40.43008041381836,-80.00015258789062
1629679173,4015010,Y46,0,6337,40.4310188293457,-80.00201416015625
1629679158,674010,48,0,6217,40.423828125,-79.96898651123047
1629679175,1894010,57,0,6338,40.40684127807617,-79.91334533691406
1629679167,3034010,21,0,6219,40.44231033325195,-80.00411224365234
1629679179,1151010,48,0,6615,40.42359161376953,-79.96836853027344
1629679158,8801010,44,0,1724,40.44601821899414,-79.98921203613281
1629680725,11593010,G2,0,6110,40.4423942565918,-80.00003814697266
1629680741,2090010,55,0,6355,40.38594055175781,-79.82133483886719
1629680742,7085010,1,0,6510,40.54176712036133,-79.77595520019531
1629680720,1190010,61A,0,6631,40.41377258300781,-79.85314178466797
1629680735,3792010,91,0,6509,40.48645782470703,-79.94267272949219
1629680740,3813010,56,0,6623,40.37934494018555,-79.92481231689453
1629680737,13444010,16,0,6105,40.441200256347656,-80.00337982177734
1629680734,10081010,8,0,6501,40.5169677734375,-80.03549194335938
1629680731,1167010,12,0,6503,40.57335662841797,-80.01213073730469
1629680741,5611010,17,0,6506,40.477272033691406,-80.03349304199219
1629680735,8422010,81,0,6626,40.444271087646484,-79.97904205322266
1629680743,2951010,17,0,6507,40.479713439941406,-80.03427124023438
1629680716,3603010,71B,0,6361,40.457515716552734,-79.9251708984375
1629680716,4289010,28X,0,6641,40.45232009887695,-80.05252075195312
1629680738,11114010,82,0,6642,40.44110870361328,-79.98580932617188
1629680741,9274010,86,0,6367,40.45882034301758,-79.94374084472656
1629680731,5351010,61C,0,3252,40.44377517700195,-79.95124053955078
1629680737,13460010,61C,0,3251,40.4077262878418,-79.90943908691406
1629680738,10191010,61D,0,3248,40.44242858886719,-79.99990844726562
1629680721,9901010,71A,0,6637,40.4448127746582,-79.95425415039062
1629680736,9564010,71D,0,5945,40.440216064453125,-79.99437713623047
1629680734,14491010,24,0,6519,40.46788024902344,-80.09716033935547
1629680730,14275010,57,0,6133,40.42745590209961,-79.95538330078125
1629680717,13948010,P68,0,6651,40.414058685302734,-79.85552215576172
1629680739,3716010,77,0,6653,40.46062088012695,-79.87284088134766
1629680732,4071010,P1,0,3416,40.44390869140625,-79.99220275878906
1629680744,14641010,71A,0,3414,40.45503234863281,-79.94146728515625
1629680718,13723010,71C,0,6644,40.44240188598633,-79.9999008178711
1629680736,5871010,8,0,6402,40.44709777832031,-79.99994659423828
1629680743,14657010,86,0,6369,40.45011520385742,-79.89222717285156
1629680740,8679010,59,0,6526,40.41606903076172,-79.88555145263672
1629680720,10156010,61A,0,6525,40.44208908081055,-80.00117492675781
1629680744,13575010,51,0,6528,40.383262634277344,-79.97706604003906
1629680730,12946010,61B,0,6529,40.43802261352539,-79.92200469970703
1629680741,7157010,41,0,6023,40.34920883178711,-80.10366821289062
1629680719,13789010,64,0,6540,40.46244430541992,-79.94671630859375
1629680740,10262010,75,0,6144,40.45623779296875,-79.93059539794922
1629680731,6352010,79,0,6542,40.44924545288086,-79.89116668701172
1629680728,8320010,16,0,6302,40.503868103027344,-80.07485961914062
1629680724,12402010,82,0,6268,40.45994567871094,-79.92784118652344
1629680733,13094010,61D,0,3305,40.412166595458984,-79.90819549560547
1629680744,1356010,54,0,6414,40.45573043823242,-79.97274017333984
1629680733,3847010,59,0,6535,40.352237701416016,-79.9037094116211
1629680740,2886010,71C,0,6139,40.44599914550781,-79.89173126220703
1629680741,2735010,69,0,5722,40.40085220336914,-79.8165283203125
1629680737,6040010,31,0,6415,40.443599700927734,-79.99549865722656
1629680727,3843010,54,0,5603,40.420982360839844,-80.00587463378906
1629680728,5212010,88,0,6153,40.44245147705078,-79.99971771240234
1629680737,11621010,55,0,6034,40.314361572265625,-79.91699981689453
1629680739,4065010,61A,0,6432,40.439571380615234,-79.88068389892578
1629680706,4974010,64,0,6555,40.412376403808594,-79.90827941894531
1629680718,-560540699,88,1,6272,40.457725524902344,-79.9142837524414
1629680718,6962010,71B,0,6271,40.44084930419922,-79.95960235595703
1629680730,12123010,61D,0,3314,40.4379997253418,-79.92334747314453
1629680721,11986010,P68,0,6545,40.41010284423828,-79.8514175415039
1629680738,6773010,71D,0,6547,40.44985580444336,-79.89168548583984
1629680741,1230010,14,0,6308,40.50885009765625,-80.0907974243164
1629680711,5757010,56,0,6440,40.349361419677734,-79.87972259521484
1629680734,13997010,14,0,5905,40.54124450683594,-80.18164825439453
1629680719,1932010,12,0,5906,40.553653717041016,-80.01632690429688
1629680724,14156010,28X,0,3327,40.47303009033203,-80.2493667602539
1629680732,9914010,12,0,5909,40.54441833496094,-80.01029205322266
1629680743,8839010,28X,0,3323,40.45240783691406,-80.05176544189453
1629680742,7639010,75,0,6556,40.45928955078125,-79.92179870605469
1629680738,1687010,27,0,6317,40.453216552734375,-80.07786560058594
1629680726,11369010,82,0,6450,40.47328567504883,-79.88814544677734
1629680739,10671010,16,0,6212,40.49527359008789,-80.05497741699219
1629680452,8857010,86,0,6456,40.46513748168945,-79.95133972167969
1629680738,10389010,P1,0,3340,40.41514205932617,-79.87952423095703
1629680721,8123010,61C,0,6447,40.43781661987305,-79.93112182617188
1629680743,5045010,24,0,6325,40.44377899169922,-80.02716064453125
1629680721,14241010,55,0,6446,40.332069396972656,-79.92619323730469
1629680731,3199010,88,0,6449,40.45425033569336,-79.912109375
1629680737,11650010,40,0,1717,40.4287109375,-80.00776672363281
1629680741,6601010,6,0,6605,40.461181640625,-79.99327850341797
1629680717,-1762822975,13,1,6604,40.517539978027344,-80.0368881225586
1629680733,7249010,1,0,6606,40.446189880371094,-79.98867797851562
1629680742,6816010,28X,0,6462,40.446285247802734,-79.95218658447266
1629680744,6110010,54,0,6101,40.463279724121094,-79.95458221435547
1629680720,4353010,Y46,0,6343,40.278141021728516,-79.88804626464844
1629680723,7198010,13,0,6104,40.44520950317383,-79.99906921386719
1629680733,8909010,51,0,6621,40.441593170166016,-79.99826049804688
1629680742,10711010,21,0,6224,40.516334533691406,-80.1612777709961
1629680727,3635010,12,0,5807,40.455780029296875,-80.00250244140625
1629680740,5390010,43,0,1720,40.42098617553711,-80.00569152832031
1629680735,4958010,Y46,0,6337,40.378448486328125,-79.9921875
1629680733,9635010,48,0,6217,40.421077728271484,-80.00546264648438
1629680722,7817010,21,0,6219,40.499786376953125,-80.09637451171875
1629680733,6448010,48,0,6615,40.43175506591797,-80.0031509399414
1629680737,11699010,44,0,1724,40.42043685913086,-79.99736022949219
1629680738,1727010,83,0,6617,40.428794860839844,-79.97760009765625
1629682270,11593010,G2,0,6110,40.44388198852539,-80.02742767333984
1629682265,2090010,55,0,6355,40.33784103393555,-79.88941955566406
1629682239,5805010,61B,0,6631,40.42472457885742,-79.89128875732422
1629682271,2165010,61C,0,3244,40.40901184082031,-79.90420532226562
1629682259,5552010,91,0,6509,40.494468688964844,-79.88935852050781
1629682270,3813010,56,0,6623,40.34443283081055,-79.8262710571289
1629682265,13444010,16,0,6105,40.49249267578125,-80.04935455322266
1629682265,9841010,8,0,6501,40.47639846801758,-80.01239013671875
1629682243,1167010,12,0,6503,40.54580307006836,-80.00559997558594
1629682270,3685010,81,0,6626,40.44063949584961,-79.97825622558594
1629682252,8109010,17,0,6507,40.442222595214844,-80.0008773803711
1629682261,11052010,71B,0,6361,40.44007873535156,-79.99862670898438
1629682271,12176010,16,0,6001,40.503868103027344,-80.07485961914062
1629682258,4289010,28X,0,6641,40.44906997680664,-79.93207550048828
1629682273,8113010,82,0,6642,40.44877243041992,-79.95797729492188
1629682253,7365010,86,0,6367,40.450374603271484,-79.98355865478516
1629682251,5351010,61C,0,3252,40.38542175292969,-79.86392974853516
1629682269,767010,61D,0,3248,40.437992095947266,-79.92798614501953
1629682250,2342010,71A,0,6637,40.43741989135742,-79.97952270507812
1629682239,5796010,71D,0,5945,40.447200775146484,-79.94552612304688
1629682266,14491010,24,0,6519,40.44231414794922,-80.00411224365234
1629682264,10212010,57,0,6133,40.41107940673828,-79.94557189941406
1629682243,13948010,P68,0,6651,40.431209564208984,-79.799072265625
1629682246,4764010,28X,0,6258,40.44557189941406,-79.95147705078125
1629682256,12721010,P1,0,3416,40.41511917114258,-79.8795394897461
1629682234,12320010,51,0,6524,40.43986129760742,-80.0009536743164
1629682272,3301010,71C,0,6644,40.451698303222656,-79.951904296875
1629682264,5871010,8,0,6402,40.51836395263672,-80.02777862548828
1629682257,14657010,86,0,6369,40.46200180053711,-79.94454956054688
1629682261,8679010,59,0,6526,40.396549224853516,-79.83843994140625
1629682266,12344010,61A,0,6525,40.43802261352539,-79.9220199584961
1629682259,11230010,75,0,6649,40.486236572265625,-79.92611694335938
1629682255,7157010,41,0,6023,40.39743423461914,-80.02877044677734
1629682243,13789010,64,0,6540,40.430564880371094,-79.92338562011719
1629682242,9740010,71D,0,6542,40.453617095947266,-79.91526794433594
1629682258,8320010,16,0,6302,40.443946838378906,-79.99842834472656
1629682268,9855010,82,0,6268,40.44276428222656,-79.99088287353516
1629682259,13094010,61D,0,3305,40.44224548339844,-79.93721008300781
1629682265,1356010,54,0,6414,40.43691635131836,-79.96591186523438
1629682263,2886010,71C,0,6139,40.441795349121094,-79.95848083496094
1629682270,2735010,69,0,5722,40.457435607910156,-79.91471099853516
1629682252,6040010,31,0,6415,40.443363189697266,-80.02620697021484
1629682269,10170010,54,0,5603,40.42634201049805,-79.98079681396484
1629682244,5212010,88,0,6153,40.46077346801758,-79.92301940917969
1629682252,11621010,55,0,6034,40.351837158203125,-79.86189270019531
1629682260,4065010,61A,0,6432,40.437435150146484,-79.97187042236328
1629682263,12645010,71A,0,6552,40.47891616821289,-79.9190902709961
1629682263,4974010,64,0,6555,40.45165252685547,-79.92033386230469
1629682248,-1365046035,88,1,6272,40.45667266845703,-79.91182708740234
1629682272,6962010,71B,0,6271,40.479061126708984,-79.91786193847656
1629682247,12123010,61D,0,3314,40.411354064941406,-79.90538024902344
1629682229,11986010,P68,0,6545,40.44975662231445,-79.98326873779297
1629682262,10316010,79,0,6547,40.460960388183594,-79.86630249023438
1629682270,1230010,14,0,6308,40.5922966003418,-80.23029327392578
1629682260,5757010,56,0,6440,40.42496871948242,-79.95274353027344
1629682263,13997010,14,0,5905,40.44721221923828,-80.02002716064453
1629682266,14156010,28X,0,3327,40.45246505737305,-80.05278778076172
1629682263,3931010,12,0,5909,40.44388961791992,-79.99848175048828
1629682244,8839010,28X,0,3323,40.48896408081055,-80.26275634765625
1629682254,7639010,75,0,6556,40.4228401184082,-79.9598617553711
1629682252,8904010,27,0,6317,40.442012786865234,-80.02249908447266
1629682272,5314010,82,0,6450,40.46024703979492,-79.92800903320312
1629682272,226010,55,0,6333,40.343379974365234,-79.91232299804688
1629682251,7689010,P1,0,3340,40.460693359375,-79.95887756347656
1629682247,12249010,61C,0,6447,40.44047546386719,-79.99967956542969
1629682273,14241010,55,0,6446,40.35523986816406,-79.93782806396484
1629682271,3199010,88,0,6449,40.44157409667969,-80.00218963623047
1629682259,11650010,40,0,1717,40.44442367553711,-79.9913330078125
1629682257,14320010,6,0,6605,40.45448303222656,-79.9954833984375
1629682266,-1762822975,13,1,6604,40.47071075439453,-80.03620147705078
1629682267,7249010,1,0,6606,40.49489974975586,-79.94597625732422
1629682262,6816010,28X,0,6462,40.4432258605957,-80.02555847167969
1629682255,6110010,54,0,6101,40.45355987548828,-80.00923919677734
1629682264,4353010,Y46,0,6343,40.3405876159668,-79.9643783569336
1629682273,7198010,13,0,6104,40.515079498291016,-80.0448226928711
1629682257,8909010,51,0,6621,40.39860153198242,-79.98870849609375
1629682271,10711010,21,0,6224,40.454315185546875,-80.04078674316406
1629682222,3635010,12,0,5807,40.55234146118164,-80.02023315429688
1629682257,5390010,43,0,1720,40.4390754699707,-80.00147247314453
1629682267,4958010,Y46,0,6337,40.28927230834961,-79.89065551757812
1629682261,9635010,48,0,6217,40.42821502685547,-79.97125244140625
1629682251,7817010,21,0,6219,40.537193298339844,-80.18476104736328
1629682263,6448010,48,0,6615,40.42102813720703,-80.00552368164062
1629682272,11458010,44,0,1724,40.4210090637207,-79.99957275390625
1629682266,1727010,83,0,6617,40.454315185546875,-79.96135711669922
1629683669,1431010,G2,0,6231,40.443458557128906,-80.02684783935547
1629683651,2090010,55,0,6355,40.31790542602539,-79.93295288085938
1629683672,5805010,61B,0,6631,40.43833923339844,-79.98019409179688
1629683671,2165010,61C,0,3244,40.44408416748047,-79.95008850097656
1629683654,5552010,91,0,6509,40.48186492919922,-79.9529800415039
1629683668,13444010,16,0,6105,40.503875732421875,-80.07490539550781
1629683668,8598010,8,0,6501,40.45153045654297,-80.00103759765625
1629683659,1167010,12,0,6503,40.46247863769531,-79.9989013671875
1629683660,8109010,17,0,6507,40.47019577026367,-80.03046417236328
1629683659,11052010,71B,0,6361,40.44970703125,-79.9300537109375
1629683674,12176010,16,0,6001,40.455657958984375,-80.0054702758789
1629683672,2725010,79,0,6642,40.46833038330078,-79.88520812988281
1629683666,7365010,86,0,6367,40.46011734008789,-79.91289520263672
1629683559,2342010,71A,0,6637,40.46522903442383,-79.92964172363281
1629683665,9083010,71D,0,5945,40.44985580444336,-79.89168548583984
1629683668,11543010,24,0,6519,40.46797180175781,-80.06745910644531
1629683674,10212010,57,0,6133,40.411163330078125,-79.9058837890625
1629683668,9594010,56,0,6530,40.35109329223633,-79.8650131225586
1629683654,4764010,28X,0,6258,40.44340133666992,-80.02604675292969
1629683669,1383010,P1,0,3416,40.45886993408203,-79.92547607421875
1629683649,14249010,51,0,6524,40.40939712524414,-79.99081420898438
1629683659,5203010,13,0,6402,40.517120361328125,-80.03868103027344
1629683674,3301010,71C,0,6644,40.4472770690918,-79.88907623291016
1629683646,3856010,86,0,6369,40.460731506347656,-79.96842956542969
1629683673,12344010,61A,0,6525,40.40437698364258,-79.86199188232422
1629683670,11230010,75,0,6649,40.44700622558594,-79.94828033447266
1629683657,14308010,51,0,6527,40.34794616699219,-79.94715118408203
1629683651,2184010,41,0,6023,40.43758773803711,-80.00032806396484
1629683671,9740010,71D,0,6542,40.44218826293945,-79.99964141845703
1629683654,5698010,16,0,6302,40.483890533447266,-80.03569030761719
1629683655,9855010,82,0,6268,40.46042251586914,-79.9133529663086
1629683664,10175010,61D,0,3305,40.43979263305664,-79.99725341796875
1629683665,4804010,71B,0,3423,40.451194763183594,-79.9258041381836
1629683656,1356010,54,0,6414,40.40880584716797,-79.9914779663086
1629683664,10142010,71C,0,6139,40.43753433227539,-79.98226928710938
1629683654,12603010,69,0,5722,40.399478912353516,-79.81526184082031
1629683646,10170010,54,0,5603,40.46268844604492,-79.9456558227539
1629683663,5212010,88,0,6153,40.45683670043945,-79.91353607177734
1629683670,11621010,55,0,6034,40.38820266723633,-79.82359313964844
1629683650,7718010,17,0,6311,40.478118896484375,-80.03376007080078
1629683653,3276010,61A,0,6432,40.43769836425781,-79.98580169677734
1629683665,12645010,71A,0,6552,40.442726135253906,-79.9571533203125
1629683673,1790010,81,0,6431,40.442359924316406,-79.9656982421875
1629683669,-1365046035,88,1,6272,40.46040725708008,-79.97049713134766
1629683658,9060010,61D,0,3314,40.404151916503906,-79.92027282714844
1629683651,6840010,82,0,6547,40.45761489868164,-79.91732025146484
1629683659,8641010,75,0,6549,40.49018859863281,-79.86991882324219
1629683673,11449010,56,0,6440,40.42647933959961,-79.95428466796875
1629683670,10991010,61A,0,6445,40.44062423706055,-79.88700103759766
1629683668,1261010,14,0,5905,40.44776916503906,-80.02033233642578
1629683670,14156010,28X,0,3327,40.44358444213867,-79.95198059082031
1629683669,3931010,12,0,5909,40.5454216003418,-80.01900482177734
1629683655,14381010,28X,0,3323,40.4481315612793,-80.16260528564453
1629683669,8995010,75,0,6556,40.454410552978516,-79.93318939208984
1629683664,8904010,27,0,6317,40.45897674560547,-80.07721710205078
1629683663,5456010,82,0,6450,40.44186019897461,-80.00206756591797
1629683675,226010,55,0,6333,40.33168411254883,-79.93019104003906
1629683664,12754010,71C,0,6456,40.463226318359375,-79.9297866821289
1629683663,12732010,P1,0,3340,40.450157165527344,-79.89252471923828
1629683662,12249010,61C,0,6447,40.43054962158203,-79.92338562011719
1629683648,13430010,88,0,6449,40.461002349853516,-79.92363739013672
1629683666,10897010,40,0,1717,40.442955017089844,-79.99671936035156
1629683661,14320010,6,0,6605,40.445980072021484,-79.98917388916016
1629683657,-1186840595,13,1,6604,40.44242858886719,-79.99990844726562
1629683661,7249010,1,0,6606,40.529422760009766,-79.84993743896484
1629683658,6816010,28X,0,6462,40.46037673950195,-80.19140625
1629683666,11709010,54,0,6101,40.461334228515625,-79.96908569335938
1629683665,4353010,Y46,0,6343,40.43105697631836,-80.00198364257812
1629683671,8909010,51,0,6621,40.3485107421875,-79.94380950927734
1629683658,2674010,8,0,6104,40.5169792175293,-80.03865814208984
1629683671,11381010,21,0,6224,40.46384048461914,-80.05528259277344
1629683670,995010,91,0,5806,40.495506286621094,-79.9380874633789
1629683671,3635010,12,0,5807,40.58535385131836,-80.03753662109375
1629683670,11596010,43,0,1720,40.42082595825195,-80.0046157836914
1629683667,6600010,48,0,6217,40.431663513183594,-80.00296783447266
1629683652,8651010,57,0,6616,40.40642547607422,-79.91268157958984
1629683647,10770010,48,0,6615,40.421077728271484,-80.00546264648438
1629683663,13714010,83,0,6617,40.442806243896484,-79.99850463867188
1629684641,8483010,G2,0,6231,40.44171142578125,-80.00264739990234
1629684649,2090010,55,0,6355,40.34638977050781,-79.94991302490234
1629684643,11115010,61B,0,6631,40.437129974365234,-79.97371673583984
1629684651,2165010,61C,0,3244,40.44142150878906,-79.99748992919922
1629684602,5552010,91,0,6509,40.44334411621094,-79.9998779296875
1629684655,5155010,16,0,6105,40.493507385253906,-80.05139923095703
1629684643,8598010,8,0,6501,40.45153045654297,-80.00103759765625
1629684656,8110010,12,0,6503,40.460731506347656,-79.9990005493164
1629684629,5408010,Y46,0,6627,40.27307891845703,-79.88565063476562
1629684646,8109010,17,0,6507,40.499759674072266,-80.02848815917969
1629684611,1931010,83,0,6628,40.42888641357422,-79.98860168457031
1629684649,9475010,16,0,6001,40.45592498779297,-80.0044174194336
1629684649,4505010,28X,0,6643,40.43851089477539,-79.96289825439453
1629684641,2725010,79,0,6642,40.454708099365234,-79.874267578125
1629684644,151010,79,0,6367,40.45004653930664,-79.89181518554688
1629684633,7928010,71A,0,6637,40.47891616821289,-79.9190902709961
1629684653,9083010,71D,0,5945,40.45378875732422,-79.91410064697266
1629684635,11543010,24,0,6519,40.46598815917969,-80.1361312866211
1629684652,5040010,64,0,6133,40.41132354736328,-79.90898895263672
1629684648,13174010,61B,0,6531,40.415950775146484,-79.8847885131836
1629684641,9594010,56,0,6530,40.356380462646484,-79.9113998413086
1629684617,4764010,28X,0,6258,40.43719482421875,-80.14935302734375
1629684632,8547010,P1,0,3416,40.45934295654297,-79.96648406982422
1629684653,14249010,51,0,6524,40.34834671020508,-79.9747314453125
1629684650,5203010,13,0,6402,40.490848541259766,-80.04828643798828
1629684642,3856010,86,0,6369,40.45926284790039,-79.91609191894531
1629684637,5800010,91,0,6006,40.44319152832031,-79.99703216552734
1629684631,11230010,75,0,6649,40.42887878417969,-79.98228454589844
1629684652,14308010,51,0,6527,40.3889274597168,-79.98521423339844
1629684639,2184010,41,0,6023,40.385047912597656,-80.05294036865234
1629684646,2946010,71D,0,6542,40.44260025024414,-79.95732116699219
1629684655,5698010,16,0,6302,40.503883361816406,-80.07487487792969
1629684651,10175010,61D,0,3305,40.4444694519043,-79.94776153564453
1629684647,4804010,71B,0,3423,40.43840408325195,-79.98162841796875
1629684636,11591010,54,0,6414,40.40879821777344,-79.991455078125
1629684638,10142010,71C,0,6139,40.454185485839844,-79.94434356689453
1629684652,12603010,69,0,5722,40.3889045715332,-79.7662353515625
1629684653,10170010,54,0,5603,40.45597839355469,-80.00414276123047
1629684639,5943010,88,0,6153,40.46250915527344,-79.92780303955078
1629684649,10926010,55,0,6034,40.38246154785156,-79.8280029296875
1629684645,7718010,17,0,6311,40.45589065551758,-80.0165023803711
1629684656,3276010,61A,0,6432,40.437984466552734,-79.92798614501953
1629684654,3970010,71A,0,6552,40.4395866394043,-79.99658966064453
1629684648,1790010,81,0,6431,40.44001007080078,-79.99398803710938
1629684648,-1840766712,88,1,6272,40.448699951171875,-79.98612976074219
1629684654,9060010,61D,0,3314,40.43806076049805,-79.92443084716797
1629684642,6840010,82,0,6547,40.44514465332031,-79.97697448730469
1629684642,8641010,75,0,6549,40.47935485839844,-79.92974090576172
1629684656,11449010,56,0,6440,40.356231689453125,-79.91158294677734
1629684655,10991010,61A,0,6445,40.44407653808594,-79.95010375976562
1629684633,1261010,14,0,5905,40.51806640625,-80.1317138671875
1629684633,14156010,28X,0,3327,40.45681381225586,-79.91187286376953
1629684636,3931010,12,0,5909,40.551551818847656,-80.01566314697266
1629684656,14381010,28X,0,3323,40.44755554199219,-80.03266143798828
1629684649,8564010,27,0,6317,40.44768142700195,-80.0731430053711
1629684641,5456010,82,0,6450,40.45314025878906,-79.9478988647461
1629684650,226010,55,0,6333,40.29447555541992,-79.87460327148438
1629684468,12754010,71C,0,6456,40.446842193603516,-79.94985961914062
1629684633,1174010,P1,0,3340,40.41500473022461,-79.87850189208984
1629684652,12249010,61C,0,6447,40.38543701171875,-79.8642578125
1629684651,5812010,44,0,1718,40.4336051940918,-80.00296783447266
1629684656,13430010,88,0,6449,40.45696258544922,-79.91372680664062
1629684655,10897010,40,0,1717,40.431880950927734,-80.0147705078125
1629684651,13005010,6,0,6605,40.44932174682617,-80.0008544921875
1629684641,-1186840595,13,1,6604,40.45899963378906,-80.02030181884766
1629684655,7249010,1,0,6606,40.56489944458008,-79.7662124633789
1629684644,649010,28X,0,6462,40.461673736572266,-80.19275665283203
1629684650,11709010,54,0,6101,40.44310760498047,-79.95662689208984
1629684645,10585010,Y46,0,6343,40.4117317199707,-80.00849914550781
1629684646,3264010,51,0,6621,40.36122512817383,-79.92914581298828
1629684648,2674010,8,0,6104,40.487239837646484,-80.01627349853516
1629684649,11381010,21,0,6224,40.514095306396484,-80.1387939453125
1629684632,8029010,91,0,5806,40.49470901489258,-79.88639831542969
1629684638,1692010,43,0,1720,40.41967010498047,-80.00897216796875
1629684638,5469010,64,0,6457,40.45279312133789,-79.92137908935547
1629684648,6600010,48,0,6217,40.41766357421875,-79.9821548461914
1629684641,8651010,57,0,6616,40.43115234375,-79.9592056274414
1629684633,5669010,21,0,6219,40.50943374633789,-80.12203216552734
1629684654,10770010,48,0,6615,40.426116943359375,-79.9690170288086
1629684653,13714010,83,0,6617,40.45349884033203,-79.96072387695312
1629685476,8483010,G2,0,6231,40.443660736083984,-80.06608581542969
1629685461,2090010,55,0,6355,40.34355163574219,-79.92036437988281
1629685465,11115010,61B,0,6631,40.438377380371094,-79.90442657470703
1629685474,7739010,61C,0,3244,40.43770217895508,-79.98583984375
1629685475,12468010,61C,0,6623,40.41377639770508,-79.92271423339844
1629685457,5155010,16,0,6105,40.4543342590332,-80.01251220703125
1629685475,8598010,8,0,6501,40.4559326171875,-80.00254821777344
1629685474,8110010,12,0,6503,40.54327392578125,-80.01387023925781
1629685466,5408010,Y46,0,6627,40.28851318359375,-79.89651489257812
1629685453,8109010,17,0,6507,40.50141143798828,-80.02156829833984
1629685453,1931010,83,0,6628,40.44561767578125,-79.95314025878906
1629685475,9475010,16,0,6001,40.488319396972656,-80.04605865478516
1629685478,4505010,28X,0,6643,40.441131591796875,-80.00659942626953
1629685472,2725010,79,0,6642,40.44443130493164,-79.8759765625
1629685470,151010,79,0,6367,40.44590377807617,-79.87168884277344
1629685478,7928010,71A,0,6637,40.4569206237793,-79.93516540527344
1629685444,9083010,71D,0,5945,40.443111419677734,-79.95661926269531
1629685474,5040010,64,0,6133,40.427978515625,-79.92527770996094
1629685474,13174010,61B,0,6531,40.43807601928711,-79.91883850097656
1629685463,9594010,56,0,6530,40.409690856933594,-79.94400787353516
1629685479,4764010,28X,0,6258,40.49501419067383,-80.25572204589844
1629685468,8547010,P1,0,3416,40.415218353271484,-79.8787841796875
1629685469,14249010,51,0,6524,40.36159896850586,-79.93083190917969
1629685467,5203010,13,0,6402,40.45433044433594,-80.01251983642578
1629685454,3856010,86,0,6369,40.444252014160156,-79.8858413696289
1629685475,5800010,91,0,6006,40.470211029052734,-79.96062469482422
1629685451,4590010,75,0,6649,40.428836822509766,-79.98408508300781
1629685466,14308010,51,0,6527,40.42850112915039,-79.98057556152344
1629685459,2184010,41,0,6023,40.36673355102539,-80.08634185791016
1629685475,2946010,71D,0,6542,40.456485748291016,-79.90576934814453
1629685452,5698010,16,0,6302,40.503883361816406,-80.07487487792969
1629685472,10175010,61D,0,3305,40.42767333984375,-79.92604064941406
1629685468,4567010,71B,0,3423,40.44075393676758,-79.99549865722656
1629685451,11591010,54,0,6414,40.43550491333008,-79.97299194335938
1629685476,10142010,71C,0,6139,40.44981384277344,-79.90320587158203
1629685474,8876010,69,0,5722,40.393253326416016,-79.80892181396484
1629685465,5943010,88,0,6153,40.45863342285156,-79.97305297851562
1629685468,10926010,55,0,6034,40.33729934692383,-79.86302947998047
1629685479,13765010,17,0,6311,40.442378997802734,-80.00003814697266
1629685480,3276010,61A,0,6432,40.43478012084961,-79.88285064697266
1629685470,3970010,71A,0,6552,40.44354248046875,-79.9559555053711
1629685474,5283010,81,0,6431,40.44263458251953,-79.98355865478516
1629685457,-1840766712,88,1,6272,40.464637756347656,-79.93721008300781
1629685469,9060010,61D,0,3314,40.44007873535156,-79.96077728271484
1629685466,7105010,82,0,6548,40.46049880981445,-79.91282653808594
1629685459,6944010,82,0,6547,40.44292068481445,-79.9970474243164
1629685472,8641010,75,0,6549,40.454795837402344,-79.93246459960938
1629685455,11449010,56,0,6440,40.35280990600586,-79.8440170288086
1629685450,10991010,61A,0,6445,40.440635681152344,-79.99556732177734
1629685473,1261010,14,0,5905,40.56958770751953,-80.21397399902344
1629685479,14373010,28X,0,3327,40.44461441040039,-79.9430160522461
1629685465,3931010,12,0,5909,40.58631896972656,-80.04192352294922
1629685455,14381010,28X,0,3323,40.437557220458984,-79.99974060058594
1629685480,8564010,27,0,6317,40.44245529174805,-80.05108642578125
1629685467,5456010,82,0,6450,40.46355056762695,-79.90327453613281
1629685467,226010,55,0,6333,40.35002899169922,-79.87161254882812
1629685474,12754010,71C,0,6456,40.44159698486328,-79.99812316894531
1629685460,1174010,P1,0,3340,40.46004104614258,-79.919189453125
1629685479,5812010,44,0,1718,40.41667938232422,-79.99955749511719
1629685455,13430010,88,0,6449,40.45696258544922,-79.91372680664062
1629685468,8520010,40,0,1717,40.43082046508789,-80.0098876953125
1629685468,13005010,6,0,6605,40.473411560058594,-80.00289154052734
1629685478,-1186840595,13,1,6604,40.49781799316406,-80.05052185058594
1629685454,649010,28X,0,6462,40.41481399536133,-80.08338165283203
1629685476,11709010,54,0,6101,40.4288215637207,-79.98079681396484
1629685475,10585010,Y46,0,6343,40.34346008300781,-79.9701919555664
1629685465,3264010,51,0,6621,40.34210968017578,-79.96611785888672
1629685475,2674010,8,0,6104,40.4537353515625,-80.00182342529297
1629685459,11381010,21,0,6224,40.50395965576172,-80.2262191772461
1629685452,8029010,91,0,5806,40.494571685791016,-79.88916778564453
1629685461,1692010,43,0,1720,40.4306755065918,-80.00115203857422
1629685471,5469010,64,0,6457,40.427494049072266,-79.92623901367188
1629685479,11555010,57,0,6616,40.43518829345703,-79.99349975585938
1629685473,5669010,21,0,6219,40.472564697265625,-80.0617904663086
1629685476,10770010,48,0,6615,40.4318962097168,-80.00331115722656
1629685464,13714010,83,0,6617,40.43746566772461,-79.97197723388672
1629686239,8483010,G2,0,6231,40.4056282043457,-80.09070587158203
1629686239,11115010,61B,0,6631,40.406593322753906,-79.87432861328125
1629686245,7739010,61C,0,3244,40.43989181518555,-79.93505096435547
1629686237,12468010,61C,0,6623,40.444610595703125,-79.9443359375
1629686238,12588010,16,0,6105,40.44580841064453,-79.9992904663086
1629686234,318010,61A,0,6622,40.4204216003418,-79.88504028320312
1629686243,8598010,8,0,6501,40.496036529541016,-80.02009582519531
1629686231,8110010,12,0,6503,40.55070114135742,-80.01949310302734
1629686236,5408010,Y46,0,6627,40.31778335571289,-79.94073486328125
1629686241,2459010,17,0,6507,40.49961853027344,-80.02864074707031
1629686238,1931010,83,0,6628,40.454158782958984,-79.96015930175781
1629686218,9475010,16,0,6001,40.5035285949707,-80.07418823242188
1629686220,4505010,28X,0,6643,40.42556381225586,-80.07335662841797
1629686243,151010,79,0,6367,40.45527648925781,-79.8637466430664
1629686239,530010,86,0,6642,40.44853210449219,-79.88394165039062
1629686229,7928010,71A,0,6637,40.440425872802734,-79.96031951904297
1629686244,9083010,71D,0,5945,40.44187545776367,-80.00201416015625
1629686245,5040010,64,0,6133,40.45198059082031,-79.93092346191406
1629686240,13174010,61B,0,6531,40.44131851196289,-79.95909118652344
1629686224,9594010,56,0,6530,40.437644958496094,-79.9996566772461
1629686186,4657010,28X,0,6258,40.498844146728516,-80.2655029296875
1629686190,8547010,P1,0,3416,40.41514205932617,-79.8794937133789
1629686224,14249010,51,0,6524,40.36250686645508,-79.92940521240234
1629686237,10432010,13,0,6402,40.44337463378906,-80.0046615600586
1629686245,196010,71C,0,6644,40.440834045410156,-79.89034271240234
1629686233,3856010,86,0,6369,40.45002365112305,-79.89179229736328
1629686225,5800010,91,0,6006,40.48868179321289,-79.90055847167969
1629686245,14308010,51,0,6527,40.44181442260742,-79.99877166748047
1629686216,10516010,16,0,6302,40.503868103027344,-80.07485961914062
1629686227,4567010,71B,0,3423,40.441226959228516,-79.9590835571289
1629686217,11591010,54,0,6414,40.453712463378906,-79.9474868774414
1629686245,8876010,69,0,5722,40.403961181640625,-79.83809661865234
1629686241,513010,88,0,6153,40.44308853149414,-79.99771118164062
1629686239,10926010,55,0,6034,40.3253173828125,-79.89247131347656
1629686219,13765010,17,0,6311,40.45602798461914,-80.00392150878906
1629686239,3276010,61A,0,6432,40.40233612060547,-79.86136627197266
1629686245,3970010,71A,0,6552,40.45988082885742,-79.93287658691406
1629686232,5283010,81,0,6431,40.436912536621094,-79.9659194946289
1629686216,-77693393,88,1,6272,40.45745849609375,-79.9146957397461
1629686233,9060010,61D,0,3314,40.440670013427734,-79.99566650390625
1629686235,7105010,82,0,6548,40.45119857788086,-79.95447540283203
1629686245,6944010,82,0,6547,40.456809997558594,-79.93553161621094
1629686230,8641010,75,0,6549,40.437225341796875,-79.97114562988281
1629686238,13692010,61D,0,6443,40.41059112548828,-79.91117095947266
1629686243,11104010,61A,0,6445,40.43733215332031,-79.97856903076172
1629686236,14373010,28X,0,3327,40.439720153808594,-79.9942855834961
1629686243,13801010,27,0,6317,40.4415168762207,-80.00531768798828
1629686237,5532010,79,0,6450,40.471046447753906,-79.86119842529297
1629686243,4492010,54,0,6212,40.45201873779297,-80.00874328613281
1629686237,226010,55,0,6333,40.38328170776367,-79.82763671875
1629686108,3826010,71C,0,6456,40.437530517578125,-79.98223876953125
1629686242,13735010,P1,0,3340,40.441593170166016,-79.997314453125
1629686218,4558010,44,0,1718,40.414100646972656,-79.98783874511719
1629686229,12778010,88,0,6449,40.45772933959961,-79.91780090332031
1629686245,8520010,40,0,1717,40.43105697631836,-80.00198364257812
1629686245,5876010,6,0,6605,40.469791412353516,-79.99952697753906
1629686222,-1186840595,13,1,6604,40.51740264892578,-80.0367202758789
1629686231,649010,28X,0,6462,40.43276596069336,-80.0051040649414
1629686241,11709010,54,0,6101,40.421531677246094,-80.00373840332031
1629686244,10585010,Y46,0,6343,40.29261016845703,-79.89695739746094
1629686242,3264010,51,0,6621,40.3967170715332,-79.98768615722656
1629686222,8018010,8,0,6104,40.45599365234375,-80.00407409667969
1629686229,11381010,21,0,6224,40.5039176940918,-80.22479248046875
1629686219,8029010,91,0,5806,40.494720458984375,-79.92414855957031
1629686217,7521010,43,0,1720,40.43721008300781,-80.00057220458984
1629686219,5469010,64,0,6457,40.41136169433594,-79.90534210205078
1629686235,11555010,57,0,6616,40.40534973144531,-79.9369888305664
1629686214,5669010,21,0,6219,40.43849563598633,-80.01490020751953
1629686244,2233010,48,0,6615,40.43172836303711,-80.00309753417969
1629686242,13629010,81,0,6617,40.430419921875,-79.9771957397461
1629686798,9284010,G2,0,6231,40.407432556152344,-80.08973693847656
1629686814,7739010,61C,0,3244,40.42115020751953,-79.92864227294922
1629686806,12468010,61C,0,6623,40.43770980834961,-79.97274017333984
1629686823,12588010,16,0,6105,40.46326446533203,-80.02166748046875
1629686823,318010,61A,0,6622,40.439697265625,-79.89686584472656
1629686817,8110010,12,0,6503,40.57147216796875,-80.01630401611328
1629686802,5408010,Y46,0,6627,40.35691833496094,-79.98054504394531
1629686819,2459010,17,0,6507,40.475284576416016,-80.03218078613281
1629686800,1931010,83,0,6628,40.4405403137207,-79.99026489257812
1629686796,9475010,16,0,6001,40.50389099121094,-80.07483673095703
1629686823,10192010,71B,0,6641,40.45492935180664,-79.92535400390625
1629686805,4505010,28X,0,6643,40.45172119140625,-80.16266632080078
1629686803,151010,79,0,6367,40.475128173828125,-79.8674087524414
1629686806,530010,86,0,6642,40.460689544677734,-79.91458129882812
1629686804,7928010,71A,0,6637,40.44104766845703,-79.99665069580078
1629686815,11137010,71D,0,5945,40.43783187866211,-79.98867797851562
1629686821,5040010,64,0,6133,40.46498107910156,-79.95918273925781
1629686795,13174010,61B,0,6531,40.44060516357422,-79.99545288085938
1629686809,1270010,56,0,6530,40.434566497802734,-79.99092102050781
1629686802,4657010,28X,0,6258,40.45173263549805,-80.16197967529297
1629686795,6298010,P1,0,3416,40.419551849365234,-79.88646697998047
1629686820,4841010,51,0,6524,40.34370422363281,-79.94483184814453
1629686818,10432010,13,0,6402,40.45926284790039,-80.01644134521484
1629686813,196010,71C,0,6644,40.46118927001953,-79.92416381835938
1629686798,3898010,71D,0,6369,40.45002365112305,-79.89179229736328
1629686801,5800010,91,0,6006,40.494632720947266,-79.88591003417969
1629686810,11490010,51,0,6527,40.42879867553711,-79.98410034179688
1629686821,10516010,16,0,6302,40.48347854614258,-80.03555297851562
1629686819,4567010,71B,0,3423,40.44965744018555,-79.93022155761719
1629686824,11591010,54,0,6414,40.456695556640625,-79.96666717529297
1629686817,8876010,69,0,5722,40.444091796875,-79.88309478759766
1629686814,1834010,41,0,6415,40.37113952636719,-80.08820343017578
1629686823,513010,88,0,6153,40.46480178833008,-79.96028137207031
1629686823,10926010,55,0,6034,40.29279708862305,-79.88441467285156
1629686800,13765010,17,0,6311,40.45689392089844,-80.029296875
1629686819,3970010,71A,0,6552,40.478939056396484,-79.91911315917969
1629686803,5283010,81,0,6431,40.430274963378906,-79.9760971069336
1629686807,480010,57,0,6434,40.41378402709961,-79.9227294921875
1629686800,-77693393,88,1,6272,40.45745849609375,-79.9146957397461
1629686823,7183010,61D,0,3314,40.44007873535156,-79.99862670898438
1629686807,7105010,82,0,6548,40.43967056274414,-79.99754333496094
1629686820,6944010,82,0,6547,40.4639892578125,-79.90158081054688
1629686823,11261010,75,0,6549,40.42530059814453,-79.96440124511719
1629686797,13692010,61D,0,6443,40.40753173828125,-79.91422271728516
1629686808,11104010,61A,0,6445,40.4444694519043,-79.94776916503906
1629686806,14373010,28X,0,3327,40.444881439208984,-80.02898406982422
1629686820,13801010,27,0,6317,40.44274139404297,-80.05201721191406
1629686817,5532010,79,0,6450,40.452762603759766,-79.86676025390625
1629686821,4492010,54,0,6212,40.4517707824707,-79.98147583007812
1629686824,3826010,71C,0,6456,40.44747543334961,-79.94927978515625
1629686817,13735010,P1,0,3340,40.453460693359375,-79.93889617919922
1629686795,4558010,44,0,1718,40.42156219482422,-80.00345611572266
1629686816,12778010,88,0,6449,40.4652099609375,-79.95777893066406
1629686808,8520010,40,0,1717,40.443851470947266,-79.9945297241211
1629686803,5876010,6,0,6605,40.447265625,-80.00010681152344
1629686774,-578860369,8,1,6604,40.517539978027344,-80.0368881225586
1629686801,649010,28X,0,6462,40.4375114440918,-79.99954986572266
1629686799,10585010,Y46,0,6343,40.279029846191406,-79.88687133789062
1629686824,3264010,51,0,6621,40.428096771240234,-79.98062133789062
1629686812,8018010,8,0,6104,40.473876953125,-80.01039123535156
1629686800,11381010,21,0,6224,40.5039176940918,-80.22479248046875
1629686814,8029010,91,0,5806,40.47494888305664,-79.95768737792969
1629686820,7521010,43,0,1720,40.42564010620117,-79.99987030029297
1629686805,5469010,64,0,6457,40.4111328125,-79.90644073486328
1629686821,11555010,57,0,6616,40.40849304199219,-79.91240692138672
1629686804,5669010,21,0,6219,40.44076919555664,-80.00423431396484
1629686820,2233010,48,0,6615,40.42379379272461,-79.96885681152344
1629686817,13629010,81,0,6617,40.43675994873047,-79.97135925292969
1629687288,9284010,G2,0,6231,40.45232009887695,-80.05252075195312
1629687311,7739010,61C,0,3244,40.405765533447266,-79.88617706298828
1629687309,12468010,61C,0,6623,40.44173049926758,-79.99846649169922
1629687307,12588010,16,0,6105,40.48826599121094,-80.04391479492188
1629687294,318010,61A,0,6622,40.444637298583984,-79.94389343261719
1629687297,8110010,12,0,6503,40.58561325073242,-80.03850555419922
1629687308,5408010,Y46,0,6627,40.40306854248047,-80.00224304199219
1629687303,2459010,17,0,6507,40.45648956298828,-80.02713012695312
1629687297,1851010,83,0,6628,40.442787170410156,-79.99857330322266
1629687299,9475010,16,0,6001,40.50389099121094,-80.07483673095703
1629687292,10192010,71B,0,6641,40.446990966796875,-79.94850158691406
1629687308,4505010,28X,0,6643,40.487762451171875,-80.26410675048828
1629687307,9605010,82,0,6367,40.46833038330078,-79.89665222167969
1629687306,530010,86,0,6642,40.457244873046875,-79.9341049194336
1629687304,7994010,71A,0,6637,40.44002151489258,-79.99498748779297
1629687287,11137010,71D,0,5945,40.44088363647461,-79.95954895019531
1629687309,13647010,64,0,6133,40.46757125854492,-79.96373748779297
1629687295,4737010,61B,0,6531,40.44043731689453,-79.99515533447266
1629687312,1270010,56,0,6530,40.41524124145508,-79.94632720947266
1629687305,4657010,28X,0,6258,40.413211822509766,-80.08199310302734
1629687312,14088010,28X,0,6653,40.44849395751953,-79.93409729003906
1629687297,6298010,P1,0,3416,40.453460693359375,-79.93891906738281
1629687301,4841010,51,0,6524,40.34614944458008,-79.9571533203125
1629687299,10432010,13,0,6402,40.482662200927734,-80.0413818359375
1629687314,196010,71C,0,6644,40.45281219482422,-79.94904327392578
1629687307,3898010,71D,0,6369,40.45291519165039,-79.8899917602539
1629687309,6893010,91,0,6006,40.494632720947266,-79.88591003417969
1629687303,11490010,51,0,6527,40.41245651245117,-79.98939514160156
1629687305,10516010,16,0,6302,40.45409393310547,-80.01459503173828
1629687315,4567010,71B,0,3423,40.46581268310547,-79.9228286743164
1629687307,11591010,54,0,6414,40.45379638671875,-79.9990005493164
1629687286,8876010,69,0,5722,40.4499397277832,-79.89161682128906
1629687295,1834010,41,0,6415,40.38479232788086,-80.05406951904297
1629687306,513010,88,0,6153,40.46144485473633,-79.9249038696289
1629687307,10926010,55,0,6034,40.32249069213867,-79.92878723144531
1629687312,13765010,17,0,6311,40.48490905761719,-80.03608703613281
1629687301,1451010,61B,0,6432,40.404441833496094,-79.87051391601562
1629686850,3970010,71A,0,6552,40.478939056396484,-79.91911315917969
1629687294,5283010,81,0,6431,40.430274963378906,-79.9760971069336
1629687300,480010,57,0,6434,40.409950256347656,-79.944091796875
1629687291,-77693393,88,1,6272,40.45745849609375,-79.9146957397461
1629687312,7183010,61D,0,3314,40.437679290771484,-79.9854507446289
1629687302,8423010,82,0,6548,40.44252395629883,-79.9959945678711
1629687302,11261010,75,0,6549,40.44123077392578,-79.9590835571289
1629687306,13692010,61D,0,6443,40.43473815917969,-79.92282104492188
1629687308,11104010,61A,0,6445,40.4379997253418,-79.91302490234375
1629687301,14373010,28X,0,3327,40.41312026977539,-80.08106231689453
1629687313,13801010,27,0,6317,40.45861053466797,-80.0786361694336
1629687294,5532010,79,0,6450,40.44367218017578,-79.8870849609375
1629687311,4492010,54,0,6212,40.46353530883789,-79.95314025878906
1629687218,3826010,71C,0,6456,40.458404541015625,-79.93376922607422
1629687297,13735010,P1,0,3340,40.44300842285156,-79.88695526123047
1629687282,4558010,44,0,1718,40.434207916259766,-80.0025634765625
1629687314,12778010,88,0,6449,40.44553756713867,-79.99131774902344
1629687300,8520010,40,0,1717,40.445716857910156,-79.98970794677734
1629687305,-578860369,8,1,6604,40.51339340209961,-80.02560424804688
1629687303,649010,28X,0,6462,40.444793701171875,-79.94290924072266
1629687307,3264010,51,0,6621,40.430702209472656,-80.00086212158203
1629687315,8018010,8,0,6104,40.50669479370117,-80.02965545654297
1629687297,5481010,21,0,6224,40.52372360229492,-80.2159423828125
1629687300,8029010,91,0,5806,40.454002380371094,-79.97826385498047
1629687180,5469010,64,0,6457,40.4111328125,-79.90644073486328
1629687309,11555010,57,0,6616,40.411293029785156,-79.90568542480469
1629687304,11157010,21,0,6219,40.448890686035156,-80.03439331054688
1629687310,2233010,48,0,6615,40.420223236083984,-79.99083709716797
1629687312,13629010,81,0,6617,40.44316101074219,-79.95655822753906
1629687812,9284010,G2,0,6231,40.43802261352539,-80.0042953491211
1629687831,8278010,51,0,6355,40.36201858520508,-79.93187713623047
1629687832,7739010,61C,0,3244,40.371917724609375,-79.846435546875
1629687819,9555010,61C,0,6623,40.43804168701172,-79.994140625
1629687801,12588010,16,0,6105,40.50386047363281,-80.07465362548828
1629687832,318010,61A,0,6622,40.437461853027344,-79.97195434570312
1629687812,5408010,Y46,0,6627,40.43105697631836,-80.00198364257812
1629687827,2459010,17,0,6507,40.456172943115234,-80.00271606445312
1629687833,1851010,83,0,6628,40.44983673095703,-79.9744644165039
1629687800,2446010,16,0,6001,40.503868103027344,-80.07485961914062
1629687829,10192010,71B,0,6641,40.43851089477539,-79.98410034179688
1629687823,4505010,28X,0,6643,40.49637222290039,-80.25888061523438
1629687828,9605010,82,0,6367,40.459903717041016,-79.92781829833984
1629687827,530010,86,0,6642,40.45376968383789,-79.97859954833984
1629687831,7994010,71A,0,6637,40.43708419799805,-79.96568298339844
1629687826,11137010,71D,0,5945,40.44740676879883,-79.94263458251953
1629687816,13647010,64,0,6133,40.46143341064453,-79.94335174560547
1629687823,4737010,61B,0,6531,40.438350677490234,-79.96141052246094
1629687831,1270010,56,0,6530,40.37984848022461,-79.92587280273438
1629687827,4657010,28X,0,6258,40.44316864013672,-80.0259780883789
1629687833,14088010,28X,0,6653,40.441978454589844,-79.95819091796875
1629687818,2442010,P1,0,3416,40.44168472290039,-79.99761199951172
1629687829,4841010,51,0,6524,40.37201690673828,-79.97532653808594
1629687814,10432010,13,0,6402,40.50812911987305,-80.04703521728516
1629687819,196010,71C,0,6644,40.43721389770508,-79.97116088867188
1629687826,3898010,71D,0,6369,40.44966506958008,-79.93018341064453
1629687815,6893010,91,0,6006,40.49530029296875,-79.88893127441406
1629687819,11490010,51,0,6527,40.387718200683594,-79.98429107666016
1629687804,1346010,16,0,6302,40.4420051574707,-80.00151062011719
1629687805,4567010,71B,0,3423,40.479156494140625,-79.91891479492188
1629687829,11591010,54,0,6414,40.453094482421875,-80.00909423828125
1629687808,8876010,69,0,5722,40.4499397277832,-79.89161682128906
1629687826,1834010,41,0,6415,40.40530776977539,-80.0188217163086
1629687824,513010,88,0,6153,40.45682144165039,-79.9120101928711
1629687821,10926010,55,0,6034,40.330711364746094,-79.92447662353516
1629687805,13765010,17,0,6311,40.49689865112305,-80.01992797851562
1629687829,1451010,61B,0,6432,40.42696762084961,-79.8910903930664
1629687829,12539010,71A,0,6552,40.47891616821289,-79.9190902709961
1629687816,5283010,81,0,6431,40.430274963378906,-79.9760971069336
1629687804,480010,57,0,6434,40.434814453125,-79.9846420288086
1629687825,-77693393,88,1,6272,40.45623016357422,-79.91131591796875
1629687815,7183010,61D,0,3314,40.43944549560547,-79.95988464355469
1629687821,8423010,82,0,6548,40.448726654052734,-79.95804595947266
1629687819,2041010,6,0,6308,40.44615936279297,-79.98866271972656
1629687820,11261010,75,0,6549,40.45109176635742,-79.9420166015625
1629687820,13692010,61D,0,6443,40.44469451904297,-79.95109558105469
1629687832,11104010,61A,0,6445,40.43669128417969,-79.88060760498047
1629687813,14373010,28X,0,3327,40.45273208618164,-80.1650390625
1629687828,13801010,27,0,6317,40.440765380859375,-80.07154846191406
1629687830,5532010,79,0,6450,40.4498176574707,-79.89160919189453
1629687833,4492010,54,0,6212,40.46345901489258,-79.9522933959961
1629687392,3826010,71C,0,6456,40.4600830078125,-79.92129516601562
1629687812,13735010,P1,0,3340,40.41513442993164,-79.8795394897461
1629687832,4558010,44,0,1718,40.44386291503906,-79.99409484863281
1629687778,5445010,88,0,6449,40.4424934387207,-79.99952697753906
1629687817,6090010,40,0,1717,40.44563293457031,-79.98967742919922
1629687825,-578860369,8,1,6604,40.470977783203125,-80.00859069824219
1629687830,649010,28X,0,6462,40.454986572265625,-79.91134643554688
1629687821,3264010,51,0,6621,40.441646575927734,-79.99827575683594
1629687815,5481010,21,0,6224,40.51398849487305,-80.15352630615234
1629687816,4469010,91,0,5806,40.44167709350586,-80.00228118896484
1629687815,2520010,64,0,6457,40.41111373901367,-79.90643310546875
1629687832,11555010,57,0,6616,40.411293029785156,-79.90568542480469
1629687829,11157010,21,0,6219,40.47441864013672,-80.06414794921875
1629687820,13629010,81,0,6617,40.444183349609375,-79.97618865966797
1629688476,11556010,G2,0,6231,40.44297409057617,-79.99784088134766
1629688453,78010,51,0,6355,40.34858322143555,-79.9428482055664
1629688452,1453010,54,0,6510,40.421451568603516,-80.00460815429688
1629688452,7739010,61C,0,3244,40.35064697265625,-79.8674087524414
1629688449,9555010,61C,0,6623,40.4422492980957,-79.9560317993164
1629688472,12588010,16,0,6105,40.50387954711914,-80.07489013671875
1629688475,426010,61A,0,6622,40.43877029418945,-79.9947509765625
1629688470,4717010,Y46,0,6627,40.43240737915039,-80.00373840332031
1629688467,10182010,17,0,6507,40.446292877197266,-79.99950408935547
1629688470,1851010,83,0,6628,40.44361114501953,-79.96468353271484
1629688473,2446010,16,0,6001,40.48487854003906,-80.03607177734375
1629688474,9473010,71B,0,6641,40.43842315673828,-79.99454498291016
1629688457,2081010,28X,0,6643,40.46868896484375,-80.23350524902344
1629688473,9605010,82,0,6367,40.44243240356445,-79.9826889038086
1629688473,4907010,86,0,6642,40.443878173828125,-79.99415588378906
1629688473,7804010,61A,0,3252,40.401390075683594,-79.86170196533203
1629688459,7994010,71A,0,6637,40.45170974731445,-79.95183563232422
1629688460,11137010,71D,0,5945,40.45430374145508,-79.89617156982422
1629688477,13647010,64,0,6133,40.446571350097656,-79.92131805419922
1629688477,4737010,61B,0,6531,40.438812255859375,-79.93402099609375
1629688460,1270010,56,0,6530,40.34449768066406,-79.8842544555664
1629688458,4398010,82,0,6651,40.473148345947266,-79.88822174072266
1629688456,4657010,28X,0,6258,40.44150924682617,-79.95704650878906
1629688462,14088010,28X,0,6653,40.44282913208008,-79.99681091308594
1629688475,2442010,P1,0,3416,40.45854568481445,-79.92701721191406
1629688457,4841010,51,0,6524,40.41024398803711,-79.99041748046875
1629688461,7281010,71C,0,6644,40.44047546386719,-79.99967956542969
1629688472,3898010,71D,0,6369,40.43830871582031,-79.97948455810547
1629688452,6893010,91,0,6006,40.49241256713867,-79.9096450805664
1629688475,11490010,51,0,6527,40.345855712890625,-79.9732437133789
1629688461,3112010,61C,0,6540,40.40633773803711,-79.88726806640625
1629688477,1346010,16,0,6302,40.45769500732422,-80.01586151123047
1629688450,4567010,71B,0,3423,40.479156494140625,-79.91891479492188
1629688448,11591010,54,0,6414,40.453094482421875,-80.00909423828125
1629688469,5053010,79,0,5722,40.4499626159668,-79.89163208007812
1629688443,1834010,41,0,6415,40.42181396484375,-80.0063247680664
1629688456,513010,88,0,6153,40.45599365234375,-79.9110336303711
1629688470,10926010,55,0,6034,40.34173583984375,-79.94386291503906
1629688473,13765010,17,0,6311,40.500125885009766,-80.02177429199219
1629688461,1451010,61B,0,6432,40.444637298583984,-79.94388580322266
1629688464,12539010,71A,0,6552,40.456077575683594,-79.93817138671875
1629688448,8213010,83,0,6431,40.440547943115234,-79.95838165283203
1629688476,7416010,57,0,6434,40.43519973754883,-79.9935302734375
1629688472,-77693393,88,1,6272,40.46522521972656,-79.94471740722656
1629688470,7183010,61D,0,3314,40.43896484375,-79.93423461914062
1629688475,8423010,82,0,6548,40.46017074584961,-79.91561126708984
1629688469,2041010,6,0,6308,40.44244384765625,-79.99984741210938
1629688448,11261010,75,0,6549,40.46964645385742,-79.92113494873047
1629688470,13692010,61D,0,6443,40.438777923583984,-79.99019622802734
1629688466,11104010,61A,0,6445,40.406917572021484,-79.86378479003906
1629688471,14373010,28X,0,3327,40.49788284301758,-80.25552368164062
1629688452,1690010,71C,0,6450,40.4498176574707,-79.89160919189453
1629688477,4492010,54,0,6212,40.44452667236328,-79.95465850830078
1629688459,9739010,P1,0,3340,40.41500473022461,-79.87850189208984
1629688447,11173010,44,0,1718,40.445960998535156,-79.98926544189453
1629688472,5445010,88,0,6449,40.462677001953125,-79.96717834472656
1629688472,6090010,40,0,1717,40.43795394897461,-80.00009155273438
1629688461,-578860369,8,1,6604,40.45667266845703,-80.00703430175781
1629688463,12921010,51,0,6621,40.42879867553711,-79.984130859375
1629688472,5481010,21,0,6224,40.503719329833984,-80.1013412475586
1629688475,4469010,91,0,5806,40.4603157043457,-79.96943664550781
1629688459,2520010,64,0,6457,40.409996032714844,-79.91248321533203
1629688476,11555010,57,0,6616,40.411293029785156,-79.90568542480469
1629688466,11157010,21,0,6219,40.51039505004883,-80.12586212158203
1629688455,13629010,81,0,6617,40.440799713134766,-80.00054931640625
1629689165,11556010,G2,0,6231,40.44929122924805,-80.06200408935547
1629689164,78010,51,0,6355,40.343841552734375,-79.94489288330078
1629689182,1453010,54,0,6510,40.42456817626953,-79.97853088378906
1629689159,7739010,61C,0,3244,40.35061264038086,-79.8674087524414
1629689177,9555010,61C,0,6623,40.430564880371094,-79.92338562011719
1629689175,12588010,16,0,6105,40.50387954711914,-80.07489013671875
1629689182,426010,61A,0,6622,40.444087982177734,-79.93978881835938
1629689178,4717010,Y46,0,6627,40.37945556640625,-79.99386596679688
1629689166,10182010,17,0,6507,40.466407775878906,-80.02554321289062
1629689170,2446010,16,0,6001,40.456138610839844,-80.00291442871094
1629689172,9473010,71B,0,6641,40.444217681884766,-79.95494079589844
1629689169,2081010,28X,0,6643,40.4207649230957,-80.09390258789062
1629689183,11038010,82,0,6367,40.442386627197266,-79.99126434326172
1629689184,7804010,61A,0,3252,40.424503326416016,-79.88600158691406
1629688988,7994010,71A,0,6637,40.46615219116211,-79.92906951904297
1629689168,11137010,71D,0,5945,40.44985580444336,-79.89168548583984
1629689180,13647010,64,0,6133,40.4132194519043,-79.92198181152344
1629689182,1270010,56,0,6530,40.343345642089844,-79.82926177978516
1629689157,4398010,82,0,6651,40.459800720214844,-79.920654296875
1629689178,14088010,28X,0,6653,40.44291687011719,-80.06607055664062
1629689170,4841010,51,0,6524,40.42876052856445,-79.98603057861328
1629689163,7281010,71C,0,6644,40.43843460083008,-79.96295166015625
1629689177,13101010,71D,0,6369,40.440956115722656,-79.99600982666016
1629689159,6893010,91,0,6006,40.47121047973633,-79.9599609375
1629689174,3138010,86,0,6649,40.46121597290039,-79.92424011230469
1629689153,11490010,51,0,6527,40.352542877197266,-79.94031524658203
1629689170,3112010,61C,0,6540,40.432125091552734,-79.92317962646484
1629689180,1346010,16,0,6302,40.49756622314453,-80.05965423583984
1629689174,10604010,71B,0,3423,40.45198440551758,-79.92418670654297
1629689166,4422010,54,0,6414,40.45292663574219,-80.00902557373047
1629689178,5053010,79,0,5722,40.444602966308594,-79.87588500976562
1629689175,5843010,41,0,6415,40.43863296508789,-79.9996109008789
1629689163,513010,88,0,6153,40.45599365234375,-79.9110336303711
1629689159,10926010,55,0,6034,40.340518951416016,-79.91387939453125
1629689175,6925010,17,0,6311,40.50096893310547,-80.04039764404297
1629689180,1451010,61B,0,6432,40.43907165527344,-79.9946517944336
1629689171,12539010,71A,0,6552,40.4379768371582,-79.97409057617188
1629689170,8213010,83,0,6431,40.443241119384766,-79.96519470214844
1629689176,7416010,57,0,6434,40.40520477294922,-79.93421936035156
1629689184,-77693393,88,1,6272,40.445533752441406,-79.99132537841797
1629689183,7183010,61D,0,3314,40.4196662902832,-79.92789459228516
1629689183,11533010,79,0,6548,40.469688415527344,-79.87451171875
1629689180,2041010,6,0,6308,40.46623229980469,-79.99309539794922
1629689178,10037010,61D,0,6443,40.4379768371582,-79.99223327636719
1629689167,2306010,28X,0,3327,40.49637222290039,-80.25888061523438
1629689180,1690010,71C,0,6450,40.443382263183594,-79.89237213134766
1629689167,4492010,54,0,6212,40.42675018310547,-79.98075866699219
1629689164,9739010,P1,0,3340,40.45588302612305,-79.9337387084961
1629689169,11173010,44,0,1718,40.432342529296875,-80.00385284423828
1629689155,5445010,88,0,6449,40.460750579833984,-79.9229507446289
1629689173,6090010,40,0,1717,40.42637634277344,-80.00909423828125
1629689176,-1009425768,8,1,6604,40.45504379272461,-80.00225830078125
1629689179,12921010,51,0,6621,40.40433883666992,-79.99034881591797
1629689180,5481010,21,0,6224,40.465579986572266,-80.06121826171875
1629689180,4469010,91,0,5806,40.495269775390625,-79.93743896484375
1629689162,2520010,64,0,6457,40.437355041503906,-79.92295837402344
1629689173,11555010,57,0,6616,40.411293029785156,-79.90568542480469
1629689160,11157010,21,0,6219,40.536338806152344,-80.18443298339844
1629689184,4643010,81,0,6617,40.44441604614258,-79.97565460205078
1629689709,78010,51,0,6355,40.35662841796875,-79.98035430908203
1629689724,1453010,54,0,6510,40.436092376708984,-79.99114227294922
1629689437,7739010,61C,0,3244,40.35061264038086,-79.86740112304688
1629689731,9555010,61C,0,6623,40.408485412597656,-79.90797424316406
1629689706,10310010,16,0,6105,40.50225067138672,-80.07032012939453
1629689730,426010,61A,0,6622,40.44051742553711,-79.88756561279297
1629689727,4717010,Y46,0,6627,40.327972412109375,-79.94479370117188
1629689726,10182010,17,0,6507,40.48163986206055,-80.03441619873047
1629689721,13109010,16,0,6001,40.44194793701172,-80.0017318725586
1629689706,9473010,71B,0,6641,40.450531005859375,-79.92744445800781
1629689710,2081010,28X,0,6643,40.452510833740234,-80.05288696289062
1629689733,11038010,82,0,6367,40.44906997680664,-79.95755767822266
1629689726,7804010,61A,0,3252,40.441192626953125,-79.89138793945312
1629689723,5143010,71D,0,5945,40.4437255859375,-79.88727569580078
1629689728,4398010,82,0,6651,40.44833755493164,-79.95899200439453
1629689718,14088010,28X,0,6653,40.44313049316406,-80.16096496582031
1629689722,4841010,51,0,6524,40.44179916381836,-79.99964141845703
1629689729,7281010,71C,0,6644,40.45485305786133,-79.94207763671875
1629689730,13101010,71D,0,6369,40.439125061035156,-79.96199035644531
1629689719,4250010,91,0,6006,40.44367980957031,-79.9949951171875
1629689730,3138010,86,0,6649,40.46290588378906,-79.9568099975586
1629689307,11490010,51,0,6527,40.36244201660156,-79.92913818359375
1629689707,3112010,61C,0,6540,40.44453048706055,-79.95101928710938
1629689731,10604010,71B,0,3423,40.44371032714844,-79.95580291748047
1629689707,4422010,54,0,6414,40.44831848144531,-79.98699188232422
1629689732,5053010,79,0,5722,40.46245193481445,-79.86582946777344
1629689707,5843010,41,0,6415,40.41144561767578,-80.01187896728516
1629689728,5853010,88,0,6153,40.455406188964844,-79.91435241699219
1629689726,6925010,17,0,6311,40.47557830810547,-80.03241729736328
1629689724,150010,61B,0,6432,40.43804168701172,-79.99424743652344
1629689728,12539010,71A,0,6552,40.441749572753906,-80.00251770019531
1629689721,8213010,83,0,6431,40.451995849609375,-79.96946716308594
1629689733,-391033001,88,1,6272,40.44297409057617,-79.99784088134766
1629689733,7183010,61D,0,3314,40.41346740722656,-79.906494140625
1629689722,11533010,79,0,6548,40.462032318115234,-79.8659896850586
1629689728,7506010,6,0,6308,40.4836540222168,-80.00382232666016
1629689717,10037010,61D,0,6443,40.44441223144531,-79.94878387451172
1629689706,2306010,28X,0,3327,40.46793746948242,-80.24256896972656
1629689703,1690010,71C,0,6450,40.4625129699707,-79.92781066894531
1629689731,4492010,54,0,6212,40.408329010009766,-79.99827575683594
1629689705,3362010,P1,0,3340,40.44249725341797,-79.99701690673828
1629689725,11173010,44,0,1718,40.419639587402344,-80.00344848632812
1629689723,6090010,40,0,1717,40.43936538696289,-80.02607727050781
1629689714,-1009425768,8,1,6604,40.47062683105469,-80.00845336914062
1629689727,12921010,51,0,6621,40.3654670715332,-79.98250579833984
1629689708,5481010,21,0,6224,40.43983459472656,-80.00566101074219
1629689733,4469010,91,0,5806,40.492679595947266,-79.88124084472656
1629689709,2520010,64,0,6457,40.456787109375,-79.93376922607422
1629689726,11555010,57,0,6616,40.411293029785156,-79.90568542480469
1629689697,4643010,81,0,6617,40.43989562988281,-79.9610366821289
1629690275,78010,51,0,6355,40.399810791015625,-79.98908233642578
1629690276,1453010,54,0,6510,40.44076919555664,-79.959716796875
1629690264,9734010,61C,0,3244,40.352691650390625,-79.8482894897461
1629690274,9555010,61C,0,6623,40.376495361328125,-79.8498764038086
1629690263,10310010,16,0,6105,40.48485565185547,-80.03605651855469
1629690270,426010,61A,0,6622,40.41714096069336,-79.88097381591797
1629690263,4717010,Y46,0,6627,40.293766021728516,-79.90314483642578
1629690280,10182010,17,0,6507,40.48162841796875,-80.03447723388672
1629690260,13109010,16,0,6001,40.455787658691406,-80.00252532958984
1629690270,9473010,71B,0,6641,40.479026794433594,-79.91900634765625
1629690275,2081010,28X,0,6643,40.44184494018555,-80.00194549560547
1629690274,11038010,82,0,6367,40.46015167236328,-79.92147827148438
1629690280,7804010,61A,0,3252,40.441131591796875,-79.93618774414062
1629690270,5143010,71D,0,5945,40.45642852783203,-79.90547943115234
1629690274,4398010,82,0,6651,40.44015121459961,-79.99434661865234
1629690272,14088010,28X,0,6653,40.47042465209961,-80.2462158203125
1629690273,13330010,51,0,6524,40.428565979003906,-79.99382781982422
1629690275,7281010,71C,0,6644,40.456398010253906,-79.91593933105469
1629690277,13101010,71D,0,6369,40.447410583496094,-79.94287872314453
1629690279,4250010,91,0,6006,40.4453239440918,-79.99166107177734
1629690272,3138010,86,0,6649,40.44496154785156,-79.99369812011719
1629690278,3112010,61C,0,6540,40.43865203857422,-79.987548828125
1629690278,10604010,71B,0,3423,40.438690185546875,-79.98826599121094
1629690274,4422010,54,0,6414,40.46490478515625,-79.95165252685547
1629690268,5053010,79,0,5722,40.46971893310547,-79.8614501953125
1629690259,5843010,41,0,6415,40.38624572753906,-80.04815673828125
1629690278,5853010,88,0,6153,40.46535873413086,-79.94570922851562
1629690280,6925010,17,0,6311,40.456233978271484,-80.02704620361328
1629690267,150010,61B,0,6432,40.44384002685547,-79.95101165771484
1629690276,4320010,71A,0,6552,40.43787384033203,-79.97769165039062
1629690270,8213010,83,0,6431,40.44015884399414,-79.99432373046875
1629690269,-391033001,88,1,6272,40.46268081665039,-79.96717834472656
1629690275,11533010,79,0,6548,40.449607849121094,-79.86771392822266
1629690263,7506010,6,0,6308,40.465274810791016,-79.99212646484375
1629690245,10037010,61D,0,6443,40.43241500854492,-79.92313385009766
1629690278,3870010,61B,0,6445,40.41709518432617,-79.88744354248047
1629690265,2306010,28X,0,3327,40.445133209228516,-80.16471099853516
1629690279,1690010,71C,0,6450,40.44207763671875,-79.95805358886719
1629690274,4492010,54,0,6212,40.40884017944336,-79.99149322509766
1629690266,3362010,P1,0,3340,40.45991134643555,-79.9554214477539
1629690280,11173010,44,0,1718,40.410709381103516,-79.97722625732422
1629690277,-1009425768,8,1,6604,40.503021240234375,-80.0246353149414
1629690271,12921010,51,0,6621,40.34114074707031,-79.94548034667969
1629690250,9960010,21,0,6224,40.44371032714844,-80.0269546508789
1629690252,8946010,91,0,5806,40.49470901489258,-79.88639831542969
1629690710,78010,51,0,6355,40.421443939208984,-79.98451232910156
1629690702,1453010,54,0,6510,40.44980239868164,-79.95073699951172
1629690709,9734010,61C,0,3244,40.37763977050781,-79.8510971069336
1629690686,10310010,16,0,6105,40.46150588989258,-80.01893615722656
1629690696,4717010,Y46,0,6627,40.29230499267578,-79.8893814086914
1629690702,10182010,17,0,6507,40.499969482421875,-80.02558135986328
1629690698,13109010,16,0,6001,40.47315979003906,-80.02840423583984
1629690711,8720010,71A,0,6641,40.47666549682617,-79.92040252685547
1629690706,11038010,82,0,6367,40.4639778137207,-79.90161895751953
1629690700,7804010,61A,0,3252,40.439231872558594,-79.96199035644531
1629690708,5143010,71D,0,5945,40.44855499267578,-79.93370819091797
1629690708,10780010,82,0,6651,40.442630767822266,-79.99916076660156
1629690711,14088010,28X,0,6653,40.49628448486328,-80.25883483886719
1629690709,13330010,51,0,6524,40.424930572509766,-79.980712890625
1629690694,7281010,71C,0,6644,40.44751739501953,-79.88927459716797
1629690710,13101010,71D,0,6369,40.45619201660156,-79.91004180908203
1629690706,4250010,91,0,6006,40.47004318237305,-79.96073150634766
1629690702,13867010,86,0,6649,40.44419860839844,-79.99330139160156
1629690692,3112010,61C,0,6540,40.44224166870117,-80.00059509277344
1629690708,10604010,71B,0,3423,40.440940856933594,-80.00092315673828
1629690707,4422010,54,0,6414,40.450233459472656,-79.95100402832031
1629690705,10595010,82,0,5722,40.469276428222656,-79.8952407836914
1629690709,5843010,41,0,6415,40.3773078918457,-80.09266662597656
1629690682,5853010,88,0,6153,40.46149444580078,-79.96890258789062
1629690699,6925010,17,0,6311,40.45599365234375,-80.01530456542969
1629690685,150010,61B,0,6432,40.43801498413086,-79.92015838623047
1629690697,4320010,71A,0,6552,40.444217681884766,-79.95494079589844
1629690691,6557010,83,0,6431,40.44256591796875,-79.99613952636719
1629690711,-391033001,88,1,6272,40.464988708496094,-79.94297790527344
1629690709,11533010,79,0,6548,40.44983673095703,-79.89137268066406
1629690711,7506010,6,0,6308,40.44914627075195,-80.0008773803711
1629690678,10037010,61D,0,6443,40.4073371887207,-79.9143295288086
1629690688,3870010,61B,0,6445,40.438968658447266,-79.89735412597656
1629690704,2306010,28X,0,3327,40.424495697021484,-80.07599639892578
1629690699,1690010,71C,0,6450,40.43855285644531,-79.98490142822266
1629690699,4326010,54,0,6212,40.40882873535156,-79.99143981933594
1629690706,3362010,P1,0,3340,40.452781677246094,-79.89873504638672
1629690701,-1009425768,8,1,6604,40.51655578613281,-80.0385971069336
1629690707,5202010,13,0,6104,40.51369857788086,-80.04547882080078
1629690688,12921010,51,0,6621,40.362403869628906,-79.929443359375
1629690710,9960010,21,0,6224,40.47132110595703,-80.06098175048828
1629690689,8946010,91,0,5806,40.49470901489258,-79.88639831542969
1629690685,6163010,57,0,6616,40.41366958618164,-79.92317199707031
1629691224,6099010,21,0,6110,40.51909637451172,-80.16851806640625
1629691224,78010,51,0,6355,40.431453704833984,-80.00255584716797
1629691211,1453010,54,0,6510,40.46587371826172,-79.95218658447266
1629691225,9734010,61C,0,3244,40.40604019165039,-79.91224670410156
1629691214,10310010,16,0,6105,40.445213317871094,-79.99908447265625
1629691225,13109010,16,0,6001,40.495548248291016,-80.05554962158203
1629691217,8720010,71A,0,6641,40.45390319824219,-79.9452896118164
1629691225,7804010,61A,0,3252,40.442073822021484,-79.99925994873047
1629691226,5143010,71D,0,5945,40.4413948059082,-79.95899963378906
1629691210,10780010,82,0,6651,40.44517517089844,-79.97406768798828
1629691203,3816010,28X,0,6653,40.49618911743164,-80.25886535644531
1629691226,13330010,51,0,6524,40.400325775146484,-79.98918151855469
1629691220,4250010,91,0,6006,40.494300842285156,-79.92999267578125
1629691224,13867010,86,0,6649,40.4650764465332,-79.95140075683594
1629691201,3183010,51,0,6527,40.343841552734375,-79.94489288330078
1629691213,1744010,61C,0,6540,40.437923431396484,-79.99089050292969
1629691227,4947010,71B,0,3423,40.43788146972656,-79.97769165039062
1629691226,4422010,54,0,6414,40.4284553527832,-79.9751968383789
1629691216,10595010,82,0,5722,40.460350036621094,-79.92166900634766
1629691229,5843010,41,0,6415,40.356319427490234,-80.1103286743164
1629691200,5853010,88,0,6153,40.44398498535156,-79.99742889404297
1629691201,6925010,17,0,6311,40.44540023803711,-79.99915313720703
1629691226,150010,61B,0,6432,40.423744201660156,-79.89105987548828
1629691218,4320010,71A,0,6552,40.45710372924805,-79.93456268310547
1629691226,6557010,83,0,6431,40.449832916259766,-79.97447204589844
1629691226,-391033001,88,1,6272,40.45574951171875,-79.9105224609375
1629691205,11533010,79,0,6548,40.44983673095703,-79.89139556884766
1629691229,7506010,6,0,6308,40.44623565673828,-79.98857879638672
1629691214,3870010,61B,0,6445,40.443931579589844,-79.93893432617188
1629691222,2306010,28X,0,3327,40.440364837646484,-80.01830291748047
1629691218,1215010,71C,0,6450,40.43965148925781,-79.9965591430664
1629691220,4326010,54,0,6212,40.409908294677734,-79.99056243896484
1629691218,9960010,21,0,6224,40.504150390625,-80.10187530517578
1629691224,8946010,91,0,5806,40.48801040649414,-79.88964080810547
1629691223,6163010,57,0,6616,40.41108703613281,-79.94458770751953
1629691841,6099010,21,0,6110,40.509521484375,-80.12265014648438
1629691859,7894010,51,0,6355,40.43758773803711,-80.00032806396484
1629691870,1453010,54,0,6510,40.46152114868164,-79.96883392333984
1629691870,9734010,61C,0,3244,40.43867111206055,-79.93388366699219
1629691860,4763010,16,0,6105,40.45313262939453,-80.00164031982422
1629691872,8720010,71A,0,6641,40.438026428222656,-79.97462463378906
1629691864,9431010,61A,0,3252,40.43734359741211,-79.97887420654297
1629691860,5143010,71D,0,5945,40.442081451416016,-79.99935913085938
1629691868,10780010,82,0,6651,40.460391998291016,-79.92190551757812
1629691807,3816010,28X,0,6653,40.49363327026367,-80.26814270019531
1629691869,13330010,51,0,6524,40.3658561706543,-79.98206329345703
1629691856,13867010,86,0,6649,40.46039962768555,-79.92192840576172
1629691863,3183010,51,0,6527,40.36867141723633,-79.97631072998047
1629691862,1744010,61C,0,6540,40.4445686340332,-79.94255065917969
1629691855,4947010,71B,0,3423,40.447044372558594,-79.9478530883789
1629691872,4422010,54,0,6414,40.41426467895508,-79.99422454833984
1629691862,10595010,82,0,5722,40.44438552856445,-79.978759765625
1629691872,2510010,88,0,6153,40.45165252685547,-79.98170471191406
1629691844,14020010,17,0,6311,40.44816970825195,-80.00045776367188
1629691864,6557010,83,0,6431,40.439964294433594,-79.96768188476562
1629691866,7941010,86,0,6548,40.443458557128906,-79.88622283935547
1629691867,3661010,6,0,6308,40.44615936279297,-79.98866271972656
1629691872,3870010,61B,0,6445,40.438419342041016,-79.98196411132812
1629691872,2306010,28X,0,3327,40.4381217956543,-79.96173095703125
1629691844,1215010,71C,0,6450,40.44123458862305,-79.95907592773438
1629691856,4326010,54,0,6212,40.4373664855957,-79.97258758544922
1629691868,9960010,21,0,6224,40.523433685302734,-80.17707061767578
1629691867,8946010,91,0,5806,40.485626220703125,-79.94501495361328
1629691847,6163010,57,0,6616,40.43598175048828,-79.9955825805664
1629692669,6099010,21,0,6110,40.473209381103516,-80.06222534179688
1629692646,7894010,51,0,6355,40.42073440551758,-79.9859848022461
1629692664,1453010,54,0,6510,40.453033447265625,-80.0090560913086
1629692667,9734010,61C,0,3244,40.438777923583984,-79.99022674560547
1629692664,4763010,16,0,6105,40.48698425292969,-80.0373306274414
1629692654,5676010,71A,0,6641,40.43787384033203,-79.98967742919922
1629692660,9431010,61A,0,3252,40.437984466552734,-79.9284896850586
1629692639,395010,71D,0,5945,40.436424255371094,-79.9675521850586
1629692643,3816010,28X,0,6653,40.424827575683594,-80.1168441772461
1629692644,13867010,86,0,6649,40.444374084472656,-79.88569641113281
1629692663,3183010,51,0,6527,40.41847229003906,-79.98622131347656
1629692668,1744010,61C,0,6540,40.41569519042969,-79.92509460449219
1629692664,4947010,71B,0,3423,40.47346115112305,-79.91929626464844
1629692656,12644010,82,0,5722,40.442562103271484,-79.99613952636719
1629692648,2510010,88,0,6153,40.45833969116211,-79.9186782836914
1629692663,14020010,17,0,6311,40.45409393310547,-80.02606964111328
1629692668,7941010,86,0,6548,40.46067810058594,-79.9227523803711
1629692666,3661010,6,0,6308,40.4536018371582,-80.00005340576172
1629692666,14390010,71D,0,6549,40.44974136352539,-79.88422393798828
1629692659,11498010,61B,0,6445,40.437583923339844,-79.98330688476562
1629692668,4852010,91,0,5905,40.49470901489258,-79.88639831542969
1629692668,1215010,71C,0,6450,40.456398010253906,-79.91593933105469
1629692655,4326010,54,0,6212,40.462406158447266,-79.94551849365234
1629692647,9960010,21,0,6224,40.503910064697266,-80.22470092773438
1629692654,8946010,91,0,5806,40.44831085205078,-79.98674774169922
1629692660,4835010,57,0,6616,40.43122100830078,-79.95931243896484
1629693515,6099010,21,0,6110,40.4403076171875,-80.00444030761719
1629693515,7894010,51,0,6355,40.38079071044922,-79.97592163085938
1629693517,9744010,54,0,6510,40.45359802246094,-79.97879791259766
1629693493,11542010,61C,0,3244,40.436580657958984,-79.97111511230469
1629693522,5676010,71A,0,6641,40.452083587646484,-79.95140075683594
1629693515,9431010,61A,0,3252,40.43156433105469,-79.88446044921875
1629693505,395010,71D,0,5945,40.45282745361328,-79.92093658447266
1629693508,3816010,28X,0,6653,40.441532135009766,-80.00320434570312
1629693515,3183010,51,0,6527,40.44194030761719,-79.99956512451172
1629693513,12644010,82,0,5722,40.45620346069336,-79.93756866455078
1629693522,14020010,17,0,6311,40.500606536865234,-80.04422760009766
1629693505,7941010,86,0,6548,40.44977951049805,-79.98441314697266
1629693520,14390010,71D,0,6549,40.44572448730469,-79.95298767089844
1629693523,11498010,61B,0,6445,40.43800354003906,-79.92820739746094
1629693519,4852010,91,0,5905,40.492008209228516,-79.88155364990234
1629693517,4326010,54,0,6212,40.4546012878418,-79.99420166015625
1629693514,4837010,91,0,5806,40.454681396484375,-79.97728729248047
1629693515,4835010,57,0,6616,40.414794921875,-79.92469787597656
1629694248,14679010,21,0,6110,40.451541900634766,-80.03781127929688
1629694285,7894010,51,0,6355,40.34857177734375,-79.9446792602539
1629694283,9744010,54,0,6510,40.452247619628906,-79.95085906982422
1629694281,11542010,61C,0,3244,40.43019104003906,-79.92351531982422
1629694284,9431010,61A,0,3252,40.400779724121094,-79.86515808105469
1629694279,3816010,28X,0,6653,40.44441223144531,-79.94876861572266
1629694275,12559010,51,0,6527,40.427772521972656,-79.98064422607422
1629694282,12644010,82,0,5722,40.46952438354492,-79.8948745727539
1629694261,4282010,86,0,6548,40.444129943847656,-79.99339294433594
1629694257,14390010,71D,0,6549,40.438880920410156,-79.9926528930664
1629694285,11498010,61B,0,6445,40.41423797607422,-79.883544921875
1629694274,4852010,91,0,5905,40.494205474853516,-79.93903350830078
1629694279,4837010,91,0,5806,40.49462890625,-79.93472290039062
1629694803,14679010,21,0,6110,40.48551940917969,-80.07433319091797
1629694806,9744010,54,0,6510,40.43645095825195,-79.96809387207031
1629694807,11542010,61C,0,3244,40.409236907958984,-79.89866638183594
1629694808,12559010,51,0,6527,40.40382766723633,-79.99016571044922
1629694800,4282010,86,0,6548,40.46266555786133,-79.9582748413086
1629694799,4635010,71D,0,6549,40.43830871582031,-79.99447631835938
1629694805,4852010,91,0,5905,40.46605682373047,-79.96483612060547
1629694789,4837010,91,0,5806,40.488990783691406,-79.89315795898438
1629695389,14679010,21,0,6110,40.51240539550781,-80.1326904296875
1629695377,11542010,61C,0,3244,40.371917724609375,-79.846435546875
1629695385,12559010,51,0,6527,40.36899948120117,-79.97588348388672
1629695389,4282010,86,0,6548,40.45620346069336,-79.93756866455078
1629695369,4635010,71D,0,6549,40.4375114440918,-79.96521759033203
1629695373,11999010,91,0,5905,40.44293212890625,-79.99778747558594
1629696003,14679010,21,0,6110,40.52371597290039,-80.17774200439453
1629696003,12559010,51,0,6527,40.35078430175781,-79.94205474853516
1629696023,4282010,86,0,6548,40.457279205322266,-79.89579010009766
1629696014,4635010,71D,0,6549,40.45052719116211,-79.92745208740234
1629696015,11999010,91,0,5905,40.462398529052734,-79.96756744384766
1629696513,14679010,21,0,6110,40.537567138671875,-80.18535614013672
1629696521,4635010,71D,0,6549,40.45287322998047,-79.889892578125
1629696501,11999010,91,0,5905,40.48931884765625,-79.93739318847656
1629697013,11999010,91,0,5905,40.48701095581055,-79.89420318603516
1629704493,10988020,54,0,6410,40.421146392822266,-80.00257873535156
1629704980,10988020,54,0,6410,40.42097854614258,-79.98542785644531
1629704974,5996020,16,0,6407,40.503814697265625,-80.0745849609375
1629704977,201020,51,0,6342,40.351661682128906,-79.94109344482422
1629705483,10988020,54,0,6410,40.437835693359375,-79.96392059326172
1629705477,5996020,16,0,6407,40.50350570678711,-80.07447814941406
1629705467,7559020,86,0,6649,40.443058013916016,-79.88643646240234
1629705477,12628020,54,0,6604,40.40885925292969,-79.99156188964844
1629705481,3560020,28X,0,6265,40.444580078125,-79.94493865966797
1629705482,201020,51,0,6342,40.36561584472656,-79.98234558105469
1629706061,2530020,59,0,6351,40.40203857421875,-79.8321304321289
1629706058,10988020,54,0,6410,40.452880859375,-79.94880676269531
1629706050,634020,2,0,6205,40.5504150390625,-80.02357482910156
1629706039,5996020,16,0,6407,40.487091064453125,-80.03793334960938
1629706047,7559020,86,0,6649,40.46012496948242,-79.91291809082031
1629706032,12628020,54,0,6604,40.40901184082031,-79.99263000488281
1629706025,3560020,28X,0,6265,40.439231872558594,-79.99456024169922
1629706058,201020,51,0,6342,40.39476013183594,-79.98656463623047
1629706033,5793020,88,0,6146,40.45478439331055,-79.91154479980469
1629706787,2530020,59,0,6351,40.40166473388672,-79.8650894165039
1629706794,1629020,71D,0,6365,40.44942855834961,-79.8841781616211
1629706778,4544020,16,0,6014,40.503868103027344,-80.07485961914062
1629706794,10988020,54,0,6410,40.45283126831055,-79.9800033569336
1629706782,634020,2,0,6205,40.544281005859375,-79.97235870361328
1629706783,11512020,28X,0,6647,40.49605178833008,-80.25885009765625
1629706755,5996020,16,0,6407,40.45566177368164,-80.0054702758789
1629706792,7559020,86,0,6649,40.46260070800781,-79.95865631103516
1629706791,12628020,54,0,6604,40.42900848388672,-79.97344207763672
1629706786,3560020,28X,0,6265,40.436546325683594,-80.06747436523438
1629706771,201020,51,0,6342,40.42884826660156,-79.9820556640625
1629706786,5793020,88,0,6146,40.46756362915039,-79.96380615234375
1629707524,2530020,59,0,6351,40.4151611328125,-79.88308715820312
1629707512,1629020,71D,0,6365,40.447731018066406,-79.93827056884766
1629707522,6701020,61C,0,6358,40.408485412597656,-79.89453125
1629707522,13186020,69,0,6637,40.39418029785156,-79.8049087524414
1629707515,4544020,16,0,6014,40.494300842285156,-80.0530014038086
1629707524,10988020,54,0,6410,40.452308654785156,-80.00882720947266
1629707482,11512020,28X,0,6647,40.49605178833008,-80.25885009765625
1629707511,10549020,16,0,6407,40.45062255859375,-80.00125122070312
1629707523,7559020,86,0,6649,40.44352340698242,-79.99918365478516
1629707531,3560020,28X,0,6265,40.447914123535156,-80.16431427001953
1629707532,12861020,88,0,6146,40.442420959472656,-79.9993667602539
1629707524,139020,2,0,6301,40.54615020751953,-80.01993560791016
1629707524,10601020,71A,0,3423,40.464481353759766,-79.93009185791016
1629707531,160020,Y46,0,6537,40.273250579833984,-79.88545227050781
1629707487,11380020,71B,0,3323,40.47891616821289,-79.9190902709961
1629707525,634020,2,0,6205,40.4947624206543,-79.94612884521484
1629707523,12628020,54,0,6604,40.44892501831055,-79.95018768310547
1629707527,5226020,51,0,6342,40.43955612182617,-79.99905395507812
1629707523,10870020,91,0,6102,40.4882698059082,-79.89362335205078
1629707520,4741020,1,0,6216,40.60052490234375,-79.75706481933594
1629708091,2530020,59,0,6351,40.41078186035156,-79.91069793701172
1629708114,1629020,71D,0,6365,40.43836975097656,-79.98079681396484
1629708102,1214020,54,0,6005,40.42113494873047,-79.98507690429688
1629708115,6701020,61C,0,6358,40.42842483520508,-79.92460632324219
1629708076,13186020,69,0,6637,40.401859283447266,-79.8196792602539
1629708100,4544020,16,0,6014,40.471717834472656,-80.02693939208984
1629708109,8893020,54,0,6410,40.454498291015625,-79.99514770507812
1629708114,6947020,28X,0,6647,40.493812561035156,-80.25528717041016
1629708098,10549020,16,0,6407,40.47206497192383,-80.0274658203125
1629708107,11025020,86,0,6649,40.45718002319336,-79.97367095947266
1629708112,3560020,28X,0,6265,40.49445343017578,-80.25566101074219
1629708101,3948020,82,0,6267,40.473148345947266,-79.88822174072266
1629708067,12861020,88,0,6146,40.462562561035156,-79.96735382080078
1629708107,139020,2,0,6301,40.56209182739258,-79.98766326904297
1629708104,10601020,71A,0,3423,40.445621490478516,-79.95314025878906
1629708106,160020,Y46,0,6537,40.286983489990234,-79.89470672607422
1629708094,11768020,27,0,6424,40.44144821166992,-80.06874084472656
1629708107,4559020,77,0,6548,40.45282745361328,-79.75133514404297
1629708100,11380020,71B,0,3323,40.46895217895508,-79.92139434814453
1629708093,1847020,11,0,1704,40.44532012939453,-79.99010467529297
1629708085,5316020,6,0,5902,40.47304916381836,-80.00054168701172
1629708108,4943020,88,0,3213,40.4656867980957,-79.94798278808594
1629708110,634020,2,0,6205,40.474369049072266,-79.97156524658203
1629708096,12628020,54,0,6604,40.459083557128906,-79.96588134765625
1629708101,5226020,51,0,6342,40.423065185546875,-79.9777603149414
1629708100,12221020,39,0,6223,40.390018463134766,-80.01024627685547
1629708115,10870020,91,0,6102,40.49457931518555,-79.93316650390625
1629708095,4741020,1,0,6216,40.60163879394531,-79.7538833618164
1629708103,13759020,20,0,6218,40.47710037231445,-80.10203552246094
1629708598,2530020,59,0,6351,40.403865814208984,-79.91995239257812
1629708604,5783020,54,0,6506,40.40489959716797,-79.99922943115234
1629708574,5173020,71D,0,6365,40.44013977050781,-79.99610900878906
1629708604,1214020,54,0,6005,40.43751907348633,-79.96520233154297
1629708578,6701020,61C,0,6358,40.44389343261719,-79.93879699707031
1629708590,13186020,69,0,6637,40.41539001464844,-79.84712982177734
1629708583,4544020,16,0,6014,40.456138610839844,-80.00289154052734
1629708581,8893020,54,0,6410,40.46335220336914,-79.96614837646484
1629708602,7425020,28X,0,6137,40.45354461669922,-79.91580963134766
1629708600,6947020,28X,0,6647,40.46009063720703,-80.19125366210938
1629708599,10549020,16,0,6407,40.493743896484375,-80.05178833007812
1629708593,11025020,86,0,6649,40.45655059814453,-79.93641662597656
1629708585,3560020,28X,0,6265,40.49643325805664,-80.25882720947266
1629708601,3948020,82,0,6267,40.46052169799805,-79.9126968383789
1629708559,12861020,88,0,6146,40.46318054199219,-79.92993927001953
1629708593,8620020,69,0,6544,40.38664627075195,-79.75328063964844
1629708596,139020,2,0,6301,40.53034591674805,-79.96627807617188
1629708584,10601020,71A,0,3423,40.438446044921875,-79.98257446289062
1629708592,9729020,14,0,6413,40.58955001831055,-80.22936248779297
1629708590,160020,Y46,0,6537,40.31000900268555,-79.93724822998047
1629708596,11768020,27,0,6424,40.44144821166992,-80.06874084472656
1629708583,4559020,77,0,6548,40.47663879394531,-79.76122283935547
1629708600,1789020,61B,0,6441,40.41355514526367,-79.88385009765625
1629708584,9384020,2,0,6203,40.527801513671875,-80.00801086425781
1629708604,3234020,21,0,6324,40.50835037231445,-80.22315979003906
1629708598,3357020,91,0,6202,40.48952865600586,-79.87361145019531
1629708601,9244020,P1,0,3328,40.415287017822266,-79.8790512084961
1629708586,11380020,71B,0,3323,40.4481086730957,-79.93514251708984
1629708600,1847020,11,0,1704,40.45079040527344,-80.00128936767578
1629708603,5316020,6,0,5902,40.45331954956055,-80.00157165527344
1629708600,4943020,88,0,3213,40.458370208740234,-79.97342681884766
1629708587,634020,2,0,6205,40.448299407958984,-80.00053405761719
1629708581,1132020,16,0,6602,40.503814697265625,-80.0745849609375
1629708597,12628020,54,0,6604,40.45457077026367,-79.99527740478516
1629708601,5226020,51,0,6342,40.39556121826172,-79.98705291748047
1629708581,7215020,39,0,6223,40.392433166503906,-80.00629425048828
1629708597,10870020,91,0,6102,40.476985931396484,-79.95699310302734
1629708579,4741020,1,0,6216,40.573246002197266,-79.77739715576172
1629708604,13759020,20,0,6218,40.50571060180664,-80.1416015625
1629709041,2530020,59,0,6351,40.40559005737305,-79.8920669555664
1629709059,5783020,54,0,6506,40.42007827758789,-79.9867935180664
1629709058,3522020,71A,0,6641,40.476341247558594,-79.92411804199219
1629709058,5173020,71D,0,6365,40.438751220703125,-79.96250915527344
1629709043,1214020,54,0,6005,40.44968032836914,-79.9506607055664
1629709037,881020,53L,0,6634,40.35508346557617,-79.93798828125
1629709046,6701020,61C,0,6358,40.43721389770508,-79.97116088867188
1629709057,13186020,69,0,6637,40.44207000732422,-79.87730407714844
1629709053,7849020,26,0,6518,40.44144821166992,-80.06874084472656
1629709038,14482020,16,0,6014,40.44180679321289,-80.00170135498047
1629709034,8893020,54,0,6410,40.45440673828125,-79.94766998291016
1629709038,5005020,17,0,6013,40.4958381652832,-80.02301025390625
1629709042,7425020,28X,0,6137,40.44401168823242,-79.95038604736328
1629709058,9117020,61A,0,6532,40.40224075317383,-79.86129760742188
1629709037,6947020,28X,0,6647,40.44521713256836,-80.16485595703125
1629709038,10549020,16,0,6407,40.503868103027344,-80.07485961914062
1629709048,11025020,86,0,6649,40.46108627319336,-79.92386627197266
1629709046,9030020,71D,0,5715,40.45615005493164,-79.91011047363281
1629709039,3560020,28X,0,6265,40.49643325805664,-80.25882720947266
1629709054,3948020,82,0,6267,40.4608039855957,-79.92765045166016
1629709030,12861020,88,0,6146,40.456886291503906,-79.91351318359375
1629709048,8620020,69,0,6544,40.39799880981445,-79.79093933105469
1629709041,139020,2,0,6301,40.501407623291016,-79.9444580078125
1629709054,10601020,71A,0,3423,40.44197463989258,-80.0016098022461
1629709053,9729020,14,0,6413,40.56280517578125,-80.20433807373047
1629709057,8875020,56,0,6534,40.35266876220703,-79.84394073486328
1629709051,160020,Y46,0,6537,40.346256256103516,-79.9734115600586
1629709050,11768020,27,0,6424,40.447593688964844,-80.07186126708984
1629709039,4559020,77,0,6548,40.484928131103516,-79.80021667480469
1629709001,2875020,1,0,6307,40.60052490234375,-79.75706481933594
1629709042,1789020,61B,0,6441,40.432369232177734,-79.89371490478516
1629709048,9384020,2,0,6203,40.52249526977539,-80.00572204589844
1629709046,3234020,21,0,6324,40.524635314941406,-80.1800765991211
1629709036,1277020,24,0,6323,40.45576095581055,-80.1685791015625
1629709055,3357020,91,0,6202,40.49372863769531,-79.91619873046875
1629709051,9244020,P1,0,3328,40.45830154418945,-79.91381072998047
1629709057,11380020,71B,0,3323,40.43702697753906,-79.97059631347656
1629709054,4656020,91,0,6315,40.4620246887207,-79.9681167602539
1629709057,1847020,11,0,1704,40.46059036254883,-80.00416564941406
1629709059,5316020,6,0,5902,40.44470977783203,-79.9909439086914
1629709055,4943020,88,0,3213,40.44390869140625,-79.99773406982422
1629709030,12127020,2,0,6205,40.45248794555664,-80.00142669677734
1629709038,1132020,16,0,6602,40.50374984741211,-80.07495880126953
1629709034,12436020,8,0,6206,40.51654815673828,-80.03719329833984
1629709059,119020,41,0,5911,40.34920883178711,-80.10366821289062
1629709052,12628020,54,0,6604,40.45363235473633,-80.00926208496094
1629709058,5226020,51,0,6342,40.3674201965332,-79.97881317138672
1629709036,12752020,57,0,6341,40.415340423583984,-79.92491912841797
1629709043,1428020,67,0,6462,40.442073822021484,-79.86878204345703
1629709056,7215020,39,0,6223,40.40654754638672,-80.01496124267578
1629709043,10870020,91,0,6102,40.454559326171875,-79.97796630859375
1629709044,13880020,51,0,6346,40.380615234375,-79.97626495361328
1629709059,13272020,81,0,6620,40.430419921875,-79.9771957397461
1629709045,4741020,1,0,6216,40.54582977294922,-79.77052307128906
1629709050,13759020,20,0,6218,40.486671447753906,-80.11625671386719
1629709033,5744020,44,0,1728,40.3849983215332,-79.94850158691406
1629709588,2530020,59,0,6351,40.38292694091797,-79.87776947021484
1629709607,12529020,59,0,6357,40.404747009277344,-79.83006286621094
1629709601,12132020,51,0,6625,40.38077163696289,-79.97628021240234
1629709603,5783020,54,0,6506,40.438011169433594,-79.96350860595703
1629709599,3522020,71A,0,6641,40.45503616333008,-79.94145202636719
1629709608,1214020,54,0,6005,40.464393615722656,-79.96247100830078
1629709599,881020,53L,0,6634,40.35298538208008,-79.917236328125
1629709609,6701020,61C,0,6358,40.44184494018555,-80.00212860107422
1629709587,7849020,26,0,6518,40.44144821166992,-80.06874084472656
1629709611,2160020,75,0,6650,40.488338470458984,-79.91241455078125
1629709605,14482020,16,0,6014,40.45440673828125,-80.01221466064453
1629709608,8893020,54,0,6410,40.43703079223633,-79.9706039428711
1629709594,5005020,17,0,6013,40.50076675415039,-80.03840637207031
1629709584,7425020,28X,0,6137,40.43865966796875,-79.98814392089844
1629709607,9117020,61A,0,6532,40.41911697387695,-79.88430786132812
1629709579,6947020,28X,0,6647,40.42732620239258,-80.07154846191406
1629709605,10549020,16,0,6407,40.503868103027344,-80.07485961914062
1629709596,11025020,86,0,6649,40.456905364990234,-79.89415740966797
1629709593,9030020,71D,0,5715,40.4437141418457,-79.95580291748047
1629709588,10484020,18,0,6408,40.45857238769531,-80.03075408935547
1629709595,4144020,28X,0,6265,40.49637222290039,-80.25888061523438
1629709584,14388020,G3,0,6022,40.5039176940918,-80.22573852539062
1629709609,3948020,82,0,6267,40.447975158691406,-79.96617889404297
1629709583,12861020,88,0,6146,40.456886291503906,-79.91351318359375
1629709606,8620020,69,0,6544,40.40142059326172,-79.81866455078125
1629709604,139020,2,0,6301,40.48531723022461,-79.9726333618164
1629709589,8493020,G2,0,3304,40.405521392822266,-80.0907974243164
1629709609,1567020,71A,0,3423,40.437477111816406,-79.97212982177734
1629709604,9729020,14,0,6413,40.53153610229492,-80.16891479492188
1629709603,8875020,56,0,6534,40.33840560913086,-79.86385345458984
1629709610,160020,Y46,0,6537,40.38287353515625,-79.99659729003906
1629709584,568020,67,0,6271,40.423980712890625,-79.81356048583984
1629709608,11768020,27,0,6424,40.45133972167969,-80.0687255859375
1629709607,4559020,77,0,6548,40.46720886230469,-79.83354187011719
1629709585,2875020,1,0,6307,40.600685119628906,-79.75711059570312
1629709606,1789020,61B,0,6441,40.44588088989258,-79.95162963867188
1629709572,9384020,2,0,6203,40.54986572265625,-80.02156066894531
1629709607,3234020,21,0,6324,40.514198303222656,-80.13948059082031
1629709601,1277020,24,0,6323,40.46345138549805,-80.13892364501953
1629709608,3357020,91,0,6202,40.48284912109375,-79.95123291015625
1629709570,9244020,P1,0,3328,40.44367599487305,-79.99356079101562
1629709593,11380020,71B,0,3323,40.44221878051758,-79.9997329711914
1629709587,4656020,91,0,6315,40.492618560791016,-79.93848419189453
1629709604,1847020,11,0,1704,40.46476745605469,-80.01264953613281
1629709606,5316020,6,0,5902,40.4453239440918,-79.99024200439453
1629709604,3628020,Y47,0,6334,40.329933166503906,-79.92317199707031
1629709590,2587020,P12,0,3219,40.45435333251953,-79.71142578125
1629709585,10873020,88,0,3213,40.448123931884766,-79.98704528808594
1629709599,12127020,2,0,6205,40.48035430908203,-79.9739761352539
1629709588,1132020,16,0,6602,40.487091064453125,-80.03794860839844
1629709598,12436020,8,0,6206,40.49399948120117,-80.021728515625
1629709604,119020,41,0,5911,40.368553161621094,-80.0844955444336
1629709598,10722020,54,0,6604,40.4546012878418,-80.00846099853516
1629709584,5226020,51,0,6342,40.34764099121094,-79.95201873779297
1629709610,7149020,88,0,6463,40.455406188964844,-79.91435241699219
1629709600,12752020,57,0,6341,40.40993881225586,-79.94408416748047
1629709610,1428020,67,0,6462,40.444969177246094,-79.88861083984375
1629709602,7215020,39,0,6223,40.43105697631836,-80.00198364257812
1629709599,11415020,91,0,6102,40.4420280456543,-80.00121307373047
1629709605,13880020,51,0,6346,40.39476776123047,-79.98656463623047
1629709560,13272020,81,0,6620,40.442169189453125,-79.95613861083984
1629709592,14039020,61C,0,6619,40.40717315673828,-79.9107894897461
1629709604,4741020,1,0,6216,40.53697967529297,-79.83946228027344
1629709596,4609020,20,0,6614,40.468223571777344,-80.09820556640625
1629709603,13759020,20,0,6218,40.464908599853516,-80.07035827636719
1629709602,5744020,44,0,1728,40.395137786865234,-79.96614837646484
1629709606,10189020,83,0,6618,40.430419921875,-79.9771957397461
1629709594,6012020,91,0,5803,40.49013900756836,-79.8699722290039
1629710296,2530020,59,0,6351,40.38018035888672,-79.86546325683594
1629710312,12529020,59,0,6357,40.40584945678711,-79.8630599975586
1629710301,13319020,27,0,6229,40.440773010253906,-80.0688247680664
1629710302,9618020,P16,0,6366,40.518150329589844,-79.80582427978516
1629710303,1214020,54,0,6005,40.4561882019043,-80.00309753417969
1629710290,10602020,22,0,5708,40.46733856201172,-80.0981674194336
1629710311,9009020,58,0,5940,40.444278717041016,-79.94927215576172
1629710314,11686020,61C,0,6358,40.44246292114258,-79.95574951171875
1629710288,3768020,15,0,5702,40.46746826171875,-80.01714324951172
1629710311,1221020,69,0,5944,40.385799407958984,-79.7594985961914
1629710298,14482020,16,0,6014,40.487918853759766,-80.04566192626953
1629710308,5005020,17,0,6013,40.47478485107422,-80.03189849853516
1629710297,7425020,28X,0,6137,40.44453048706055,-80.02848815917969
1629710293,3955020,P1,0,3414,40.45798873901367,-79.91300964355469
1629710296,9030020,71D,0,5715,40.44198989868164,-80.00154876708984
1629710283,4144020,28X,0,6265,40.497589111328125,-80.26692962646484
1629710307,1870020,79,0,6264,40.441810607910156,-79.88197326660156
1629710293,14388020,G3,0,6022,40.42313003540039,-80.10469818115234
1629710294,9616020,29,0,6025,40.429481506347656,-80.1908950805664
1629710314,3948020,82,0,6267,40.440452575683594,-79.9996337890625
1629710301,12861020,88,0,6146,40.456886291503906,-79.91351318359375
1629710293,8493020,G2,0,3304,40.45232009887695,-80.05252075195312
1629710307,1567020,71A,0,3423,40.45329284667969,-79.94731903076172
1629710305,2076020,75,0,6138,40.490081787109375,-79.86995697021484
1629710314,14078020,93,0,6038,40.410709381103516,-79.94439697265625
1629710308,568020,67,0,6271,40.442378997802734,-79.87796783447266
1629710292,9720020,P1,0,3328,40.45623779296875,-79.93328857421875
1629710314,11925020,61D,0,3206,40.40970230102539,-79.91609954833984
1629710297,7669020,61B,0,3202,40.403438568115234,-79.86878967285156
1629710302,7205020,71B,0,3323,40.43809509277344,-79.97574615478516
1629710315,5731020,4,0,1709,40.50094223022461,-80.0225601196289
1629710294,1847020,11,0,1704,40.443111419677734,-79.99736022949219
1629710311,12290020,71D,0,6059,40.446083068847656,-79.88825225830078
1629710309,2587020,P12,0,3219,40.44343185424805,-79.76477813720703
1629710294,10873020,88,0,3213,40.466156005859375,-79.951416015625
1629710300,1132020,16,0,6602,40.45610809326172,-80.01534271240234
1629710286,10722020,54,0,6604,40.462493896484375,-79.96739959716797
1629710220,13272020,81,0,6620,40.439674377441406,-79.97061157226562
1629710314,14039020,61C,0,6619,40.440467834472656,-79.93558502197266
1629710308,4609020,20,0,6614,40.48875045776367,-80.10751342773438
1629710301,5744020,44,0,1728,40.41319274902344,-79.97818756103516
1629710314,10189020,83,0,6618,40.44145965576172,-79.95703887939453
1629710310,7337020,Y46,0,6631,40.29234313964844,-79.87500762939453
1629710314,12132020,51,0,6625,40.40822219848633,-79.99134826660156
1629710311,14126020,Y49,0,6624,40.33047866821289,-79.92385864257812
1629710302,5783020,54,0,6506,40.45515060424805,-79.94769287109375
1629710285,1157020,39,0,6520,40.392433166503906,-80.00629425048828
1629710296,3522020,71A,0,6641,40.438446044921875,-79.9825439453125
1629710304,881020,53L,0,6634,40.397403717041016,-79.90125274658203
1629710310,7849020,26,0,6518,40.458229064941406,-80.06403350830078
1629710314,2160020,75,0,6650,40.45766830444336,-79.91720581054688
1629710309,8893020,54,0,6410,40.41790771484375,-79.99726104736328
1629710312,9117020,61A,0,6532,40.44035720825195,-79.88890075683594
1629710311,3814020,77,0,6644,40.45734405517578,-79.75819396972656
1629710304,6947020,28X,0,6647,40.4415397644043,-80.00318145751953
1629710309,5024020,54,0,6404,40.41704559326172,-79.9881591796875
1629710306,10484020,18,0,6408,40.44735336303711,-80.02007293701172
1629710298,5593020,36,0,6420,40.34860610961914,-80.05198669433594
1629710304,8620020,69,0,6544,40.43442916870117,-79.86871337890625
1629710294,139020,2,0,6301,40.45336151123047,-80.0013198852539
1629710304,9729020,14,0,6413,40.49901580810547,-80.07135009765625
1629710314,8875020,56,0,6534,40.354835510253906,-79.91341400146484
1629710301,939020,21,0,6416,40.44356918334961,-80.02655029296875
1629710313,160020,Y46,0,6537,40.431732177734375,-80.00411224365234
1629710311,72020,31,0,6419,40.3772087097168,-80.0971908569336
1629710308,10314020,2,0,6312,40.54750061035156,-80.01988220214844
1629710315,11768020,27,0,6424,40.44337463378906,-80.00485229492188
1629710315,4559020,77,0,6548,40.458213806152344,-79.89989471435547
1629710306,1099020,82,0,6547,40.4605598449707,-79.91421508789062
1629710301,2875020,1,0,6307,40.56380844116211,-79.7735824584961
1629710314,1789020,61B,0,6441,40.44153594970703,-79.99797058105469
1629710197,9384020,2,0,6203,40.55783462524414,-79.98371124267578
1629710311,3234020,21,0,6324,40.48617935180664,-80.0754165649414
1629710295,1277020,24,0,6323,40.468238830566406,-80.09797668457031
1629710315,3357020,91,0,6202,40.45112228393555,-79.98248291015625
1629710308,4656020,91,0,6315,40.48714828491211,-79.88571166992188
1629710312,272020,P10,0,6557,40.63190841674805,-79.71539306640625
1629710310,3310020,51,0,6439,40.363712310791016,-79.98406219482422
1629710311,4281020,91,0,5901,40.49013900756836,-79.8699722290039
1629710312,5716020,6,0,5902,40.44429397583008,-80.000732421875
1629710307,12837020,64,0,6335,40.41205596923828,-79.91144561767578
1629710290,3628020,Y47,0,6334,40.347660064697266,-79.9474868774414
1629710297,4926020,48,0,5917,40.42143630981445,-80.00475311279297
1629710277,12127020,2,0,6205,40.508480072021484,-79.9521255493164
1629710314,12436020,8,0,6206,40.46642303466797,-80.01136016845703
1629710303,119020,41,0,5911,40.385719299316406,-80.05023193359375
1629710295,7149020,88,0,6463,40.466041564941406,-79.95294189453125
1629710308,12752020,57,0,6341,40.43887710571289,-80.00311279296875
1629710304,1428020,67,0,6462,40.44445037841797,-79.94189453125
1629710315,7215020,39,0,6223,40.44599151611328,-79.98914337158203
1629710295,11415020,91,0,6102,40.46092987060547,-79.96973419189453
1629710305,13880020,51,0,6346,40.428802490234375,-79.98410034179688
1629710311,4741020,1,0,6216,40.48841094970703,-79.89354705810547
1629710313,13759020,20,0,6218,40.43975830078125,-80.00545501708984
1629710312,6012020,91,0,5803,40.493690490722656,-79.9159927368164
1629710921,2530020,59,0,6351,40.36317443847656,-79.85894775390625
1629710885,5877020,52L,0,6353,40.371646881103516,-79.84480285644531
1629710914,12529020,59,0,6357,40.419124603271484,-79.88432312011719
1629710921,13319020,27,0,6229,40.457611083984375,-80.07344055175781
1629710914,7407020,P12,0,6363,40.46669387817383,-79.70597076416016
1629710894,9618020,P16,0,6366,40.484500885009766,-79.81884002685547
1629710905,1214020,54,0,6005,40.454654693603516,-80.00847625732422
1629710915,10602020,22,0,5708,40.479129791259766,-80.07364654541016
1629710916,9009020,58,0,5940,40.43446350097656,-79.9537353515625
1629710909,11686020,61C,0,6358,40.4337158203125,-79.92295837402344
1629710920,3768020,15,0,5702,40.45193862915039,-80.0012435913086
1629710920,1221020,69,0,5944,40.39636993408203,-79.79383850097656
1629710903,14482020,16,0,6014,40.50379180908203,-80.07450866699219
1629710922,5005020,17,0,6013,40.45466613769531,-80.02288818359375
1629710915,7425020,28X,0,6137,40.42506790161133,-80.1187973022461
1629710914,9293020,P68,0,6258,40.44375991821289,-79.99366760253906
1629710901,3955020,P1,0,3414,40.44356155395508,-79.99293518066406
1629710924,4359020,53L,0,6249,40.34760665893555,-79.93446350097656
1629710909,14531020,71D,0,5715,40.43843460083008,-79.96295166015625
1629710914,7439020,21,0,6021,40.535823822021484,-80.1849365234375
1629710920,4144020,28X,0,6265,40.4515495300293,-80.16121673583984
1629710912,1870020,79,0,6264,40.4542121887207,-79.86943054199219
1629710897,14388020,G3,0,6022,40.45187759399414,-80.04598236083984
1629710910,9616020,29,0,6025,40.45273971557617,-80.19349670410156
1629710917,46020,82,0,6267,40.441429138183594,-79.98628997802734
1629710915,14683020,88,0,6146,40.456787109375,-79.91355895996094
1629710911,8493020,G2,0,3304,40.44229507446289,-80.00025939941406
1629710894,5828020,71C,0,3424,40.449920654296875,-79.8915786743164
1629710915,1567020,71A,0,3423,40.475887298583984,-79.9197998046875
1629710907,2076020,75,0,6138,40.48900604248047,-79.91209411621094
1629710910,14078020,93,0,6038,40.43451690673828,-79.92467498779297
1629710903,8513020,71C,0,3321,40.458251953125,-79.9185562133789
1629710915,568020,67,0,6271,40.444496154785156,-79.9168472290039
1629710921,4539020,24,0,5611,40.45402526855469,-80.17161560058594
1629710919,5541020,P10,0,6046,40.667415618896484,-79.71052551269531
1629710902,9720020,P1,0,3328,40.4151725769043,-79.87952423095703
1629710904,11925020,61D,0,3206,40.42615509033203,-79.92766571044922
1629710871,7669020,61B,0,3202,40.42685317993164,-79.89115142822266
1629710903,7205020,71B,0,3323,40.44680404663086,-79.94989013671875
1629710917,5731020,4,0,1709,40.46921920776367,-79.98210906982422
1629710911,9601020,11,0,1704,40.44615936279297,-79.98866271972656
1629710913,12290020,71D,0,6059,40.453697204589844,-79.91474151611328
1629710895,536020,P1,0,3221,40.44180679321289,-79.88668060302734
1629710868,2587020,P12,0,3219,40.43995666503906,-79.87930297851562
1629710908,10873020,88,0,3213,40.45606994628906,-79.91545104980469
1629710897,2038020,41,0,5634,40.3503303527832,-80.1048583984375
1629710917,7538020,16,0,6602,40.44157791137695,-80.0037841796875
1629710912,10369020,44,0,1716,40.38539123535156,-79.96044921875
1629710864,10722020,54,0,6604,40.45468521118164,-79.9477310180664
1629710914,13272020,81,0,6620,40.44044494628906,-79.99507141113281
1629710924,14039020,61C,0,6619,40.43815612792969,-79.97599792480469
1629710921,4609020,20,0,6614,40.49309539794922,-80.11790466308594
1629710923,5744020,44,0,1728,40.417259216308594,-80.0049057006836
1629710908,10189020,83,0,6618,40.44477844238281,-79.96318054199219
1629710917,3564020,61A,0,6630,40.41530990600586,-79.8757553100586
1629710913,7337020,Y46,0,6631,40.293678283691406,-79.899658203125
1629710922,743020,G2,0,3234,40.40621566772461,-80.09003448486328
1629710899,12132020,51,0,6625,40.428749084472656,-79.98638916015625
1629710924,14126020,Y49,0,6624,40.34840393066406,-79.94743347167969
1629710914,5783020,54,0,6506,40.45660400390625,-79.96862030029297
1629710905,7320020,14,0,6505,40.58369445800781,-80.22518920898438
1629710919,14730020,61C,0,6629,40.40717315673828,-79.9107894897461
1629710899,1157020,39,0,6520,40.42132568359375,-80.00672912597656
1629710908,13614020,71A,0,6641,40.43954849243164,-79.99681091308594
1629710894,6375020,P3,0,3255,40.414756774902344,-79.87882995605469
1629710921,881020,53L,0,6634,40.42049026489258,-79.9273910522461
1629710907,7849020,26,0,6518,40.44129180908203,-80.0087661743164
1629710913,2160020,75,0,6650,40.444496154785156,-79.95470428466797
1629710923,8893020,54,0,6410,40.42107009887695,-80.00541687011719
1629710921,9117020,61A,0,6532,40.44389343261719,-79.93879699707031
1629710921,3205020,69,0,6653,40.43144607543945,-79.86437225341797
1629710919,13558020,P78,0,3260,40.526363372802734,-79.8440170288086
1629710924,3814020,77,0,6644,40.486671447753906,-79.80745697021484
1629710921,6947020,28X,0,6647,40.440391540527344,-79.95858764648438
1629710923,5024020,54,0,6404,40.436729431152344,-79.96595764160156
1629710918,8637020,16,0,6407,40.50046157836914,-80.0663833618164
1629710915,8836020,18,0,6408,40.44784164428711,-80.01966094970703
1629710917,5593020,36,0,6420,40.386451721191406,-80.05432891845703
1629710870,8620020,69,0,6544,40.44985580444336,-79.89168548583984
1629710921,5964020,2,0,6301,40.4536018371582,-80.00005340576172
1629710919,6623020,71A,0,6543,40.469329833984375,-79.92723846435547
1629710923,9729020,14,0,6413,40.44873809814453,-80.024169921875
1629710910,8875020,56,0,6534,40.385807037353516,-79.93199920654297
1629710924,939020,21,0,6416,40.484718322753906,-80.0730972290039
1629710919,14552020,Y46,0,6537,40.4415283203125,-79.99803924560547
1629710910,72020,31,0,6419,40.409793853759766,-80.0830307006836
1629710911,3591020,54,0,6310,40.41034698486328,-79.99781799316406
1629710913,10314020,2,0,6312,40.56420135498047,-79.99095153808594
1629710920,13519020,28X,0,6546,40.44792175292969,-79.93573760986328
1629710921,6797020,27,0,6424,40.45139694213867,-80.06890869140625
1629710904,8239020,17,0,6306,40.5011100769043,-80.02233123779297
1629710916,4559020,77,0,6548,40.462181091308594,-79.93148040771484
1629710909,1099020,82,0,6547,40.45496368408203,-79.94170379638672
1629710901,2892020,81,0,6429,40.430419921875,-79.9771957397461
1629710918,2875020,1,0,6307,40.541160583496094,-79.78070068359375
1629710916,3315020,57,0,6428,40.41093826293945,-79.90693664550781
1629710915,9626020,61B,0,6441,40.437461853027344,-79.98056030273438
1629710918,9384020,2,0,6203,40.509273529052734,-79.95339965820312
1629710875,3234020,21,0,6324,40.46018600463867,-80.04817962646484
1629710915,1277020,24,0,6323,40.46773910522461,-80.06715393066406
1629710921,4704020,91,0,6202,40.44247817993164,-79.9996109008789
1629710894,4656020,91,0,6315,40.50038146972656,-79.86097717285156
1629710920,272020,P10,0,6557,40.601261138916016,-79.7511978149414
1629710910,3310020,51,0,6439,40.39801788330078,-79.98841857910156
1629710913,4281020,91,0,5901,40.48786163330078,-79.88729095458984
1629710922,5716020,6,0,5902,40.466148376464844,-79.99301147460938
1629710923,13138020,38,0,6330,40.38169860839844,-80.09425354003906
1629710918,12837020,64,0,6335,40.4261474609375,-79.92766571044922
1629710919,3628020,Y47,0,6334,40.343772888183594,-79.98515319824219
1629710919,4926020,48,0,5917,40.42407989501953,-79.96992492675781
1629710916,12127020,2,0,6205,40.56448745727539,-79.99165344238281
1629710913,7261020,P13,0,6204,40.54254913330078,-80.01326751708984
1629710907,8770020,Y45,0,6446,40.320640563964844,-79.98548889160156
1629710898,12436020,8,0,6206,40.44829559326172,-80.00053405761719
1629710916,119020,41,0,5911,40.411373138427734,-80.01204681396484
1629710919,6186020,6,0,6209,40.4836540222168,-80.00382232666016
1629710918,7149020,88,0,6463,40.453338623046875,-79.97923278808594
1629710900,12222020,57,0,6341,40.43581008911133,-79.97266387939453
1629710922,1428020,67,0,6462,40.43785858154297,-79.97322845458984
1629710897,7215020,39,0,6223,40.44544982910156,-79.99008178710938
1629710908,11415020,91,0,6102,40.48257827758789,-79.95170593261719
1629710900,13880020,51,0,6346,40.440338134765625,-80.00061798095703
1629710923,11037020,1,0,5805,40.60255813598633,-79.75223541259766
1629710914,4741020,1,0,6216,40.495906829833984,-79.93942260742188
1629710909,12975020,20,0,6218,40.45634078979492,-80.0430679321289
1629710897,13339020,56,0,6339,40.35038757324219,-79.83441925048828
1629710915,6012020,91,0,5803,40.48044204711914,-79.9544448852539
1629711454,2530020,59,0,6351,40.35456085205078,-79.8425064086914
1629711454,5877020,52L,0,6353,40.373130798339844,-79.84695434570312
1629711453,12529020,59,0,6357,40.408599853515625,-79.8931884765625
1629711472,13319020,27,0,6229,40.441471099853516,-80.03594207763672
1629711476,707020,26,0,5811,40.44475173950195,-80.0660400390625
1629711477,238020,82,0,6361,40.47236633300781,-79.89083099365234
1629711457,7407020,P12,0,6363,40.45435333251953,-79.71142578125
1629711473,9618020,P16,0,6366,40.44609832763672,-79.85044860839844
1629711473,11527020,54,0,6005,40.455474853515625,-80.0062255859375
1629711465,8398020,8,0,5707,40.5176887512207,-80.0301513671875
1629711470,10602020,22,0,5708,40.467384338378906,-80.05269622802734
1629711469,9009020,58,0,5940,40.41981887817383,-79.93040466308594
1629711465,11686020,61C,0,6358,40.40629959106445,-79.9117660522461
1629711467,3768020,15,0,5702,40.445648193359375,-79.9897689819336
1629711473,1221020,69,0,5944,40.399993896484375,-79.81523132324219
1629711470,14482020,16,0,6014,40.503883361816406,-80.07485961914062
1629711461,5005020,17,0,6013,40.45089340209961,-80.00090789794922
1629711450,7425020,28X,0,6137,40.46495056152344,-80.19523620605469
1629711440,6101020,P68,0,6258,40.460445404052734,-79.95611572265625
1629711459,2212020,P1,0,3414,40.4470329284668,-79.98763275146484
1629711467,4359020,53L,0,6249,40.369590759277344,-79.91275787353516
1629711477,14219020,12,0,6009,40.57197952270508,-80.0172348022461
1629711467,14531020,71D,0,5715,40.44977951049805,-79.92980194091797
1629711477,7439020,21,0,6021,40.51585388183594,-80.14457702636719
1629711469,4144020,28X,0,6265,40.425697326660156,-80.07318115234375
1629711450,319020,G3,0,6022,40.44354248046875,-79.99539184570312
1629711475,1700020,P17,0,6264,40.47503662109375,-79.86727142333984
1629711465,9616020,29,0,6025,40.448280334472656,-80.16261291503906
1629711465,46020,82,0,6267,40.45329666137695,-79.94731140136719
1629711474,14683020,88,0,6146,40.46377944946289,-79.93133544921875
1629711460,6537020,G2,0,3304,40.441497802734375,-80.00347137451172
1629711475,5828020,71C,0,3424,40.44662094116211,-79.8935775756836
1629711456,6046020,71B,0,3423,40.479583740234375,-79.9220199584961
1629711464,2076020,75,0,6138,40.470375061035156,-79.92300415039062
1629711460,13408020,13,0,5603,40.51792907714844,-80.0312728881836
1629711447,10818020,87,0,6159,40.47178649902344,-79.927001953125
1629711459,14078020,93,0,6038,40.437618255615234,-79.9650650024414
1629711439,8513020,71C,0,3321,40.45567321777344,-79.93933868408203
1629711442,568020,67,0,6271,40.444637298583984,-79.94388580322266
1629711473,4539020,24,0,5611,40.457374572753906,-80.13792419433594
1629711474,1860020,71B,0,3319,40.46030807495117,-79.92498779296875
1629711468,5541020,P10,0,6046,40.62239074707031,-79.72676086425781
1629711450,9720020,P1,0,3328,40.41514205932617,-79.87953186035156
1629711432,11925020,61D,0,3206,40.44463348388672,-79.94390106201172
1629711462,12038020,61D,0,3204,40.41100311279297,-79.90663146972656
1629711473,7669020,61B,0,3202,40.43777847290039,-79.93170166015625
1629711476,7205020,71B,0,3323,40.46501922607422,-79.92318725585938
1629711475,5731020,4,0,1709,40.4599609375,-79.98554229736328
1629711468,5372020,11,0,1704,40.44615936279297,-79.98866271972656
1629711459,12290020,71D,0,6059,40.44590759277344,-79.95272827148438
1629711449,536020,P1,0,3221,40.45658874511719,-79.94645690917969
1629711477,2587020,P12,0,3219,40.45896911621094,-79.96770477294922
1629711448,10873020,88,0,3213,40.45780944824219,-79.9141845703125
1629711468,2038020,41,0,5634,40.375301361083984,-80.09394836425781
1629711457,7538020,16,0,6602,40.45407485961914,-80.01406860351562
1629711472,10369020,44,0,1716,40.399261474609375,-79.96717071533203
1629711476,10722020,54,0,6604,40.436920166015625,-79.96591186523438
1629711471,12085020,81,0,6620,40.44150924682617,-79.99231719970703
1629711472,14039020,61C,0,6619,40.44099807739258,-80.00106811523438
1629711461,6679020,20,0,6611,40.46826171875,-80.09819030761719
1629711475,4609020,20,0,6614,40.46495819091797,-80.07380676269531
1629711453,5744020,44,0,1728,40.43193054199219,-80.00343322753906
1629711473,10189020,83,0,6618,40.44918441772461,-79.9760971069336
1629711471,3564020,61A,0,6630,40.43818664550781,-79.88143920898438
1629711454,7337020,Y46,0,6631,40.33223342895508,-79.94593048095703
1629711426,743020,G2,0,3234,40.44403076171875,-80.06591796875
1629711457,12716020,91,0,6502,40.49003982543945,-79.87113189697266
1629711462,12132020,51,0,6625,40.43793487548828,-80.00225830078125
1629711470,14126020,Y49,0,6624,40.364540100097656,-79.9672622680664
1629711471,5783020,54,0,6506,40.4553108215332,-80.00762939453125
1629711464,7320020,14,0,6505,40.5418701171875,-80.18260192871094
1629711455,1973020,59,0,6626,40.338008880615234,-79.95117950439453
1629711460,14730020,61C,0,6629,40.428306579589844,-79.92472839355469
1629711464,1157020,39,0,6520,40.44179916381836,-79.99964141845703
1629711474,13614020,71A,0,6641,40.437076568603516,-79.96569061279297
1629711460,6375020,P3,0,3255,40.433475494384766,-79.88500213623047
1629711477,3029020,P76,0,3250,40.32294845581055,-79.82135772705078
1629711426,881020,53L,0,6634,40.43644332885742,-79.99675750732422
1629711476,4082020,26,0,6518,40.45011901855469,-80.0450668334961
1629711466,2160020,75,0,6650,40.42707824707031,-79.96478271484375
1629711430,8893020,54,0,6410,40.42107009887695,-80.00541687011719
1629711470,6915020,93,0,6531,40.4078254699707,-79.92640686035156
1629711475,9117020,61A,0,6532,40.436912536621094,-79.9659194946289
1629711453,3205020,69,0,6653,40.404930114746094,-79.826171875
1629711470,13558020,P78,0,3260,40.48735046386719,-79.837158203125
1629711475,6687020,71A,0,3258,40.47616958618164,-79.92093658447266
1629711477,3814020,77,0,6644,40.461585998535156,-79.84842681884766
1629711477,6947020,28X,0,6647,40.45191955566406,-79.92402648925781
1629711407,5024020,54,0,6404,40.4487419128418,-79.9500732421875
1629711454,8637020,16,0,6407,40.487178802490234,-80.0384292602539
1629711474,8987020,15,0,6406,40.482879638671875,-80.00357055664062
1629711474,8836020,18,0,6408,40.4602165222168,-80.03133392333984
1629711390,5593020,36,0,6420,40.41905975341797,-80.02972412109375
1629711445,8620020,69,0,6544,40.44985580444336,-79.89168548583984
1629711475,5964020,2,0,6301,40.48420333862305,-79.97295379638672
1629711468,6623020,71A,0,6543,40.45357131958008,-79.9463882446289
1629711456,10798020,55,0,6535,40.34870529174805,-79.94463348388672
1629711454,9729020,14,0,6413,40.447811126708984,-80.01777648925781
1629711458,8875020,56,0,6534,40.41553497314453,-79.94647979736328
1629711477,939020,21,0,6416,40.512123107910156,-80.13165283203125
1629711453,14552020,Y46,0,6537,40.42022705078125,-80.00855255126953
1629711476,72020,31,0,6419,40.4375114440918,-80.0516128540039
1629711474,12180020,89,0,6551,40.460540771484375,-79.92233276367188
1629711477,3591020,54,0,6310,40.42331314086914,-79.97769927978516
1629711469,10314020,2,0,6312,40.52186584472656,-79.95973205566406
1629711470,13519020,28X,0,6546,40.43964385986328,-79.96138000488281
1629711474,6797020,27,0,6424,40.44615936279297,-80.06780242919922
1629711466,8239020,17,0,6306,40.48970413208008,-80.04437255859375
1629711467,4559020,77,0,6548,40.457149505615234,-79.96253967285156
1629711473,1099020,82,0,6547,40.441280364990234,-79.98539733886719
1629711474,2892020,81,0,6429,40.44147872924805,-79.95706939697266
1629711474,2875020,1,0,6307,40.53533935546875,-79.84257507324219
1629711454,3315020,57,0,6428,40.4078254699707,-79.9117202758789
1629711474,9626020,61B,0,6441,40.4431037902832,-79.93799591064453
1629711326,9384020,2,0,6203,40.494144439697266,-79.96234893798828
1629711475,12541020,21,0,6324,40.43941116333008,-80.01628875732422
1629711463,1277020,24,0,6323,40.439857482910156,-80.01728820800781
1629711475,4704020,91,0,6202,40.454490661621094,-79.9775619506836
1629711455,4656020,91,0,6315,40.50038146972656,-79.86097717285156
1629711455,272020,P10,0,6557,40.563804626464844,-79.77444458007812
1629711436,9857020,51,0,6438,40.380615234375,-79.97626495361328
1629711468,8733020,31,0,6319,40.35953903198242,-80.11177062988281
1629711466,3310020,51,0,6439,40.421775817871094,-79.97919464111328
1629711463,4281020,91,0,5901,40.49463653564453,-79.9350357055664
1629711474,5716020,6,0,5902,40.48191833496094,-80.00273895263672
1629711454,7487020,P10,0,6450,40.667423248291016,-79.71123504638672
1629711466,13138020,38,0,6330,40.388431549072266,-80.07756042480469
1629711474,10376020,39,0,6332,40.389862060546875,-80.0100326538086
1629711461,12837020,64,0,6335,40.45212936401367,-79.92048645019531
1629711468,3628020,Y47,0,6334,40.3876953125,-79.99715423583984
1629711460,4926020,48,0,5917,40.43083190917969,-80.00111389160156
1629711474,12127020,2,0,6205,40.53818893432617,-80.01154327392578
1629711470,7261020,P13,0,6204,40.56415557861328,-79.99083709716797
1629711476,8770020,Y45,0,6446,40.34386444091797,-79.99703216552734
1629711467,6533020,8,0,6206,40.45600509643555,-80.00257110595703
1629711466,119020,41,0,5911,40.4318962097168,-80.00331115722656
1629711475,6186020,6,0,6209,40.466495513916016,-79.99390411376953
1629711409,11573020,29,0,6221,40.42531967163086,-80.18878936767578
1629711457,4120020,88,0,6463,40.443145751953125,-79.99723052978516
1629711473,12222020,57,0,6341,40.40638732910156,-79.94178771972656
1629711465,1428020,67,0,6462,40.441471099853516,-80.0023193359375
1629711468,7215020,39,0,6223,40.4454231262207,-79.9899673461914
1629711441,11415020,91,0,6102,40.493385314941406,-79.91432189941406
1629711477,7218020,51,0,6346,40.430850982666016,-80.00127410888672
1629711476,11037020,1,0,5805,40.56388854980469,-79.7732925415039
1629711453,4741020,1,0,6216,40.49287033081055,-79.94906616210938
1629711471,12975020,20,0,6218,40.472389221191406,-80.09284973144531
1629711463,13339020,56,0,6339,40.342933654785156,-79.86267852783203
1629711477,6012020,91,0,5803,40.45994186401367,-79.97115325927734
1629712403,2530020,59,0,6351,40.345516204833984,-79.88621520996094
1629712405,5877020,52L,0,6353,40.397430419921875,-79.88861846923828
1629712403,476020,61A,0,6355,40.413604736328125,-79.87151336669922
1629712419,12529020,59,0,6357,40.40895462036133,-79.90388488769531
1629712401,2891020,27,0,6229,40.44384765625,-80.02760314941406
1629712384,707020,26,0,5811,40.44306182861328,-80.03968048095703
1629712420,13533020,77,0,6362,40.45669937133789,-79.75908660888672
1629712414,238020,82,0,6361,40.45508575439453,-79.94132995605469
1629712412,7407020,P12,0,6363,40.442649841308594,-79.81697845458984
1629712405,9618020,P16,0,6366,40.45721435546875,-79.95073699951172
1629712417,11527020,54,0,6005,40.459136962890625,-79.94672393798828
1629712400,8398020,8,0,5707,40.47800064086914,-80.01209259033203
1629712409,880020,22,0,5708,40.44032669067383,-80.0181655883789
1629712413,9009020,58,0,5940,40.439090728759766,-80.00347900390625
1629712419,11686020,61C,0,6358,40.36729049682617,-79.84233856201172
1629712419,10922020,17,0,5701,40.501338958740234,-80.02204132080078
1629712362,3768020,15,0,5702,40.445682525634766,-79.98970794677734
1629712419,1221020,69,0,5944,40.445091247558594,-79.88609313964844
1629712412,9879020,54,0,5703,40.45402908325195,-80.00199127197266
1629712402,14007020,O1,0,3407,40.44902038574219,-80.00576782226562
1629712409,6998020,91,0,6011,40.494590759277344,-79.88591003417969
1629712404,1672020,16,0,6014,40.50374984741211,-80.07495880126953
1629712409,-829819747,17,1,6013,40.454872131347656,-80.002197265625
1629712388,7425020,28X,0,6137,40.496463775634766,-80.25878143310547
1629712395,6101020,P68,0,6258,40.43560791015625,-79.87159729003906
1629712417,14312020,71B,0,3420,40.47891616821289,-79.9190902709961
1629712421,2212020,P1,0,3414,40.41896057128906,-79.88616943359375
1629712412,4359020,53L,0,6249,40.4068603515625,-79.91116333007812
1629712388,14219020,12,0,6009,40.55010986328125,-80.01731872558594
1629712398,14531020,71D,0,5715,40.44530487060547,-79.8877944946289
1629712407,7439020,21,0,6021,40.47352981567383,-80.0628890991211
1629712415,5999020,67,0,6262,40.44075012207031,-79.74610137939453
1629712400,4144020,28X,0,6265,40.434940338134766,-79.98739624023438
1629712378,319020,G3,0,6022,40.45280838012695,-80.05399322509766
1629712409,1700020,P17,0,6264,40.460880279541016,-79.91514587402344
1629712388,9616020,29,0,6025,40.438804626464844,-80.07194519042969
1629712415,46020,82,0,6267,40.470272064208984,-79.89334869384766
1629712396,14683020,88,0,6146,40.45459747314453,-79.97801208496094
1629712422,6537020,G2,0,3304,40.40781021118164,-80.08967590332031
1629712420,5828020,71C,0,3424,40.45612335205078,-79.93782806396484
1629712420,6046020,71B,0,3423,40.4531135559082,-79.92471313476562
1629712384,7114020,P1,0,3421,40.45942306518555,-79.96619415283203
1629712413,2076020,75,0,6138,40.44684982299805,-79.94978332519531
1629712419,8578020,86,0,6259,40.458251953125,-79.9185562133789
1629712408,13408020,13,0,5603,40.4831657409668,-80.04108428955078
1629712416,11260020,2,0,5605,40.5247917175293,-80.00702667236328
1629712397,14457020,P7,0,3308,40.414798736572266,-79.88327026367188
1629712406,1547020,87,0,6153,40.4849739074707,-79.92768096923828
1629712413,4677020,64,0,6155,40.45279312133789,-79.92137908935547
1629712414,10452020,71C,0,7001,40.4477653503418,-79.89703369140625
1629712414,4216020,P12,0,6154,40.46757507324219,-79.70620727539062
1629712393,10818020,87,0,6159,40.445228576660156,-79.99322509765625
1629712404,14078020,93,0,6038,40.468692779541016,-79.96211242675781
1629712420,8513020,71C,0,3321,40.43856430053711,-79.98529815673828
1629712417,568020,67,0,6271,40.438514709472656,-79.98432159423828
1629712419,4539020,24,0,5611,40.472740173339844,-80.09335327148438
1629712410,7056020,8,0,5732,40.51721954345703,-80.03868103027344
1629712415,1860020,71B,0,3319,40.43702697753906,-79.9706039428711
1629712408,5541020,P10,0,6046,40.57984924316406,-79.7790298461914
1629712416,14134020,74,0,6048,40.469139099121094,-79.90042877197266
1629712397,7011020,28X,0,3331,40.44990158081055,-79.92939758300781
1629712391,5548020,P67,0,6160,40.43329620361328,-79.794189453125
1629712391,13251020,P1,0,3328,40.41908645629883,-79.88618469238281
1629712391,11925020,61D,0,3206,40.44206237792969,-80.00127410888672
1629712417,12038020,61D,0,3204,40.42454528808594,-79.92820739746094
1629712422,7669020,61B,0,3202,40.43891525268555,-79.99362182617188
1629712418,5612020,71A,0,3323,40.471763610839844,-79.92616271972656
1629712402,11834020,4,0,1709,40.45505142211914,-79.99456024169922
1629712401,5372020,11,0,1704,40.454078674316406,-80.00193786621094
1629712399,12290020,71D,0,6059,40.4420280456543,-80.00140380859375
1629712412,2392020,P1,0,3221,40.459999084472656,-79.962890625
1629712394,2587020,P12,0,3219,40.445919036865234,-79.98892211914062
1629712401,10873020,88,0,3213,40.45780944824219,-79.9141845703125
1629712418,2038020,41,0,5634,40.39849853515625,-80.02593994140625
1629712397,10369020,44,0,1716,40.414039611816406,-79.98783874511719
1629712411,11378020,G31,0,5636,40.354949951171875,-80.11933135986328
1629712421,12085020,81,0,6620,40.44089889526367,-79.96076202392578
1629712402,11125020,O12,0,3231,40.52559280395508,-80.00556945800781
1629712421,4313020,61C,0,6619,40.44441604614258,-79.94876861572266
1629712414,6679020,20,0,6611,40.50210189819336,-80.12117767333984
1629712404,8045020,20,0,6614,40.442604064941406,-80.00440216064453
1629712404,14527020,51,0,6616,40.386878967285156,-79.98192596435547
1629712404,1646020,83,0,6618,40.442562103271484,-79.99613952636719
1629712422,3564020,61A,0,6630,40.43911361694336,-79.93431091308594
1629712420,6401020,15,0,6511,40.44276428222656,-79.9986572265625
1629712417,7337020,Y46,0,6631,40.39892578125,-80.00121307373047
1629712417,32020,G2,0,3234,40.44242858886719,-79.99556732177734
1629712421,12716020,91,0,6502,40.494590759277344,-79.93357849121094
1629712421,1319020,51,0,6622,40.371315002441406,-79.9752426147461
1629712412,14126020,Y49,0,6624,40.4091911315918,-80.00621795654297
1629712408,7320020,14,0,6505,40.495941162109375,-80.06729888916016
1629712399,1973020,59,0,6626,40.34941101074219,-79.89241027832031
1629712392,14730020,61C,0,6629,40.44153594970703,-79.95881652832031
1629712408,1157020,39,0,6520,40.44525146484375,-79.99034118652344
1629712421,13614020,71A,0,6641,40.457881927490234,-79.93409729003906
1629712419,6375020,P3,0,3255,40.445762634277344,-79.95293426513672
1629712392,3029020,P76,0,3250,40.383689880371094,-79.81932067871094
1629712396,6492020,P3,0,3248,40.414756774902344,-79.87882995605469
1629712420,549020,53L,0,6634,40.42586898803711,-79.94100189208984
1629712419,2294020,24,0,6515,40.45172119140625,-80.15831756591797
1629712422,7197020,69,0,5667,40.388885498046875,-79.74915313720703
1629712409,4082020,26,0,6518,40.441219329833984,-80.06932830810547
1629712392,7772020,75,0,6650,40.440826416015625,-79.95963287353516
1629712386,2732020,54,0,6410,40.421146392822266,-80.00534057617188
1629712417,8217020,67,0,6652,40.4508171081543,-79.9062271118164
1629712418,6915020,93,0,6531,40.42454528808594,-79.92820739746094
1629712350,14609020,59,0,6530,40.38764953613281,-79.82350158691406
1629712401,6530020,61A,0,6532,40.44034194946289,-79.99512481689453
1629712410,3205020,69,0,6653,40.39318084716797,-79.80970764160156
1629712422,13558020,P78,0,3260,40.44295120239258,-79.87680053710938
1629712422,6687020,71A,0,3258,40.44559097290039,-79.95317840576172
1629712393,14252020,Y47,0,6524,40.329933166503906,-79.92317199707031
1629712412,3814020,77,0,6644,40.45832061767578,-79.91865539550781
1629712416,13068020,54,0,6405,40.40885925292969,-79.99156188964844
1629712420,5024020,54,0,6404,40.45719909667969,-79.97514343261719
1629712417,8637020,16,0,6407,40.452701568603516,-80.00154876708984
1629712414,4421020,61C,0,6528,40.376861572265625,-79.84870910644531
1629712396,8987020,15,0,6406,40.45580291748047,-80.00454711914062
1629712417,9667020,18,0,6408,40.44668197631836,-80.01880645751953
1629712420,7664020,53L,0,6529,40.34617614746094,-79.92626953125
1629712397,39020,28X,0,6542,40.453582763671875,-80.171875
1629712415,13752020,36,0,6420,40.38661575317383,-80.05442810058594
1629712411,11876020,69,0,6544,40.44135665893555,-79.88065338134766
1629712413,5964020,2,0,6301,40.53923797607422,-79.97225952148438
1629712400,6623020,71A,0,6543,40.4399299621582,-79.99420166015625
1629712411,10798020,55,0,6535,40.34649658203125,-79.9515380859375
1629712420,3235020,14,0,6413,40.45460891723633,-80.02857208251953
1629712410,12830020,56,0,6534,40.43895721435547,-80.00018310546875
1629712420,939020,21,0,6416,40.53696060180664,-80.1843032836914
1629712399,14552020,Y46,0,6537,40.361351013183594,-79.98258972167969
1629712355,3968020,41,0,6415,40.34920883178711,-80.10366821289062
1629712408,13171020,31,0,6419,40.44581604003906,-79.98944854736328
1629712421,1479020,89,0,6551,40.468963623046875,-79.9281997680664
1629712387,3591020,54,0,6310,40.446773529052734,-79.9504623413086
1629712374,12979020,83,0,6431,40.44500732421875,-79.9539794921875
1629712409,10314020,2,0,6312,40.48520278930664,-79.9729995727539
1629712362,13519020,28X,0,6546,40.4421272277832,-80.0228500366211
1629712406,6797020,27,0,6424,40.44139862060547,-80.06864929199219
1629712421,8239020,17,0,6306,40.45649719238281,-80.02713012695312
1629712406,4559020,77,0,6548,40.4415283203125,-80.00247955322266
1629712411,13719020,82,0,6547,40.445289611816406,-79.9763412475586
1629712418,2892020,81,0,6429,40.444210052490234,-79.97612762451172
1629712411,2875020,1,0,6307,40.48991775512695,-79.90504455566406
1629712417,3315020,57,0,6428,40.4110221862793,-79.94625091552734
1629712403,4104020,P68,0,6549,40.405757904052734,-79.84420013427734
1629712393,9626020,61B,0,6441,40.41252517700195,-79.88216400146484
1629712394,12106020,1,0,6201,40.600685119628906,-79.75711059570312
1629712418,14009020,48,0,6321,40.4173583984375,-79.96546936035156
1629712402,9384020,2,0,6203,40.44588851928711,-79.99935150146484
1629712413,12541020,21,0,6324,40.49265670776367,-80.08037567138672
1629712422,5211020,24,0,6323,40.46428680419922,-80.05309295654297
1629712417,4704020,91,0,6202,40.494747161865234,-79.93607330322266
1629712414,7902020,91,0,6315,40.50041580200195,-79.86093139648438
1629712412,272020,P10,0,6557,40.540771484375,-79.83303833007812
1629712403,9857020,51,0,6438,40.42380142211914,-79.9776611328125
1629712385,8733020,31,0,6319,40.408721923828125,-80.08363342285156
1629712414,3310020,51,0,6439,40.439971923828125,-80.0008773803711
1629712421,4281020,91,0,5901,40.4597282409668,-79.97147369384766
1629712406,870020,15,0,5902,40.470977783203125,-80.0088882446289
1629712410,7487020,P10,0,6450,40.648475646972656,-79.70906066894531
1629712398,12601020,21,0,6331,40.53327178955078,-80.20362854003906
1629712419,13138020,38,0,6330,40.418243408203125,-80.04560852050781
1629712406,11982020,39,0,6332,40.40700912475586,-80.01502990722656
1629712398,12837020,64,0,6335,40.46736526489258,-79.96343994140625
1629712417,3628020,Y47,0,6334,40.439971923828125,-80.0008773803711
1629712407,11014020,48,0,5917,40.428680419921875,-79.98899841308594
1629712416,12127020,2,0,6205,40.52587890625,-80.00887298583984
1629712404,7261020,P13,0,6204,40.48773956298828,-79.95623016357422
1629712412,8770020,Y45,0,6446,40.39933776855469,-80.00128173828125
1629712392,6533020,8,0,6206,40.500457763671875,-80.02240753173828
1629712396,14027020,41,0,5911,40.42048263549805,-80.00808715820312
1629712399,6186020,6,0,6209,40.44601821899414,-79.98908996582031
1629712413,6214020,14,0,6208,40.570640563964844,-80.21533203125
1629712419,1824020,27,0,5914,40.446937561035156,-80.08047485351562
1629712384,11573020,29,0,6221,40.441490173339844,-80.21163177490234
1629712418,4120020,88,0,6463,40.466129302978516,-79.95243835449219
1629712383,5952020,Y1,0,6342,40.29513931274414,-79.91832733154297
1629712365,12222020,57,0,6341,40.41426467895508,-79.90059661865234
1629712404,3852020,67,0,6462,40.44453048706055,-79.94625854492188
1629712414,6602020,39,0,6223,40.41913604736328,-80.01032257080078
1629712420,7218020,51,0,6346,40.38981246948242,-79.98574829101562
1629712419,11037020,1,0,5805,40.54119873046875,-79.78939056396484
1629712419,4741020,1,0,6216,40.44292068481445,-79.99803924560547
1629712413,12975020,20,0,6218,40.4864387512207,-80.1175308227539
1629712399,13339020,56,0,6339,40.36094665527344,-79.90766906738281
1629712417,8528020,61B,0,6338,40.423072814941406,-79.89112854003906
1629712421,4807020,91,0,5803,40.443599700927734,-79.99549865722656
1629712879,2530020,59,0,6351,40.34955978393555,-79.93335723876953
1629712897,5877020,52L,0,6353,40.40663528442383,-79.91146850585938
1629712898,476020,61A,0,6355,40.433921813964844,-79.88389587402344
1629712878,12529020,59,0,6357,40.397857666015625,-79.88381958007812
1629712905,2891020,27,0,6229,40.450721740722656,-80.06658172607422
1629712850,2402020,22,0,6107,40.46824645996094,-80.09817504882812
1629712885,2819020,26,0,5811,40.441768646240234,-80.004638671875
1629712905,13533020,77,0,6362,40.47490692138672,-79.79169464111328
1629712897,238020,82,0,6361,40.445255279541016,-79.97552490234375
1629712909,7407020,P12,0,6363,40.44361877441406,-79.88704681396484
1629712897,9618020,P16,0,6366,40.4421272277832,-80.00139617919922
1629712901,11527020,54,0,6005,40.44483184814453,-79.9542236328125
1629712890,8398020,8,0,5707,40.45964813232422,-80.00849151611328
1629712880,880020,22,0,5708,40.46488952636719,-80.05352020263672
1629712894,12951020,58,0,5940,40.43492889404297,-79.98130798339844
1629712893,11686020,61C,0,6358,40.350738525390625,-79.86737823486328
1629712898,10922020,17,0,5701,40.49750900268555,-80.0229263305664
1629712897,6061020,6,0,5702,40.4456672668457,-79.98978424072266
1629712897,1221020,69,0,5944,40.44985580444336,-79.89168548583984
1629712908,9879020,54,0,5703,40.45655822753906,-79.96964263916016
1629712881,592020,51,0,6251,40.345619201660156,-79.94266510009766
1629712888,1672020,16,0,6014,40.48907470703125,-80.04688262939453
1629712897,-829819747,17,1,6013,40.45380401611328,-80.0276107788086
1629712898,7425020,28X,0,6137,40.496463775634766,-80.25878143310547
1629712895,6101020,P68,0,6258,40.41372299194336,-79.85581970214844
1629712903,14312020,71B,0,3420,40.468101501464844,-79.92182159423828
1629712893,13004020,P1,0,3414,40.414756774902344,-79.87882995605469
1629712909,4359020,53L,0,6249,40.42839431762695,-79.9471435546875
1629712907,14219020,12,0,6009,40.55062484741211,-80.02387237548828
1629712889,14531020,71D,0,5715,40.44530487060547,-79.8877944946289
1629712883,7439020,21,0,6021,40.44722366333008,-80.03224182128906
1629712905,5999020,67,0,6262,40.438751220703125,-79.76964569091797
1629712907,4144020,28X,0,6265,40.450679779052734,-79.92707824707031
1629712894,13626020,G3,0,6023,40.502708435058594,-80.22209930419922
1629712903,319020,G3,0,6022,40.43071746826172,-80.13626098632812
1629712897,1700020,P17,0,6264,40.45688247680664,-79.9477310180664
1629712894,9616020,29,0,6025,40.44112014770508,-80.03823852539062
1629712893,1256020,79,0,6267,40.471778869628906,-79.8673324584961
1629712865,1729020,88,0,6146,40.44076919555664,-80.00049591064453
1629712878,6983020,P78,0,6266,40.51401901245117,-79.84346771240234
1629712894,11566020,G2,0,3304,40.40553283691406,-80.09058380126953
1629712907,5828020,71C,0,3424,40.44316864013672,-79.95655059814453
1629712899,6046020,71B,0,3423,40.4470100402832,-79.9482650756836
1629712903,10640020,P1,0,3421,40.441158294677734,-79.99695587158203
1629712905,2076020,75,0,6138,40.43722152709961,-79.97112274169922
1629712907,8578020,86,0,6259,40.45619201660156,-79.93885803222656
1629712909,13408020,13,0,5603,40.46135330200195,-80.02930450439453
1629712895,11260020,2,0,5605,40.54975128173828,-80.02105712890625
1629712898,14457020,P7,0,3308,40.4359245300293,-79.88279724121094
1629712901,1547020,87,0,6153,40.4847297668457,-79.92799377441406
1629712907,4677020,64,0,6155,40.43731689453125,-79.92293548583984
1629712898,10452020,71C,0,7001,40.46195602416992,-79.93161010742188
1629712880,4216020,P12,0,6154,40.47144317626953,-79.70755767822266
1629712899,368020,82,0,6156,40.4727897644043,-79.8900375366211
1629712886,2082020,87,0,6159,40.44369888305664,-79.99512481689453
1629712880,14078020,93,0,6038,40.48292922973633,-79.94795989990234
1629712909,5199020,71C,0,3321,40.440521240234375,-79.99980163574219
1629712902,9935020,P1,0,3320,40.415321350097656,-79.88040161132812
1629712898,568020,67,0,6271,40.44026565551758,-79.99913024902344
1629712906,4539020,24,0,5611,40.46711730957031,-80.0668716430664
1629712778,7056020,8,0,5732,40.51556396484375,-80.02265930175781
1629712882,1860020,71B,0,3319,40.44091796875,-79.99629211425781
1629712901,7640020,P16,0,6045,40.52555847167969,-79.81465148925781
1629712909,5541020,P10,0,6046,40.54129409790039,-79.79792785644531
1629712904,9634020,74,0,6048,40.468772888183594,-79.90141296386719
1629712880,7011020,28X,0,3331,40.43851089477539,-79.96289825439453
1629712877,5548020,P67,0,6160,40.44641876220703,-79.84774780273438
1629712891,13251020,P1,0,3328,40.45911407470703,-79.92427825927734
1629712905,2966020,61D,0,3206,40.437896728515625,-79.99011993408203
1629712898,12038020,61D,0,3204,40.437923431396484,-79.92948150634766
1629712890,5263020,61B,0,3202,40.440101623535156,-79.99868774414062
1629712909,5612020,71A,0,3323,40.455970764160156,-79.93836212158203
1629712908,11834020,4,0,1709,40.469322204589844,-79.97834777832031
1629712904,5372020,11,0,1704,40.46493911743164,-80.00563049316406
1629712897,1001020,7,0,1702,40.486209869384766,-79.99683380126953
1629712905,3626020,71D,0,6059,40.4378662109375,-79.9895248413086
1629712870,2392020,P1,0,3221,40.45173645019531,-79.89591979980469
1629712886,2587020,P12,0,3219,40.44600296020508,-79.9887466430664
1629712881,10873020,88,0,3213,40.45780944824219,-79.9141845703125
1629712909,2038020,41,0,5634,40.42062759399414,-80.007568359375
1629712903,10369020,44,0,1716,40.42148208618164,-80.00530242919922
1629712908,11378020,G31,0,5636,40.373382568359375,-80.09923553466797
1629712903,11732020,43,0,1714,40.42100524902344,-80.00289916992188
1629712903,11125020,O12,0,3231,40.4500732421875,-80.00011444091797
1629712895,1076020,40,0,1722,40.44003677368164,-80.02703857421875
1629712907,4313020,61C,0,6619,40.42242431640625,-79.92884063720703
1629712900,6679020,20,0,6611,40.49383544921875,-80.11705017089844
1629712899,8045020,20,0,6614,40.459129333496094,-80.04663848876953
1629712886,12523020,44,0,1727,40.38542175292969,-79.9768295288086
1629712908,14527020,51,0,6616,40.41569519042969,-79.98725128173828
1629712908,1646020,83,0,6618,40.450740814208984,-79.97232055664062
1629712903,3564020,61A,0,6630,40.44273376464844,-79.95714569091797
1629712884,6401020,15,0,6511,40.452392578125,-80.00138854980469
1629712900,7337020,Y46,0,6631,40.430973052978516,-80.00210571289062
1629712905,32020,G2,0,3234,40.44350051879883,-80.02635192871094
1629712835,511020,51L,0,6623,40.36490249633789,-79.98299407958984
1629712905,12716020,91,0,6502,40.47704315185547,-79.95695495605469
1629712901,1319020,51,0,6622,40.39802551269531,-79.9884262084961
1629712880,14126020,Y49,0,6624,40.431095123291016,-80.0019302368164
1629712900,3208020,52L,0,6627,40.3714485168457,-79.84542846679688
1629712897,7320020,14,0,6505,40.44914627075195,-80.02587890625
1629712902,1973020,59,0,6626,40.35243606567383,-79.85124206542969
1629712906,14730020,61C,0,6629,40.440216064453125,-79.994384765625
1629712895,1157020,39,0,6520,40.44521713256836,-79.99024963378906
1629712886,13614020,71A,0,6641,40.47891616821289,-79.9190902709961
1629712896,12074020,P3,0,3255,40.44002914428711,-79.96073913574219
1629712885,3029020,P76,0,3250,40.39844512939453,-79.83783721923828
1629712909,6492020,P3,0,3248,40.438472747802734,-79.88599395751953
1629712881,549020,53L,0,6634,40.40898513793945,-79.91693115234375
1629712686,8822020,6,0,6512,40.486114501953125,-80.0050048828125
1629712862,2294020,24,0,6515,40.44816970825195,-80.16256713867188
1629712897,7197020,69,0,5667,40.394561767578125,-79.79740142822266
1629712771,5637020,P10,0,6637,40.66742706298828,-79.7114028930664
1629712902,4082020,26,0,6518,40.441253662109375,-80.06867980957031
1629712901,7772020,75,0,6650,40.450660705566406,-79.94410705566406
1629712887,2732020,54,0,6410,40.421058654785156,-79.98523712158203
1629712891,8217020,67,0,6652,40.443946838378906,-79.93900299072266
1629712852,6915020,93,0,6531,40.43353271484375,-79.93218994140625
1629712907,14609020,59,0,6530,40.405311584472656,-79.82792663574219
1629712900,7986020,19L,0,6412,40.50518035888672,-80.07489013671875
1629712907,6530020,61A,0,6532,40.439453125,-79.95986938476562
1629712883,3205020,69,0,6653,40.397850036621094,-79.7695083618164
1629712891,13558020,P78,0,3260,40.45920944213867,-79.91610717773438
1629712901,6687020,71A,0,3258,40.438499450683594,-79.9837646484375
1629712898,232020,P16,0,6645,40.474029541015625,-79.82167053222656
1629712897,14252020,Y47,0,6524,40.343013763427734,-79.94461822509766
1629712881,3814020,77,0,6644,40.46116638183594,-79.93209075927734
1629712906,13068020,54,0,6405,40.40901184082031,-79.99263000488281
1629712907,5024020,54,0,6404,40.45555877685547,-80.00623321533203
1629712889,7415020,16,0,6407,40.44294357299805,-80.00432586669922
1629712899,4421020,61C,0,6528,40.409175872802734,-79.90161895751953
1629712891,9254020,P68,0,6649,40.42799758911133,-79.79788970947266
1629712901,8987020,15,0,6406,40.44384002685547,-79.9940414428711
1629712905,4514020,P7,0,6527,40.3524284362793,-79.85175323486328
1629712907,9667020,18,0,6408,40.44750213623047,-80.01979064941406
1629712909,7664020,53L,0,6529,40.3695068359375,-79.91232299804688
1629712904,5164020,Y46,0,6540,40.29253005981445,-79.878662109375
1629712873,39020,28X,0,6542,40.4211540222168,-80.09508514404297
1629712906,13752020,36,0,6420,40.355159759521484,-80.05049133300781
1629712899,11876020,69,0,6544,40.40536880493164,-79.83907318115234
1629712888,5964020,2,0,6301,40.56397247314453,-80.00979614257812
1629712900,595020,71A,0,6543,40.438140869140625,-79.99437713623047
1629712890,10798020,55,0,6535,40.33007049560547,-79.9233627319336
1629712909,3235020,14,0,6413,40.4957160949707,-80.06689453125
1629712904,12830020,56,0,6534,40.43279266357422,-79.96233367919922
1629712891,939020,21,0,6416,40.537269592285156,-80.18488311767578
1629712900,14552020,Y46,0,6537,40.324493408203125,-79.94369506835938
1629712883,3968020,41,0,6415,40.34920883178711,-80.10366821289062
1629712877,13171020,31,0,6419,40.442649841308594,-79.99907684326172
1629712883,1479020,89,0,6551,40.46089553833008,-79.92759704589844
1629712894,3591020,54,0,6310,40.461185455322266,-79.94815826416016
1629712892,12979020,83,0,6431,40.4412727355957,-79.96778106689453
1629712898,11156020,P68,0,6555,40.441253662109375,-79.99720764160156
1629712880,10314020,2,0,6312,40.46201705932617,-79.98201751708984
1629712882,-1545953317,15,1,6304,40.486114501953125,-80.0050048828125
1629712883,13519020,28X,0,6546,40.430423736572266,-80.06918334960938
1629712899,10305020,26,0,6424,40.44144821166992,-80.06874084472656
1629712901,8239020,17,0,6306,40.455379486083984,-80.00678253173828
1629712905,13942020,77,0,6548,40.45541000366211,-79.96675872802734
1629712883,9298020,38,0,6426,40.38547897338867,-80.0510025024414
1629712896,13719020,82,0,6547,40.456268310546875,-79.93734741210938
1629712876,2892020,81,0,6429,40.440528869628906,-79.99127197265625
1629712903,2875020,1,0,6307,40.49352264404297,-79.94802856445312
1629712909,3315020,57,0,6428,40.436180114746094,-79.9960708618164
1629712892,4104020,P68,0,6549,40.41621780395508,-79.85813903808594
1629712886,9626020,61B,0,6441,40.41499710083008,-79.85429382324219
1629712893,5275020,Y49,0,6440,40.33015441894531,-79.92350006103516
1629712908,12106020,1,0,6201,40.60062026977539,-79.75634765625
1629712905,14009020,48,0,6321,40.42864227294922,-79.97747802734375
1629712901,13769020,2,0,6203,40.44463348388672,-80.00069427490234
1629712859,12541020,21,0,6324,40.51309585571289,-80.13525390625
1629712885,5211020,24,0,6323,40.47563934326172,-80.08392333984375
1629712906,4704020,91,0,6202,40.487979888916016,-79.88965606689453
1629712896,9725020,16,0,5909,40.503868103027344,-80.07486724853516
1629712907,7902020,91,0,6315,40.488861083984375,-79.87699890136719
1629712895,272020,P10,0,6557,40.49612045288086,-79.86852264404297
1629712891,9857020,51,0,6438,40.434017181396484,-80.00269317626953
1629712897,8733020,31,0,6319,40.427921295166016,-80.05376434326172
1629712905,4695020,51,0,6439,40.43185806274414,-80.00334167480469
1629712901,13638020,91,0,5901,40.44491958618164,-79.99378967285156
1629712877,870020,15,0,5902,40.454124450683594,-80.01460266113281
1629712903,7487020,P10,0,6450,40.61600875854492,-79.7376480102539
1629712889,12601020,21,0,6331,40.51578140258789,-80.15979766845703
1629712890,9071020,38,0,6330,40.439937591552734,-80.00608825683594
1629712895,7024020,61D,0,6333,40.411136627197266,-79.90630340576172
1629712884,11982020,39,0,6332,40.430973052978516,-80.00210571289062
1629712889,12837020,64,0,6335,40.46736526489258,-79.96343994140625
1629712889,2613020,67,0,6456,40.443546295166016,-79.88146209716797
1629712897,7304020,Y47,0,6334,40.43281173706055,-80.00355529785156
1629712901,11014020,48,0,5917,40.41828155517578,-79.9658203125
1629712732,12127020,2,0,6205,40.52587890625,-80.00887298583984
1629712894,10628020,51,0,6447,40.38077163696289,-79.97628021240234
1629712882,8770020,Y45,0,6446,40.431304931640625,-80.00273895263672
1629712904,6533020,8,0,6206,40.517513275146484,-80.03778839111328
1629712893,14027020,41,0,5911,40.39501953125,-80.0343017578125
1629712891,6186020,6,0,6209,40.44601821899414,-79.98908996582031
1629712906,6214020,14,0,6208,40.54296112060547,-80.18421936035156
1629712908,1824020,27,0,5914,40.453365325927734,-80.0653305053711
1629712896,11573020,29,0,6221,40.45301055908203,-80.16867065429688
1629712876,4120020,88,0,6463,40.46039581298828,-79.92191314697266
1629712888,5952020,Y1,0,6342,40.33628845214844,-79.94587707519531
1629712908,12222020,57,0,6341,40.40666580200195,-79.88892364501953
1629712903,3852020,67,0,6462,40.450523376464844,-79.90885925292969
1629712908,6602020,39,0,6223,40.39440155029297,-80.0208740234375
1629712909,12608020,61B,0,6343,40.40233612060547,-79.86834716796875
1629712866,7218020,51,0,6346,40.383262634277344,-79.97706604003906
1629712904,11037020,1,0,5805,40.535133361816406,-79.8428955078125
1629712885,13339020,56,0,6339,40.391357421875,-79.93414306640625
1629712904,8528020,61B,0,6338,40.43803024291992,-79.91897583007812
1629712884,4807020,91,0,5803,40.4603157043457,-79.96943664550781
1629713509,2530020,59,0,6351,40.33949661254883,-79.952880859375
1629713517,5877020,52L,0,6353,40.43474578857422,-79.99207305908203
1629713532,4957020,53L,0,6113,40.347816467285156,-79.94483947753906
1629713544,476020,61A,0,6355,40.441246032714844,-79.89283752441406
1629713525,12529020,59,0,6357,40.38022994995117,-79.8651123046875
1629713546,2891020,27,0,6229,40.44173049926758,-80.0683364868164
1629713497,2402020,22,0,6107,40.4677734375,-80.0970687866211
1629713548,2819020,26,0,5811,40.454280853271484,-80.05899810791016
1629713551,13533020,77,0,6362,40.46963882446289,-79.82341003417969
1629713530,238020,82,0,6361,40.44163131713867,-80.0026626586914
1629713548,7407020,P12,0,6363,40.45896911621094,-79.96770477294922
1629713540,2792020,91,0,6003,40.489959716796875,-79.8714828491211
1629713523,9618020,P16,0,6366,40.45508575439453,-79.93463897705078
1629713545,11527020,54,0,6005,40.41830062866211,-79.98625946044922
1629713542,14395020,93,0,6247,40.40800094604492,-79.9263687133789
1629713530,225020,8,0,5707,40.44199752807617,-80.00137329101562
1629713552,880020,22,0,5708,40.479915618896484,-80.08511352539062
1629713550,9464020,O1,0,3402,40.50674819946289,-80.03050231933594
1629713549,12951020,58,0,5940,40.419769287109375,-79.92943572998047
1629713524,11686020,61C,0,6358,40.350738525390625,-79.86737823486328
1629713551,10922020,17,0,5701,40.47971725463867,-80.03427124023438
1629713536,6061020,6,0,5702,40.44867706298828,-80.00068664550781
1629713525,1221020,69,0,5944,40.45000076293945,-79.89177703857422
1629713548,9879020,54,0,5703,40.461219787597656,-79.94830322265625
1629713527,592020,51,0,6251,40.34231948852539,-79.96587371826172
1629713548,1672020,16,0,6014,40.467079162597656,-80.02500915527344
1629713544,-829819747,17,1,6013,40.468528747558594,-80.0252456665039
1629713514,1823020,28X,0,6137,40.49717712402344,-80.25556945800781
1629713546,6101020,P68,0,6258,40.39557647705078,-79.83807373046875
1629713540,14312020,71B,0,3420,40.448402404785156,-79.93419647216797
1629713526,13004020,P1,0,3414,40.43830108642578,-79.88594818115234
1629713504,6698020,53L,0,6249,40.440425872802734,-80.00447845458984
1629713550,10199020,P16,0,6369,40.489688873291016,-79.7951889038086
1629713544,14219020,12,0,6009,40.49599075317383,-80.0123062133789
1629713503,14531020,71D,0,5715,40.44530487060547,-79.8877944946289
1629713529,14623020,21,0,6021,40.44032669067383,-80.0181655883789
1629713552,5999020,67,0,6262,40.43122482299805,-79.80424499511719
1629713541,13626020,G3,0,6023,40.424659729003906,-80.11420440673828
1629713498,319020,G3,0,6022,40.499996185302734,-80.2159194946289
1629713509,1700020,P17,0,6264,40.44048309326172,-79.99971008300781
1629713538,9616020,29,0,6025,40.443790435791016,-79.99474334716797
1629713553,1256020,79,0,6267,40.46105194091797,-79.86637878417969
1629713543,1729020,88,0,6146,40.46055603027344,-79.96971893310547
1629713550,6983020,P78,0,6266,40.459285736083984,-79.84428405761719
1629713539,12467020,75,0,6147,40.48849868774414,-79.89350891113281
1629713524,5655020,87,0,6268,40.471778869628906,-79.9269790649414
1629713540,12153020,61C,0,3305,40.409019470214844,-79.90411376953125
1629713553,11566020,G2,0,3304,40.43645477294922,-80.06752014160156
1629713548,5828020,71C,0,3424,40.43991470336914,-79.99420166015625
1629713541,6046020,71B,0,3423,40.43860626220703,-79.98638153076172
1629713547,10640020,P1,0,3421,40.45689392089844,-79.93211364746094
1629713519,11507020,48,0,6017,40.42183303833008,-79.99234771728516
1629713525,9354020,75,0,6138,40.42427062988281,-79.96235656738281
1629713549,8578020,86,0,6259,40.45439147949219,-79.97770690917969
1629713543,10587020,67,0,5722,40.440673828125,-79.87663269042969
1629713525,13408020,13,0,5603,40.446834564208984,-79.99993133544922
1629713545,11260020,2,0,5605,40.5506706237793,-79.9714584350586
1629713547,14457020,P7,0,3308,40.45378112792969,-79.9372787475586
1629713534,1547020,87,0,6153,40.46257400512695,-79.94451141357422
1629713553,4677020,64,0,6155,40.40510559082031,-79.9205093383789
1629713539,10452020,71C,0,7001,40.44612121582031,-79.95242309570312
1629713552,4216020,P12,0,6154,40.428043365478516,-79.72638702392578
1629713535,368020,82,0,6156,40.46052169799805,-79.9222183227539
1629713547,2082020,87,0,6159,40.465057373046875,-79.9513931274414
1629713525,14078020,93,0,6038,40.48292922973633,-79.94795989990234
1629713541,5199020,71C,0,3321,40.437931060791016,-79.97364044189453
1629713527,9935020,P1,0,3320,40.456729888916016,-79.9324722290039
1629713550,11086020,67,0,6271,40.441871643066406,-79.95654296875
1629713548,265020,P3,0,3314,40.418731689453125,-79.88594055175781
1629713553,7056020,8,0,5732,40.4830436706543,-80.01310729980469
1629713553,1491020,71B,0,3319,40.437931060791016,-79.99102783203125
1629713539,7640020,P16,0,6045,40.484161376953125,-79.76663970947266
1629713532,5541020,P10,0,6046,40.538734436035156,-79.83982849121094
1629713530,9634020,74,0,6048,40.46100997924805,-79.92752838134766
1629713549,7011020,28X,0,3331,40.442832946777344,-79.99681854248047
1629713543,5888020,71D,0,3330,40.45484924316406,-79.89846801757812
1629713527,5548020,P67,0,6160,40.449851989746094,-79.89202880859375
1629713534,589020,P1,0,3328,40.443809509277344,-79.99488830566406
1629713550,2966020,61D,0,3206,40.4378776550293,-79.93315887451172
1629713550,12038020,61D,0,3204,40.43670654296875,-79.96961212158203
1629713546,9379020,71B,0,3325,40.47891616821289,-79.9190902709961
1629713541,5263020,61B,0,3202,40.44075012207031,-79.95809936523438
1629713542,5612020,71A,0,3323,40.43989562988281,-79.9610366821289
1629713551,11834020,4,0,1709,40.49422836303711,-79.9953384399414
1629713549,4126020,11,0,1707,40.44532012939453,-79.99010467529297
1629713523,5372020,11,0,1704,40.45647048950195,-80.00697326660156
1629713536,2734020,13,0,5627,40.50811004638672,-80.04730987548828
1629713538,1001020,7,0,1702,40.45435333251953,-79.99601745605469
1629713546,11698020,86,0,6056,40.44853210449219,-79.88394165039062
1629713550,3626020,71D,0,6059,40.44602584838867,-79.95256805419922
1629713518,2392020,P1,0,3221,40.415122985839844,-79.87950897216797
1629713552,7502020,71C,0,6051,40.4478874206543,-79.89741516113281
1629713535,11794020,P12,0,3219,40.44599914550781,-79.98873138427734
1629713549,4853020,4,0,1710,40.47736740112305,-79.98710632324219
1629713533,1794020,88,0,3213,40.46412658691406,-79.93247985839844
1629713542,2038020,41,0,5634,40.43921661376953,-80.00138854980469
1629713541,12527020,31,0,5635,40.38092041015625,-80.09496307373047
1629713546,10369020,44,0,1716,40.442588806152344,-79.99918365478516
1629713551,11378020,G31,0,5636,40.41559982299805,-80.08272552490234
1629713550,11732020,43,0,1714,40.42356491088867,-79.98896026611328
1629713551,10984020,P76,0,6621,40.337764739990234,-79.80766296386719
1629713547,8740020,O12,0,3231,40.45294189453125,-79.99640655517578
1629713536,1076020,40,0,1722,40.430877685546875,-80.01000213623047
1629713546,4313020,61C,0,6619,40.405250549316406,-79.88525390625
1629713551,11888020,O12,0,3227,40.559043884277344,-80.02400207519531
1629713549,13267020,71A,0,3226,40.465919494628906,-79.92920684814453
1629713533,6679020,20,0,6611,40.46500015258789,-80.07434844970703
1629713549,8045020,20,0,6614,40.47755813598633,-80.10252380371094
1629713526,12523020,44,0,1727,40.39617919921875,-79.98735046386719
1629713549,14527020,51,0,6616,40.429908752441406,-79.99850463867188
1629713542,8399020,38,0,6615,40.36994171142578,-80.10101318359375
1629713448,1646020,83,0,6618,40.4476318359375,-79.95932006835938
1629713535,1159020,55,0,6617,40.387428283691406,-79.82828521728516
1629713543,3564020,61A,0,6630,40.44125747680664,-79.99722290039062
1629713548,6401020,15,0,6511,40.46779251098633,-80.01619720458984
1629713553,7337020,Y46,0,6631,40.44160079956055,-79.99854278564453
1629713547,32020,G2,0,3234,40.414615631103516,-80.0835189819336
1629713544,511020,51L,0,6623,40.38367462158203,-79.97740936279297
1629713549,12716020,91,0,6502,40.454891204833984,-79.97837829589844
1629713527,1319020,51,0,6622,40.42875671386719,-79.98062896728516
1629713554,9607020,Y49,0,6624,40.43814468383789,-79.99998474121094
1629713551,3208020,52L,0,6627,40.366355895996094,-79.87117004394531
1629713520,7124020,54,0,6506,40.452022552490234,-80.0064468383789
1629713549,1973020,59,0,6626,40.36570358276367,-79.85905456542969
1629713527,7569020,61C,0,6629,40.438655853271484,-79.99468231201172
1629713549,11174020,71C,0,5670,40.44139862060547,-79.89238739013672
1629713539,1157020,39,0,6520,40.44521713256836,-79.99024963378906
1629713523,3452020,71A,0,6641,40.47891616821289,-79.9190902709961
1629713510,12074020,P3,0,3255,40.45365905761719,-79.95001220703125
1629713542,8936020,61C,0,3252,40.36461639404297,-79.8423843383789
1629713493,3029020,P76,0,3250,40.438377380371094,-79.87450408935547
1629713534,6492020,P3,0,3248,40.45631408691406,-79.94588470458984
1629713542,549020,53L,0,6634,40.40626907348633,-79.91256713867188
1629713547,8822020,6,0,6512,40.466495513916016,-79.993896484375
1629713542,2294020,24,0,6515,40.468570709228516,-80.11754608154297
1629713551,7197020,69,0,5667,40.403079986572266,-79.82247924804688
1629713524,1028020,20,0,6517,40.4682731628418,-80.09817504882812
1629713551,5637020,P10,0,6637,40.65046691894531,-79.70854187011719
1629713491,4616020,27,0,6518,40.441261291503906,-80.0687484741211
1629713546,7772020,75,0,6650,40.46928405761719,-79.92122650146484
1629713538,2732020,54,0,6410,40.44042205810547,-79.96019744873047
1629713523,8217020,67,0,6652,40.44208908081055,-79.95803833007812
1629713535,6915020,93,0,6531,40.44162368774414,-79.9586410522461
1629713547,14609020,59,0,6530,40.413970947265625,-79.8525390625
1629713523,10539020,69,0,6651,40.44992446899414,-79.89176940917969
1629713547,7986020,19L,0,6412,40.49351119995117,-80.05140686035156
1629713538,6530020,61A,0,6532,40.43799591064453,-79.91382598876953
1629713541,3205020,69,0,6653,40.389442443847656,-79.76683044433594
1629713523,13558020,P78,0,3260,40.44316101074219,-79.99436950683594
1629713539,2538020,71A,0,3258,40.43985366821289,-79.9986343383789
1629713552,232020,P16,0,6645,40.45027160644531,-79.84210205078125
1629713539,14252020,Y47,0,6524,40.34120178222656,-79.98120880126953
1629713551,3814020,77,0,6644,40.440093994140625,-79.99374389648438
1629713548,13068020,54,0,6405,40.41848373413086,-79.98821258544922
1629713508,5024020,54,0,6404,40.452152252197266,-80.0064926147461
1629713533,14251020,61A,0,6525,40.40233612060547,-79.86834716796875
1629713545,7415020,16,0,6407,40.46677017211914,-80.02496337890625
1629713545,4421020,61C,0,6528,40.431884765625,-79.92320251464844
1629713543,9254020,P68,0,6649,40.414791107177734,-79.8158187866211
1629713540,4514020,P7,0,6527,40.3839111328125,-79.85964965820312
1629713549,12027020,18,0,6408,40.4515495300293,-80.01869201660156
1629713553,7664020,53L,0,6529,40.40010452270508,-79.90511322021484
1629713532,5164020,Y46,0,6540,40.29458236694336,-79.9056396484375
1629713554,39020,28X,0,6542,40.44765853881836,-80.03279876708984
1629713548,13752020,36,0,6420,40.33955001831055,-80.05744934082031
1629713528,11876020,69,0,6544,40.40372085571289,-79.8239974975586
1629713553,5964020,2,0,6301,40.523170471191406,-80.00633239746094
1629713551,595020,71A,0,6543,40.4422721862793,-79.95771789550781
1629713545,10798020,55,0,6535,40.30710983276367,-79.90319061279297
1629713534,3235020,14,0,6413,40.52663803100586,-80.15906524658203
1629713529,12830020,56,0,6534,40.39292907714844,-79.93486785888672
1629713537,939020,21,0,6416,40.537269592285156,-80.18488311767578
1629713540,14552020,Y46,0,6537,40.28898239135742,-79.89098358154297
1629713548,3968020,41,0,6415,40.371768951416016,-80.08162689208984
1629713546,13171020,31,0,6419,40.437652587890625,-80.03563690185547
1629713550,1479020,89,0,6551,40.46089553833008,-79.92759704589844
1629713543,3591020,54,0,6310,40.45439147949219,-79.97770690917969
1629713545,12979020,83,0,6431,40.45199966430664,-79.96945190429688
1629713537,217020,64,0,6434,40.41067123413086,-79.90737915039062
1629713536,8947020,8,0,6313,40.517539978027344,-80.0368881225586
1629713536,11156020,P68,0,6555,40.45806121826172,-79.91307830810547
1629713545,6767020,2,0,6312,40.444522857666016,-80.0008316040039
1629713551,-1545953317,15,1,6304,40.47944259643555,-80.00141143798828
1629713541,13519020,28X,0,6546,40.453407287597656,-80.16754913330078
1629713549,10305020,26,0,6424,40.44546890258789,-80.06685638427734
1629713546,11067020,17,0,6306,40.442020416259766,-80.00192260742188
1629713551,13942020,77,0,6548,40.45732116699219,-79.93717193603516
1629713547,9298020,38,0,6426,40.40641403198242,-80.05297088623047
1629713526,13719020,82,0,6547,40.46437454223633,-79.90008544921875
1629713552,11031020,81,0,6429,40.44227600097656,-79.99137878417969
1629713528,2875020,1,0,6307,40.46984100341797,-79.97582244873047
1629713516,10559020,57,0,6428,40.43503189086914,-79.98079681396484
1629713540,4104020,P68,0,6549,40.447021484375,-79.8888168334961
1629713530,4673020,36,0,6320,40.34086990356445,-80.0523681640625
1629713510,9626020,61B,0,6441,40.41381072998047,-79.85307312011719
1629713536,5275020,Y49,0,6440,40.349037170410156,-79.94768524169922
1629713528,12106020,1,0,6201,40.58142852783203,-79.77880859375
1629713543,4430020,81,0,6443,40.42835998535156,-79.97361755371094
1629713533,14009020,48,0,6321,40.439208984375,-80.00138854980469
1629713502,13769020,2,0,6203,40.470699310302734,-79.97491455078125
1629713541,12541020,21,0,6324,40.52550506591797,-80.21175384521484
1629713547,1929020,61A,0,6445,40.41462707519531,-79.87360382080078
1629713525,5211020,24,0,6323,40.46598815917969,-80.1361083984375
1629713531,4704020,91,0,6202,40.5003547668457,-79.86104583740234
1629713528,2100020,1,0,5906,40.445945739746094,-79.9892578125
1629713546,9725020,16,0,5909,40.49429702758789,-80.05308532714844
1629713552,7902020,91,0,6315,40.49459457397461,-79.93390655517578
1629713527,272020,P10,0,6557,40.4560661315918,-79.91100311279297
1629713538,9857020,51,0,6438,40.441566467285156,-79.99832153320312
1629713547,8733020,31,0,6319,40.43798065185547,-80.01326751708984
1629713501,4695020,51,0,6439,40.418304443359375,-79.98625946044922
1629713539,13638020,91,0,5901,40.451255798339844,-79.98228454589844
1629713530,870020,15,0,5902,40.443870544433594,-79.99429321289062
1629713538,7487020,P10,0,6450,40.59846115112305,-79.76406860351562
1629713534,12601020,21,0,6331,40.50700378417969,-80.10883331298828
1629713546,9071020,38,0,6330,40.424163818359375,-80.04341125488281
1629713543,7024020,61D,0,6333,40.404144287109375,-79.92027282714844
1629713526,11982020,39,0,6332,40.443233489990234,-79.99687194824219
1629713546,10989020,64,0,6335,40.46552658081055,-79.95599365234375
1629713265,2613020,67,0,6456,40.4449348449707,-79.8885269165039
1629713538,7304020,Y47,0,6334,40.385169982910156,-79.99591064453125
1629713517,11014020,48,0,5917,40.421051025390625,-80.00554656982422
1629713538,10628020,51,0,6447,40.38719940185547,-79.9835433959961
1629713544,8451020,29,0,6325,40.425296783447266,-80.18878173828125
1629713509,6533020,8,0,6206,40.51753616333008,-80.03690338134766
1629713540,11167020,15,0,6209,40.44615936279297,-79.98866271972656
1629713544,14027020,41,0,5911,40.37200927734375,-80.07792663574219
1629713531,6214020,14,0,6208,40.51517868041992,-80.11869049072266
1629713537,1824020,27,0,5914,40.442779541015625,-80.03035736083984
1629713533,11573020,29,0,6221,40.4500846862793,-80.11600494384766
1629713500,4120020,88,0,6463,40.45703125,-79.91385650634766
1629713539,5952020,Y1,0,6342,40.36500930786133,-79.98470306396484
1629713546,11609020,61D,0,6341,40.41067123413086,-79.90737915039062
1629713548,3852020,67,0,6462,40.4410514831543,-79.8709716796875
1629713538,6602020,39,0,6223,40.39244079589844,-80.00733184814453
1629713535,12608020,61B,0,6343,40.41014862060547,-79.8776626586914
1629713529,11037020,1,0,5805,40.48762893676758,-79.88194274902344
1629713546,14033020,12,0,5807,40.57204818725586,-80.01481628417969
1629713550,5664020,65,0,6337,40.430660247802734,-79.91519927978516
1629713536,13339020,56,0,6339,40.43541717529297,-79.97834777832031
1629713539,8528020,61B,0,6338,40.44481658935547,-79.9542465209961
1629713517,4807020,91,0,5803,40.48834991455078,-79.93736267089844
1629714225,10532020,52L,0,6353,40.434383392333984,-79.98870849609375
1629714306,4957020,53L,0,6113,40.35817337036133,-79.90908813476562
1629714286,476020,61A,0,6355,40.44591522216797,-79.95164489746094
1629714296,12529020,59,0,6357,40.37285232543945,-79.84806823730469
1629714288,10935020,Y47,0,6235,40.329933166503906,-79.92317199707031
1629714301,3493020,P12,0,5937,40.46669387817383,-79.70597076416016
1629714300,2891020,27,0,6229,40.44098663330078,-80.06876373291016
1629714301,2402020,22,0,6107,40.474769592285156,-80.06446838378906
1629714293,2819020,26,0,5811,40.44076156616211,-80.0717544555664
1629714307,13533020,77,0,6362,40.45638656616211,-79.89183044433594
1629714314,2740020,82,0,6361,40.44403839111328,-79.97959899902344
1629714287,7407020,P12,0,6363,40.440616607666016,-79.99592590332031
1629714313,2792020,91,0,6003,40.491371154785156,-79.90857696533203
1629714309,9618020,P16,0,6366,40.44059753417969,-79.8783187866211
1629714311,12286020,51,0,6244,40.38820266723633,-79.9847412109375
1629714290,14395020,93,0,6247,40.42416000366211,-79.92832946777344
1629714307,189020,59,0,6246,40.40272903442383,-79.82440948486328
1629714309,225020,8,0,5707,40.46691131591797,-80.01032257080078
1629714297,880020,22,0,5708,40.46730422973633,-80.09815216064453
1629714299,9464020,O1,0,3402,40.441349029541016,-80.0038833618164
1629714308,12951020,58,0,5940,40.43840789794922,-79.96111297607422
1629714313,726020,61C,0,6358,40.35292434692383,-79.84171295166016
1629714270,10922020,17,0,5701,40.454689025878906,-80.02275848388672
1629714315,6061020,6,0,5702,40.47305679321289,-80.00054168701172
1629714289,9858020,71D,0,5944,40.450008392333984,-79.89179229736328
1629714316,9879020,54,0,5703,40.43966293334961,-79.96134948730469
1629714305,2469020,P13,0,5705,40.56420135498047,-79.99095153808594
1629714308,5855020,61B,0,6252,40.40492248535156,-79.87113952636719
1629714299,592020,51,0,6251,40.380836486816406,-79.97593688964844
1629714311,6998020,91,0,6011,40.49529266357422,-79.93952178955078
1629714295,8371020,16,0,6014,40.44253158569336,-79.999755859375
1629714297,-829819747,17,1,6013,40.499969482421875,-80.02558135986328
1629714295,1823020,28X,0,6137,40.45363998413086,-80.17153930664062
1629714300,6101020,P68,0,6258,40.4283447265625,-79.78740692138672
1629714299,14312020,71B,0,3420,40.438446044921875,-79.98258972167969
1629714313,7774020,28X,0,3416,40.44789123535156,-79.93689727783203
1629714290,13004020,P1,0,3414,40.45191955566406,-79.9789047241211
1629714315,12564020,14,0,6007,40.455970764160156,-80.02897644042969
1629714307,6698020,53L,0,6249,40.42710876464844,-79.93702697753906
1629714309,10199020,P16,0,6369,40.4542236328125,-79.83766174316406
1629714299,14219020,12,0,6009,40.443973541259766,-79.99851989746094
1629714310,2116020,71C,0,5715,40.450042724609375,-79.89227294921875
1629714311,14623020,21,0,6021,40.48896789550781,-80.0794448852539
1629714301,5999020,67,0,6262,40.444580078125,-79.86222839355469
1629714291,13626020,G3,0,6023,40.452178955078125,-80.04821014404297
1629714279,319020,G3,0,6022,40.5039176940918,-80.22480010986328
1629714310,2042020,29,0,6025,40.442752838134766,-79.99868774414062
1629714313,1256020,79,0,6267,40.442928314208984,-79.8796157836914
1629714304,1729020,88,0,6146,40.460105895996094,-79.92135620117188
1629714314,6983020,P78,0,6266,40.443023681640625,-79.8798828125
1629714306,11965020,P78,0,6148,40.54048156738281,-79.83103942871094
1629714301,12467020,75,0,6147,40.47239685058594,-79.92851257324219
1629714307,5655020,87,0,6268,40.458309173583984,-79.97203063964844
1629714299,7711020,87,0,6140,40.48595428466797,-79.92646026611328
1629714315,12153020,61C,0,3305,40.426456451416016,-79.92740631103516
1629714310,11566020,G2,0,3304,40.44194030761719,-80.00176239013672
1629714284,4058020,71C,0,3424,40.43877029418945,-79.9947509765625
1629714294,13459020,71B,0,3423,40.43877029418945,-79.9947509765625
1629714292,10640020,P1,0,3421,40.41515350341797,-79.8794174194336
1629714316,7681020,41,0,6018,40.35230255126953,-80.10525512695312
1629714300,11507020,48,0,6017,40.42832946777344,-79.97319793701172
1629714315,9354020,75,0,6138,40.42828369140625,-79.97280883789062
1629714307,12420020,86,0,6259,40.44981002807617,-79.98436737060547
1629714290,10587020,67,0,5722,40.446659088134766,-79.91289520263672
1629714315,4439020,13,0,5603,40.45546340942383,-80.00242614746094
1629714315,11260020,2,0,5605,40.49521255493164,-79.94563293457031
1629714307,14457020,P7,0,3308,40.44065856933594,-80.00017547607422
1629714309,1547020,87,0,6153,40.44362258911133,-79.99880981445312
1629714316,1043020,87,0,6152,40.484169006347656,-79.94780731201172
1629714299,8765020,56,0,6034,40.35301971435547,-79.84705352783203
1629714297,4677020,64,0,6155,40.41097640991211,-79.9066162109375
1629714314,10452020,71C,0,7001,40.4404182434082,-79.99463653564453
1629714314,4216020,P12,0,6154,40.436279296875,-79.8726806640625
1629714303,368020,82,0,6156,40.45133590698242,-79.95378112792969
1629714311,2082020,87,0,6159,40.4855842590332,-79.92607879638672
1629714296,6539020,93,0,6038,40.48292922973633,-79.94795989990234
1629714287,11824020,77,0,6158,40.47831726074219,-79.76140594482422
1629714287,5199020,71C,0,3321,40.45280075073242,-79.94908905029297
1629714286,5961020,P1,0,3320,40.44102096557617,-79.99565887451172
1629714310,11086020,67,0,6271,40.444339752197266,-79.917724609375
1629714300,265020,P3,0,3314,40.455413818359375,-79.94461059570312
1629714292,653020,24,0,5611,40.444252014160156,-80.02806854248047
1629714283,7056020,8,0,5732,40.45560073852539,-80.00559997558594
1629714305,1491020,71B,0,3319,40.446754455566406,-79.95074462890625
1629714311,7640020,P16,0,6045,40.46598815917969,-79.82453155517578
1629714290,5541020,P10,0,6046,40.47088623046875,-79.90860748291016
1629714298,9634020,74,0,6048,40.46100997924805,-79.92752838134766
1629714305,11375020,P1,0,3332,40.45854949951172,-79.9144287109375
1629714306,7011020,28X,0,3331,40.45240783691406,-80.05176544189453
1629714301,5888020,71D,0,3330,40.44736099243164,-79.94344329833984
1629714309,5548020,P67,0,6160,40.44361877441406,-79.99549865722656
1629714315,589020,P1,0,3328,40.45962142944336,-79.9220199584961
1629714291,2966020,61D,0,3206,40.410057067871094,-79.91252899169922
1629714287,10028020,61D,0,3204,40.44078063964844,-80.00059509277344
1629714315,9379020,71B,0,3325,40.454681396484375,-79.92533111572266
1629714288,5263020,61B,0,3202,40.43803024291992,-79.909423828125
1629714306,5612020,71A,0,3323,40.44149398803711,-79.99786376953125
1629714308,11834020,4,0,1709,40.50167465209961,-80.02198791503906
1629714307,4126020,11,0,1707,40.459129333496094,-80.00454711914062
1629714290,1128020,11,0,1704,40.44601821899414,-79.98908996582031
1629714314,2734020,13,0,5627,40.480010986328125,-80.04106140136719
1629714299,12166020,7,0,1702,40.4427490234375,-80.00425720214844
1629714311,11698020,86,0,6056,40.46039581298828,-79.9157943725586
1629714311,3626020,71D,0,6059,40.452308654785156,-79.887451171875
1629714315,3936020,P1,0,3221,40.41944122314453,-79.8863754272461
1629714287,7502020,71C,0,6051,40.46139907836914,-79.92476654052734
1629714304,12288020,24,0,6609,40.456058502197266,-80.16320037841797
1629714286,11794020,P12,0,3219,40.453941345214844,-79.93675231933594
1629714305,10696020,19L,0,6608,40.50862121582031,-80.08383178710938
1629714298,4853020,4,0,1710,40.4587516784668,-79.98712158203125
1629714305,1794020,88,0,3213,40.46149444580078,-79.96890258789062
1629714281,7498020,41,0,5634,40.420616149902344,-80.00785827636719
1629714315,12527020,31,0,5635,40.413848876953125,-80.0732421875
1629714292,10369020,44,0,1716,40.44588851928711,-79.98941802978516
1629714299,11378020,G31,0,5636,40.438140869140625,-80.01287841796875
1629714288,1788020,43,0,1714,40.439476013183594,-79.99909210205078
1629714308,10984020,P76,0,6621,40.38825988769531,-79.82373046875
1629714301,8740020,O12,0,3231,40.55433654785156,-80.02104949951172
1629714299,1076020,40,0,1722,40.42934036254883,-80.0047836303711
1629714315,4313020,61C,0,6619,40.3524284362793,-79.85411834716797
1629714306,11888020,O12,0,3227,40.470333099365234,-80.0035171508789
1629714307,13267020,71A,0,3226,40.44007873535156,-79.96077728271484
1629714297,6679020,20,0,6611,40.439762115478516,-80.01709747314453
1629714303,8045020,20,0,6614,40.49528121948242,-80.11726379394531
1629714310,12523020,44,0,1727,40.41659927368164,-79.98995971679688
1629714303,6075020,51,0,6616,40.43989944458008,-79.9988021850586
1629714311,8399020,38,0,6615,40.384071350097656,-80.0794906616211
1629714308,1646020,83,0,6618,40.43030548095703,-79.97616577148438
1629714281,1159020,55,0,6617,40.35177993774414,-79.86332702636719
1629714293,4362020,51,0,5660,40.35177993774414,-79.94097900390625
1629714290,12703020,61A,0,6630,40.437713623046875,-79.98605346679688
1629714316,6401020,15,0,6511,40.48291778564453,-80.00363159179688
1629714305,6494020,Y46,0,6631,40.407318115234375,-80.00596618652344
1629714286,32020,G2,0,3234,40.40542221069336,-80.09077453613281
1629714297,511020,51L,0,6623,40.41972351074219,-79.99000549316406
1629714312,7484020,91,0,6502,40.4424934387207,-79.9995346069336
1629714310,1319020,51,0,6622,40.43607711791992,-80.00132751464844
1629714297,9607020,Y49,0,6624,40.38584518432617,-79.99580383300781
1629714316,3208020,52L,0,6627,40.40913772583008,-79.90214538574219
1629714316,7124020,54,0,6506,40.45188903808594,-79.9813003540039
1629714296,1973020,59,0,6626,40.380062103271484,-79.86348724365234
1629714292,7569020,61C,0,6629,40.44451904296875,-79.94673919677734
1629714312,13157020,83,0,6628,40.44627380371094,-79.95178985595703
1629714314,11174020,71C,0,5670,40.45746612548828,-79.93424987792969
1629714277,7851020,39,0,6520,40.42042541503906,-80.00819396972656
1629714302,3452020,71A,0,6641,40.45933151245117,-79.9332046508789
1629714294,12074020,P3,0,3255,40.415321350097656,-79.88040924072266
1629714303,8936020,61C,0,3252,40.40922927856445,-79.89739990234375
1629714298,3029020,P76,0,3250,40.460205078125,-79.96163940429688
1629714307,6492020,P3,0,3248,40.437721252441406,-79.96484375
1629714316,549020,53L,0,6634,40.3720817565918,-79.91236114501953
1629714302,8822020,6,0,6512,40.44365310668945,-79.99530029296875
1629714304,2294020,24,0,6515,40.47378158569336,-80.07717895507812
1629714309,7197020,69,0,5667,40.441654205322266,-79.87753295898438
1629714299,3563020,82,0,6636,40.461219787597656,-79.90924072265625
1629714292,1028020,20,0,6517,40.50437927246094,-80.13317108154297
1629714301,5637020,P10,0,6637,40.605777740478516,-79.75149536132812
1629714302,4616020,27,0,6518,40.451419830322266,-80.07865905761719
1629714303,7772020,75,0,6650,40.48950958251953,-79.90352630615234
1629714316,2732020,54,0,6410,40.46210861206055,-79.94991302490234
1629714297,8217020,67,0,6652,40.439483642578125,-79.99720001220703
1629714308,6915020,93,0,6531,40.46391677856445,-79.95285034179688
1629714311,14609020,59,0,6530,40.4156608581543,-79.8783187866211
1629714305,10539020,69,0,6651,40.4424934387207,-79.88410949707031
1629714308,7986020,19L,0,6412,40.45109176635742,-80.0279312133789
1629714311,6530020,61A,0,6532,40.42552185058594,-79.88567352294922
1629714309,14211020,69,0,6653,40.40079879760742,-79.78361511230469
1629714300,3032020,P78,0,3260,40.459049224853516,-79.96746063232422
1629714293,2538020,71A,0,3258,40.440330505371094,-79.9603271484375
1629714304,232020,P16,0,6645,40.450218200683594,-79.892578125
1629714307,14252020,Y47,0,6524,40.395668029785156,-79.9996337890625
1629714311,3814020,77,0,6644,40.43973922729492,-79.99771881103516
1629714293,13068020,54,0,6405,40.439125061035156,-79.96199035644531
1629714292,3944020,P67,0,6647,40.43321228027344,-79.79857635498047
1629714308,3595020,54,0,6404,40.45560073852539,-80.0055923461914
1629714288,14251020,61A,0,6525,40.4087028503418,-79.8661117553711
1629714313,8745020,71A,0,6646,40.47891616821289,-79.9190902709961
1629714307,7415020,16,0,6407,40.49921798706055,-80.0634994506836
1629714293,4421020,61C,0,6528,40.44208526611328,-79.95803833007812
1629714312,9254020,P68,0,6649,40.40456771850586,-79.84354400634766
1629714299,4514020,P7,0,6527,40.421932220458984,-79.88663482666016
1629714293,10852020,18,0,6408,40.45600891113281,-80.02696990966797
1629714311,7664020,53L,0,6529,40.42844772338867,-79.93047332763672
1629714304,5164020,Y46,0,6540,40.341697692871094,-79.96580505371094
1629714289,39020,28X,0,6542,40.43492889404297,-79.98755645751953
1629714286,13752020,36,0,6420,40.33955001831055,-80.05744934082031
1629714310,7181020,52L,0,6541,40.37177276611328,-79.84428405761719
1629714288,11876020,69,0,6544,40.39310073852539,-79.80864715576172
1629714294,5964020,2,0,6301,40.52775192260742,-80.0083236694336
1629714315,595020,71A,0,6543,40.46920394897461,-79.92729187011719
1629714314,10798020,55,0,6535,40.32276153564453,-79.8924331665039
1629714295,3235020,14,0,6413,40.570152282714844,-80.21469116210938
1629714288,12830020,56,0,6534,40.35603332519531,-79.89895629882812
1629714305,12408020,21,0,6416,40.537696838378906,-80.18550109863281
1629714315,14552020,Y46,0,6537,40.272491455078125,-79.88622283935547
1629714315,3968020,41,0,6415,40.39916229248047,-80.02506256103516
1629714310,7267020,60,0,6538,40.31669235229492,-79.83350372314453
1629714314,13171020,31,0,6419,40.389564514160156,-80.08843994140625
1629714235,1479020,89,0,6551,40.46089553833008,-79.92759704589844
1629714314,3097020,71D,0,6553,40.45389175415039,-79.89424896240234
1629714314,11141020,P3,0,6432,40.415287017822266,-79.8790512084961
1629714290,3591020,54,0,6310,40.452728271484375,-80.00896453857422
1629714287,12979020,83,0,6431,40.44081115722656,-79.99740600585938
1629714295,217020,64,0,6434,40.41434860229492,-79.92351531982422
1629714305,8947020,8,0,6313,40.50545120239258,-80.02879333496094
1629714274,11156020,P68,0,6555,40.41978454589844,-79.85894775390625
1629714291,6767020,2,0,6312,40.47564697265625,-79.9699935913086
1629714302,12915020,57,0,6433,40.414581298828125,-79.92388153076172
1629714313,-1545953317,15,1,6304,40.45568084716797,-80.00515747070312
1629714296,13519020,28X,0,6546,40.49492645263672,-80.25565338134766
1629714313,10305020,26,0,6424,40.44712829589844,-80.04412841796875
1629714310,9219020,79,0,6545,40.44694900512695,-79.8700942993164
1629714297,11067020,17,0,6306,40.455989837646484,-80.00438690185547
1629714314,13942020,77,0,6548,40.45817565917969,-79.89973449707031
1629714310,9298020,38,0,6426,40.440738677978516,-80.03289031982422
1629714281,13719020,82,0,6547,40.472984313964844,-79.88861846923828
1629714316,11031020,81,0,6429,40.441009521484375,-79.96382141113281
1629714302,2875020,1,0,6307,40.44386672973633,-79.99434661865234
1629714297,10559020,57,0,6428,40.40666580200195,-79.9276351928711
1629714289,4104020,P68,0,6549,40.443572998046875,-79.99284362792969
1629714285,4673020,36,0,6320,40.3791618347168,-80.0538330078125
1629714256,12802020,61A,0,6441,40.41386795043945,-79.85306549072266
1629714301,5275020,Y49,0,6440,40.363216400146484,-79.98374938964844
1629714307,12106020,1,0,6201,40.541080474853516,-79.78250122070312
1629714313,4430020,81,0,6443,40.44200897216797,-79.96277618408203
1629714311,12336020,48,0,6321,40.4287109375,-79.98786163330078
1629714314,13769020,2,0,6203,40.50202560424805,-79.94688415527344
1629714285,12541020,21,0,6324,40.50368881225586,-80.22280883789062
1629714317,1929020,61A,0,6445,40.44027328491211,-79.88037109375
1629714290,5211020,24,0,6323,40.4559211730957,-80.16364288330078
1629714304,329020,91,0,6202,40.50041580200195,-79.86093139648438
1629714311,2100020,1,0,5906,40.45196533203125,-80.0012435913086
1629714316,2141020,16,0,5907,40.499202728271484,-80.06352996826172
1629714316,9725020,16,0,5909,40.46711730957031,-80.02501678466797
1629714307,7902020,91,0,6315,40.46274185180664,-79.96714782714844
1629714286,272020,P10,0,6557,40.443729400634766,-79.9950942993164
1629714307,4182020,51,0,6438,40.421573638916016,-79.98434448242188
1629714312,2083020,31,0,6319,40.446048736572266,-79.9891128540039
1629714299,4695020,51,0,6439,40.375675201416016,-79.97554016113281
1629714308,13638020,91,0,5901,40.47172927856445,-79.95960235595703
1629714304,9078020,6,0,5902,40.44544982910156,-79.9900131225586
1629714315,7487020,P10,0,6450,40.541011810302734,-79.79283142089844
1629714308,12601020,21,0,6331,40.464420318603516,-80.05780792236328
1629714294,9071020,38,0,6330,40.39142990112305,-80.07198333740234
1629714311,7024020,61D,0,6333,40.429996490478516,-79.9234619140625
1629714298,11982020,39,0,6332,40.44588088989258,-79.9893798828125
1629714308,10989020,64,0,6335,40.451629638671875,-79.92473602294922
1629714232,2613020,67,0,6456,40.44443893432617,-79.94864654541016
1629714290,7304020,Y47,0,6334,40.33818435668945,-79.97911834716797
1629714285,11014020,48,0,5917,40.421321868896484,-80.00604248046875
1629714268,7651020,2,0,6205,40.5455207824707,-80.01631164550781
1629714311,10628020,51,0,6447,40.4184684753418,-79.98622131347656
1629714303,8451020,29,0,6325,40.45273971557617,-80.19349670410156
1629714276,6833020,8,0,6206,40.517539978027344,-80.0368881225586
1629714302,11167020,15,0,6209,40.44148254394531,-80.00352478027344
1629714315,14027020,41,0,5911,40.35309982299805,-80.10580444335938
1629714297,6214020,14,0,6208,40.474365234375,-80.03958892822266
1629714296,1400020,27,0,5914,40.44321060180664,-80.04341125488281
1629714267,12227020,Y45,0,6340,40.32890319824219,-79.98733520507812
1629714313,11573020,29,0,6221,40.4421501159668,-80.0499267578125
1629714289,1546020,88,0,6463,40.456634521484375,-79.91264343261719
1629714277,5952020,Y1,0,6342,40.416526794433594,-80.01184844970703
1629714315,11609020,61D,0,6341,40.40687561035156,-79.91950225830078
1629714304,3852020,67,0,6462,40.4275016784668,-79.81181335449219
1629714299,6632020,39,0,6223,40.40946960449219,-80.01376342773438
1629714316,12608020,61B,0,6343,40.438011169433594,-79.91229248046875
1629714314,11037020,1,0,5805,40.4946403503418,-79.93525695800781
1629714313,14033020,12,0,5807,40.55223846435547,-80.0232162475586
1629714305,6072020,17,0,5809,40.50105285644531,-80.02230834960938
1629714306,5664020,65,0,6337,40.434486389160156,-79.9496078491211
1629714288,3746020,56,0,6339,40.43812942504883,-79.99797058105469
1629714299,8528020,61B,0,6338,40.44104766845703,-79.99665069580078
1629714312,10899020,G31,0,6219,40.36660385131836,-80.10607147216797
1629714274,4807020,91,0,5803,40.48716354370117,-79.8867416381836
1629714316,866020,14,0,5804,40.55125045776367,-80.191162109375
1629714957,3493020,P12,0,5937,40.4368896484375,-79.71312713623047
1629714934,9951020,51L,0,5819,40.36490249633789,-79.98299407958984
1629714880,2819020,26,0,5811,40.440773010253906,-80.0688247680664
1629714944,225020,8,0,5707,40.50308609008789,-80.02471160888672
1629714934,880020,22,0,5708,40.4672966003418,-80.09815216064453
1629714951,12951020,58,0,5940,40.444698333740234,-79.94375610351562
1629714943,10922020,17,0,5701,40.4515495300293,-80.00111389160156
1629714939,14344020,15,0,5702,40.4836540222168,-80.00382232666016
1629714942,9858020,71D,0,5944,40.455406188964844,-79.90101623535156
1629714956,9879020,54,0,5703,40.411155700683594,-79.99000549316406
1629714926,13556020,67,0,5945,40.436771392822266,-79.75924682617188
1629714957,3621020,O1,0,3407,40.50879669189453,-80.02944946289062
1629714956,2469020,P13,0,5705,40.5224723815918,-79.95992279052734
1629714957,2619020,71B,0,3420,40.4398193359375,-79.99793243408203
1629714934,7774020,28X,0,3416,40.43815231323242,-79.97681427001953
1629714945,10786020,P16,0,5719,40.486671447753906,-79.80745697021484
1629714955,3008020,P1,0,3414,40.44367599487305,-79.99250030517578
1629714928,2116020,71C,0,5715,40.453914642333984,-79.9121322631836
1629714934,9474020,61D,0,3306,40.40623092651367,-79.91988372802734
1629714928,12153020,61C,0,3305,40.44448471069336,-79.94208526611328
1629714938,7428020,G2,0,3304,40.441810607910156,-80.00228118896484
1629714930,4058020,71C,0,3424,40.44082260131836,-79.95964050292969
1629714942,13459020,71B,0,3423,40.440528869628906,-79.96005249023438
1629714955,2478020,P1,0,3421,40.414756774902344,-79.87882995605469
1629714953,10587020,67,0,5722,40.44419860839844,-79.94962310791016
1629714958,4439020,13,0,5603,40.46725082397461,-80.03484344482422
1629714951,11260020,2,0,5605,40.48054504394531,-79.97431182861328
1629714916,13195020,P7,0,3308,40.45591354370117,-79.94520568847656
1629714940,5199020,71C,0,3321,40.46070861816406,-79.92308044433594
1629714952,5961020,P1,0,3320,40.4570426940918,-79.91043853759766
1629714932,10717020,P76,0,3315,40.321800231933594,-79.83550262451172
1629714942,265020,P3,0,3314,40.437721252441406,-79.96466064453125
1629714930,653020,24,0,5611,40.47187423706055,-80.07263946533203
1629714942,11358020,8,0,5732,40.44879150390625,-80.00067901611328
1629714956,1491020,71B,0,3319,40.468971252441406,-79.92137145996094
1629714942,2633020,P1,0,3332,40.44341278076172,-79.99600219726562
1629714958,7011020,28X,0,3331,40.42983627319336,-80.13423156738281
1629714950,5888020,71D,0,3330,40.438568115234375,-79.98554229736328
1629714945,589020,P1,0,3328,40.415122985839844,-79.87947845458984
1629714936,2966020,61D,0,3206,40.41112518310547,-79.90650177001953
1629714925,10028020,61D,0,3204,40.437896728515625,-79.99011993408203
1629714937,9379020,71B,0,3325,40.44179916381836,-79.95848083496094
1629714938,5263020,61B,0,3202,40.411556243896484,-79.88030242919922
1629714932,1615020,71A,0,3323,40.4380989074707,-79.99436950683594
1629714949,2734020,13,0,5627,40.45872116088867,-80.01618957519531
1629714934,3936020,P1,0,3221,40.45646286010742,-79.9330062866211
1629714949,12288020,24,0,6609,40.458763122558594,-80.1381607055664
1629714946,11794020,P12,0,3219,40.44150161743164,-79.87002563476562
1629714958,10696020,19L,0,6608,40.48992156982422,-80.04948425292969
1629714958,11363020,88,0,3213,40.442195892333984,-79.99943542480469
1629714941,7498020,41,0,5634,40.38718795776367,-80.04369354248047
1629714936,12527020,31,0,5635,40.43575668334961,-80.0359878540039
1629714953,7252020,16,0,6605,40.50225067138672,-80.07032012939453
1629714953,2399020,G31,0,5636,40.44621658325195,-79.98860168457031
1629714925,2724020,91,0,6607,40.49051284790039,-79.9070816040039
1629714946,10984020,P76,0,6621,40.417747497558594,-79.84857940673828
1629714952,8740020,O12,0,3231,40.58614730834961,-80.04093170166016
1629714943,4313020,61C,0,6619,40.3505973815918,-79.86759185791016
1629714949,10168020,O12,0,3227,40.44223403930664,-79.99520111083984
1629714942,13267020,71A,0,3226,40.44062042236328,-79.99552154541016
1629714931,7547020,P1,0,3223,40.44651412963867,-79.8884506225586
1629714926,7693020,20,0,6611,40.451656341552734,-80.03794860839844
1629714945,8045020,20,0,6614,40.46821212768555,-80.09808349609375
1629714931,6075020,51,0,6616,40.42832946777344,-79.9805908203125
1629714951,8399020,38,0,6615,40.39177322387695,-80.07007598876953
1629714957,1646020,83,0,6618,40.43030548095703,-79.97616577148438
1629714928,1159020,55,0,6617,40.340919494628906,-79.88729858398438
1629714958,4362020,51,0,5660,40.34614562988281,-79.95716094970703
1629714927,12703020,61A,0,6630,40.444087982177734,-79.93980407714844
1629714956,10728020,6,0,6511,40.466949462890625,-79.99427795410156
1629714949,6494020,Y46,0,6631,40.34722137451172,-79.97386169433594
1629714952,5278020,P10,0,3240,40.62385177612305,-79.72455596923828
1629714940,13750020,G2,0,3234,40.40621566772461,-80.09003448486328
1629714925,511020,51L,0,6623,40.437103271484375,-80.00186920166016
1629714913,7484020,91,0,6502,40.455406188964844,-79.97621154785156
1629714953,14652020,51,0,6622,40.43721389770508,-80.00057220458984
1629714946,9607020,Y49,0,6624,40.36534881591797,-79.96710968017578
1629714929,3208020,52L,0,6627,40.430477142333984,-79.95758819580078
1629714943,7124020,54,0,6506,40.46369552612305,-79.95281982421875
1629714951,1973020,59,0,6626,40.38307189941406,-79.86820983886719
1629714958,7569020,61C,0,6629,40.426597595214844,-79.9272689819336
1629714916,13157020,83,0,6628,40.446868896484375,-79.96028900146484
1629714958,11174020,71C,0,5670,40.441856384277344,-79.9583969116211
1629714951,7851020,39,0,6520,40.389530181884766,-80.01118469238281
1629714906,3452020,71A,0,6641,40.44561767578125,-79.95314025878906
1629714947,9848020,P68,0,6640,40.4217414855957,-79.79759216308594
1629714958,4060020,O5,0,6401,40.581825256347656,-79.99360656738281
1629714934,4904020,P3,0,3255,40.414756774902344,-79.87882995605469
1629714945,8936020,61C,0,3252,40.423377990722656,-79.9285888671875
1629714954,13213020,P76,0,3250,40.44026184082031,-79.9991226196289
1629714945,8257020,P3,0,3248,40.45195388793945,-79.94947052001953
1629714933,549020,53L,0,6634,40.34586715698242,-79.9383773803711
1629714941,10425020,51,0,6633,40.38069152832031,-79.97627258300781
1629714943,8822020,6,0,6512,40.44624328613281,-79.98885345458984
1629714954,2294020,24,0,6515,40.46413803100586,-80.05415344238281
1629714943,3563020,82,0,6636,40.45701217651367,-79.93486022949219
1629714952,9405020,81,0,6635,40.42841339111328,-79.97444152832031
1629714954,1028020,20,0,6517,40.483158111572266,-80.11209106445312
1629714942,5637020,P10,0,6637,40.57371139526367,-79.77750396728516
1629714955,4616020,27,0,6518,40.44213104248047,-80.04984283447266
1629714921,7772020,75,0,6650,40.4900016784668,-79.8700942993164
1629714957,2732020,54,0,6410,40.45370101928711,-79.97870635986328
1629714939,3711020,67,0,6652,40.43601989746094,-79.9663314819336
1629714951,6915020,93,0,6531,40.48283386230469,-79.94816589355469
1629714917,14609020,59,0,6530,40.40518569946289,-79.88494873046875
1629714957,10539020,69,0,6651,40.41775131225586,-79.84878540039062
1629714937,6530020,61A,0,6532,40.402339935302734,-79.86136627197266
1629714955,14211020,69,0,6653,40.404701232910156,-79.82573699951172
1629714950,3032020,P78,0,3260,40.442138671875,-79.88296508789062
1629714953,2538020,71A,0,3258,40.453182220458984,-79.94749450683594
1629714938,232020,P16,0,6645,40.446327209472656,-79.98870086669922
1629714950,14252020,Y47,0,6524,40.431400299072266,-80.00251770019531
1629714939,12976020,12,0,6402,40.56814956665039,-80.01651000976562
1629714953,7404020,77,0,6644,40.44940948486328,-79.98222351074219
1629714958,13068020,54,0,6405,40.451934814453125,-79.9518814086914
1629714953,3944020,P67,0,6647,40.43952178955078,-79.87481689453125
1629714956,3595020,54,0,6404,40.45658493041992,-79.9690933227539
1629714935,14251020,61A,0,6525,40.43133544921875,-79.8844223022461
1629714958,8745020,71A,0,6646,40.459346771240234,-79.93319702148438
1629714958,4421020,61C,0,6528,40.4414176940918,-79.9976577758789
1629714958,9254020,P68,0,6649,40.4251823425293,-79.868896484375
1629714938,4514020,P7,0,6527,40.457763671875,-79.91222381591797
1629714934,10852020,18,0,6408,40.44713592529297,-80.017578125
1629714940,7664020,53L,0,6529,40.439029693603516,-80.0035171508789
1629714953,5164020,Y46,0,6540,40.382232666015625,-79.9952621459961
1629714941,39020,28X,0,6542,40.447654724121094,-79.9393310546875
1629714931,13752020,36,0,6420,40.33955001831055,-80.05744934082031
1629714946,7181020,52L,0,6541,40.36457824707031,-79.86979675292969
1629714947,11876020,69,0,6544,40.3911247253418,-79.76627349853516
1629714546,5964020,2,0,6301,40.52775192260742,-80.0083236694336
1629714941,6522020,29,0,6422,40.42531204223633,-80.1888198852539
1629714575,595020,71A,0,6543,40.478946685791016,-79.91911315917969
1629714942,10798020,55,0,6535,40.35224533081055,-79.85586547851562
1629714949,3235020,14,0,6413,40.59141159057617,-80.22748565673828
1629714957,12830020,56,0,6534,40.354148864746094,-79.83656311035156
1629714913,12408020,21,0,6416,40.515785217285156,-80.1598129272461
1629714928,1259020,Y46,0,6537,40.27307891845703,-79.88565063476562
1629714955,3968020,41,0,6415,40.431400299072266,-80.00251770019531
1629714951,3686020,60,0,6538,40.336517333984375,-79.85314178466797
1629714938,5001020,74,0,6551,40.47261047363281,-79.89666748046875
1629714957,3097020,71D,0,6553,40.44905090332031,-79.93212890625
1629714940,11141020,P3,0,6432,40.459083557128906,-79.9244613647461
1629714954,9498020,83,0,6431,40.44321060180664,-79.98087310791016
1629714954,217020,64,0,6434,40.43804168701172,-79.91947937011719
1629714936,8947020,8,0,6313,40.47535705566406,-80.01183319091797
1629714952,11156020,P68,0,6555,40.40156936645508,-79.84124755859375
1629714955,6767020,2,0,6312,40.493980407714844,-79.94876098632812
1629714952,12915020,57,0,6433,40.40652847290039,-79.9412612915039
1629714930,-1545953317,15,1,6304,40.44573211669922,-79.98959350585938
1629714936,3298020,28X,0,6546,40.49618911743164,-80.25886535644531
1629714949,3585020,26,0,6424,40.43988037109375,-80.01732635498047
1629714951,6509020,P17,0,6545,40.46609878540039,-79.86737823486328
1629714928,11067020,17,0,6306,40.466678619384766,-80.02519989013672
1629714945,13942020,77,0,6548,40.46038055419922,-79.84236145019531
1629714926,8903020,38,0,6426,40.44355392456055,-80.00471496582031
1629714952,13952020,82,0,6547,40.4727897644043,-79.8900375366211
1629714932,11031020,81,0,6429,40.43014907836914,-79.97611236572266
1629714952,10559020,57,0,6428,40.407615661621094,-79.9114990234375
1629714944,7013020,P68,0,6549,40.45924377441406,-79.96675872802734
1629714946,4673020,36,0,6320,40.415225982666016,-80.02994537353516
1629714955,12802020,61A,0,6441,40.40302276611328,-79.86238098144531
1629714936,5275020,Y49,0,6440,40.39567947387695,-79.9996337890625
1629714937,12106020,1,0,6201,40.52887725830078,-79.85014343261719
1629714952,4430020,81,0,6443,40.44358444213867,-79.98423767089844
1629714949,12336020,48,0,6321,40.41719055175781,-79.96656036376953
1629714777,13769020,2,0,6203,40.55079650878906,-79.9714584350586
1629714951,12541020,21,0,6324,40.50380325317383,-80.22431945800781
1629714946,1929020,61A,0,6445,40.43804168701172,-79.9197769165039
1629714901,5211020,24,0,6323,40.45769119262695,-80.15853881835938
1629714955,329020,91,0,6202,40.491966247558594,-79.86714172363281
1629714957,7902020,91,0,6315,40.44353485107422,-79.99913787841797
1629714910,12522020,P10,0,6557,40.44283676147461,-79.99810791015625
1629714939,12409020,1,0,6314,40.60130310058594,-79.75885772705078
1629714949,4182020,51,0,6438,40.38452911376953,-79.9779052734375
1629714928,2083020,31,0,6319,40.441139221191406,-80.00658416748047
1629714955,4695020,51,0,6439,40.34368896484375,-79.97077941894531
1629714939,7487020,P10,0,6450,40.5432014465332,-79.83807373046875
1629714951,12601020,21,0,6331,40.43973159790039,-80.00538635253906
1629714930,9071020,38,0,6330,40.38640594482422,-80.08821868896484
1629714929,7024020,61D,0,6333,40.44401168823242,-79.95037078857422
1629714943,11982020,39,0,6332,40.44588088989258,-79.9893798828125
1629714956,10989020,64,0,6335,40.428245544433594,-79.9248046875
1629714945,2613020,67,0,6456,40.438690185546875,-79.98826599121094
1629714926,7304020,Y47,0,6334,40.343284606933594,-79.94267272949219
1629714958,7651020,2,0,6205,40.5577392578125,-79.97428894042969
1629714950,10628020,51,0,6447,40.431949615478516,-80.00350189208984
1629714951,8451020,29,0,6325,40.445831298828125,-80.14388275146484
1629714957,6833020,8,0,6206,40.5176887512207,-80.03014373779297
1629714954,11167020,15,0,6209,40.455894470214844,-80.01526641845703
1629714957,6214020,14,0,6208,40.44782257080078,-80.01783752441406
1629714937,12227020,Y45,0,6340,40.34621047973633,-80.00711059570312
1629714927,11573020,29,0,6221,40.44220733642578,-80.00071716308594
1629714938,1546020,88,0,6463,40.464599609375,-79.93795013427734
1629714926,5952020,Y1,0,6342,40.44040298461914,-80.00057983398438
1629714948,11609020,61D,0,6341,40.42987823486328,-79.92343139648438
1629714958,3852020,67,0,6462,40.436153411865234,-79.78477478027344
1629714914,6632020,39,0,6223,40.436710357666016,-80.00090026855469
1629714943,12608020,61B,0,6343,40.4444694519043,-79.94802856445312
1629714948,5664020,65,0,6337,40.43880844116211,-79.99075317382812
1629714949,3746020,56,0,6339,40.41077423095703,-79.94442749023438
1629714956,7189020,61B,0,6338,40.43798065185547,-79.99236297607422
1629714900,10899020,G31,0,6219,40.3935661315918,-80.08749389648438
1629714922,10532020,52L,0,6353,40.4267578125,-79.9374771118164
1629714949,4957020,53L,0,6113,40.38825988769531,-79.90174102783203
1629714953,476020,61A,0,6355,40.43860626220703,-79.98638153076172
1629714948,12529020,59,0,6357,40.3703498840332,-79.85256958007812
1629714934,10935020,Y47,0,6235,40.34423065185547,-79.94075012207031
1629714946,9724020,26,0,6229,40.44184112548828,-80.06884765625
1629714951,2402020,22,0,6107,40.440338134765625,-80.01825714111328
1629714951,13533020,77,0,6362,40.46119689941406,-79.92418670654297
1629714955,2740020,82,0,6361,40.45677185058594,-79.93566131591797
1629714455,7407020,P12,0,6363,40.44602584838867,-79.9888687133789
1629714923,2792020,91,0,6003,40.48709487915039,-79.94109344482422
1629714941,9618020,P16,0,6366,40.44389343261719,-79.7779769897461
1629714958,12286020,51,0,6244,40.41846466064453,-79.98622131347656
1629714945,14395020,93,0,6247,40.43589782714844,-79.95854187011719
1629714940,189020,59,0,6246,40.41481018066406,-79.8548812866211
1629714943,6781020,71A,0,6359,40.47891616821289,-79.9190902709961
1629714958,726020,61C,0,6358,40.389225006103516,-79.86791229248047
1629714948,5855020,61B,0,6252,40.43255615234375,-79.89384460449219
1629714901,592020,51,0,6251,40.40522384643555,-79.9908218383789
1629714923,6998020,91,0,6011,40.457191467285156,-79.97515106201172
1629714931,8371020,16,0,6014,40.45547866821289,-80.00662994384766
1629714934,1823020,28X,0,6137,40.414974212646484,-80.08328247070312
1629714936,6101020,P68,0,6258,40.43096160888672,-79.78524780273438
1629714938,12564020,14,0,6007,40.50357437133789,-80.08100891113281
1629714952,6698020,53L,0,6249,40.412330627441406,-79.90825653076172
1629714949,4582020,54,0,6006,40.40890121459961,-79.99153900146484
1629714921,10199020,P16,0,6369,40.44257736206055,-79.87858581542969
1629714927,1720020,12,0,6009,40.45795822143555,-79.99805450439453
1629714947,14623020,21,0,6021,40.51309585571289,-80.13524627685547
1629714958,5999020,67,0,6262,40.448490142822266,-79.89923858642578
1629714957,1126020,86,0,6144,40.444522857666016,-79.88450622558594
1629714938,13626020,G3,0,6023,40.44292449951172,-79.99801635742188
1629714942,14667020,G3,0,6022,40.500240325927734,-80.22201538085938
1629714956,2042020,29,0,6025,40.44136047363281,-80.04043579101562
1629714924,1256020,79,0,6267,40.44995880126953,-79.8918228149414
1629714944,6983020,P78,0,6266,40.46036911010742,-79.9607162475586
1629714941,12223020,P71,0,6269,40.42292022705078,-79.8936767578125
1629714951,11965020,P78,0,6148,40.498844146728516,-79.83744049072266
1629714944,12467020,75,0,6147,40.45905685424805,-79.92393493652344
1629714951,13571020,87,0,6268,40.442535400390625,-79.99960327148438
1629714940,7711020,87,0,6140,40.46266174316406,-79.94508361816406
1629714956,7681020,41,0,6018,40.37140655517578,-80.0801010131836
1629714933,3607020,64,0,6139,40.467655181884766,-79.96363067626953
1629714900,11507020,48,0,6017,40.43069076538086,-80.0008316040039
1629714955,9354020,75,0,6138,40.446720123291016,-79.95121765136719
1629714951,12420020,86,0,6259,40.45888900756836,-79.94386291503906
1629714910,7760020,87,0,6153,40.447471618652344,-79.98798370361328
1629714956,1043020,87,0,6152,40.47528076171875,-79.93193817138672
1629714950,8765020,56,0,6034,40.35062026977539,-79.8714828491211
1629714907,4377020,64,0,6155,40.41107177734375,-79.90668487548828
1629714951,5217020,71C,0,7001,40.43894958496094,-79.9947280883789
1629714953,4216020,P12,0,6154,40.4569206237793,-79.94819641113281
1629714950,368020,82,0,6156,40.44054412841797,-79.9894790649414
1629714936,2082020,87,0,6159,40.48716735839844,-79.9406967163086
1629714958,6539020,93,0,6038,40.4693603515625,-79.96143341064453
1629714955,11824020,77,0,6158,40.474693298339844,-79.82205963134766
1629714936,11086020,67,0,6271,40.44110870361328,-79.8798599243164
1629714946,7640020,P16,0,6045,40.446407318115234,-79.84838104248047
1629714949,5541020,P10,0,6046,40.45947265625,-79.96565246582031
1629714956,6010020,89,0,6048,40.46017074584961,-79.91561126708984
1629714911,13178020,P67,0,6160,40.44499588012695,-79.99017333984375
1629714942,12813020,11,0,1701,40.445560455322266,-79.98980712890625
1629714814,11834020,4,0,1709,40.50167465209961,-80.02198791503906
1629714957,4126020,11,0,1707,40.46744155883789,-80.01351928710938
1629714936,1128020,11,0,1704,40.44601821899414,-79.98908996582031
1629714953,12166020,7,0,1702,40.457733154296875,-79.99539184570312
1629714943,11698020,86,0,6056,40.460906982421875,-79.94764709472656
1629714956,14001020,71D,0,6059,40.44913101196289,-79.89102935791016
1629714945,7502020,71C,0,6051,40.449867248535156,-79.95085144042969
1629714955,12618020,4,0,1710,40.44582748413086,-79.99929809570312
1629714955,12739020,44,0,1719,40.394927978515625,-79.96929168701172
1629714924,10569020,40,0,1716,40.44233703613281,-79.99712371826172
1629714945,1788020,43,0,1714,40.42557144165039,-80.00257110595703
1629714947,1076020,40,0,1722,40.44328308105469,-79.9966812133789
1629714936,12523020,44,0,1727,40.431732177734375,-80.00358581542969
1629714931,11563020,44,0,1726,40.44233703613281,-79.99712371826172
1629714954,2100020,1,0,5906,40.45378875732422,-79.99884033203125
1629714947,2141020,16,0,5907,40.476619720458984,-80.03179931640625
1629714940,9725020,16,0,5909,40.451683044433594,-80.00121307373047
1629714957,13638020,91,0,5901,40.494598388671875,-79.93474578857422
1629714945,9078020,6,0,5902,40.44247817993164,-79.99974060058594
1629714957,9903020,54,0,5903,40.417659759521484,-79.9881820678711
1629714910,11014020,48,0,5917,40.421295166015625,-80.00606536865234
1629714934,1400020,27,0,5914,40.454227447509766,-80.07861328125
1629714947,11037020,1,0,5805,40.477230072021484,-79.96893310546875
1629714954,5366020,59,0,5927,40.336246490478516,-79.94620513916016
1629714947,14033020,12,0,5807,40.50861358642578,-80.00467681884766
1629714941,6072020,17,0,5809,40.48971176147461,-80.04341125488281
1629714735,4807020,91,0,5803,40.49456024169922,-79.88587951660156
1629714900,866020,14,0,5804,40.522281646728516,-80.14563751220703
1629715483,13276020,51,0,5816,40.380615234375,-79.97626495361328
1629715481,3493020,P12,0,5937,40.44298553466797,-79.75988006591797
1629715500,9951020,51L,0,5819,40.38689041137695,-79.9819564819336
1629715502,1699020,27,0,5811,40.440773010253906,-80.0688247680664
1629715502,225020,8,0,5707,40.517208099365234,-80.0361557006836
1629715509,880020,22,0,5708,40.46730422973633,-80.09814453125
1629715456,6771020,O12,0,3403,40.56861877441406,-80.02399444580078
1629715484,12951020,58,0,5940,40.444698333740234,-79.94375610351562
1629715499,13494020,17,0,5701,40.44340515136719,-80.00455474853516
1629715467,14344020,15,0,5702,40.46348571777344,-80.02017974853516
1629715509,9100020,71B,0,5823,40.46595764160156,-79.92277526855469
1629715501,9858020,71D,0,5944,40.4484977722168,-79.93389129638672
1629715493,9879020,54,0,5703,40.408870697021484,-79.99156951904297
1629715482,13556020,67,0,5945,40.42849349975586,-79.79768371582031
1629715497,3621020,O1,0,3407,40.49678421020508,-80.01873016357422
1629715503,2469020,P13,0,5705,40.482444763183594,-79.96297454833984
1629715509,2619020,71B,0,3420,40.4373779296875,-79.97183990478516
1629715509,5729020,P2,0,3417,40.458152770996094,-79.91329956054688
1629715511,7774020,28X,0,3416,40.442481994628906,-79.99971008300781
1629715493,10786020,P16,0,5719,40.46498107910156,-79.83255004882812
1629715470,3008020,P1,0,3414,40.45976638793945,-79.92151641845703
1629715511,2116020,71C,0,5715,40.45613098144531,-79.93780517578125
1629715512,9474020,61D,0,3306,40.4211311340332,-79.92864227294922
1629715477,12153020,61C,0,3305,40.442359924316406,-79.95768737792969
1629715482,7428020,G2,0,3304,40.45261764526367,-80.04204559326172
1629715492,4058020,71C,0,3424,40.454856872558594,-79.94207000732422
1629715510,13459020,71B,0,3423,40.44906997680664,-79.93208312988281
1629715504,2478020,P1,0,3421,40.446990966796875,-79.88876342773438
1629715500,10587020,67,0,5722,40.43744659423828,-79.97190856933594
1629715511,4439020,13,0,5603,40.4990119934082,-80.0506591796875
1629715505,11260020,2,0,5605,40.45518112182617,-79.99402618408203
1629715488,13195020,P7,0,3308,40.442527770996094,-79.88663482666016
1629715512,5199020,71C,0,3321,40.44486999511719,-79.89185333251953
1629715491,5961020,P1,0,3320,40.41474914550781,-79.87875366210938
1629715467,10717020,P76,0,3315,40.35871505737305,-79.78607177734375
1629715504,11928020,P3,0,3314,40.44088363647461,-79.95954895019531
1629715502,11482020,61A,0,3313,40.401390075683594,-79.86170196533203
1629715498,653020,24,0,5611,40.46990966796875,-80.09976959228516
1629715501,11358020,8,0,5732,40.46489715576172,-80.01151275634766
1629715495,2633020,P1,0,3332,40.45018768310547,-79.98236083984375
1629715494,7011020,28X,0,3331,40.4615478515625,-80.19248962402344
1629715490,5888020,71D,0,3330,40.440895080566406,-80.0008544921875
1629715482,589020,P1,0,3328,40.41515350341797,-79.87947082519531
1629715458,2966020,61D,0,3206,40.41112518310547,-79.90650177001953
1629715503,10028020,61D,0,3204,40.442955017089844,-79.9543685913086
1629715506,9379020,71B,0,3325,40.43975067138672,-79.99418640136719
1629715494,5263020,61B,0,3202,40.41458511352539,-79.85343170166016
1629715508,1615020,71A,0,3323,40.44062805175781,-79.95990753173828
1629715486,2734020,13,0,5627,40.44387435913086,-79.99846649169922
1629715487,3681020,P1,0,3221,40.44345474243164,-79.995849609375
1629715474,12288020,24,0,6609,40.465213775634766,-80.10856628417969
1629715499,11794020,P12,0,3219,40.44397735595703,-79.7667465209961
1629715504,10696020,19L,0,6608,40.448978424072266,-80.02388000488281
1629715499,2511020,71C,0,3218,40.44956970214844,-79.9024887084961
1629715486,4934020,P10,0,3338,40.66740036010742,-79.71137237548828
1629715507,11363020,88,0,3213,40.45098876953125,-79.98267364501953
1629715498,7498020,41,0,5634,40.37398147583008,-80.08483123779297
1629715506,12527020,31,0,5635,40.441802978515625,-80.00208282470703
1629715507,7252020,16,0,6605,40.48815155029297,-80.04403686523438
1629715483,2399020,G31,0,5636,40.44356155395508,-79.99293518066406
1629715510,2724020,91,0,6607,40.48623275756836,-79.94330596923828
1629715497,1761020,14,0,6606,40.58377456665039,-80.22525787353516
1629715494,10984020,P76,0,6621,40.447776794433594,-79.8895263671875
1629715481,8740020,O12,0,3231,40.586788177490234,-80.03258514404297
1629715507,4313020,61C,0,6619,40.35057830810547,-79.86754608154297
1629715512,10168020,O12,0,3227,40.52687454223633,-80.00581359863281
1629715508,7206020,71A,0,3226,40.43894958496094,-79.9947280883789
1629715500,7547020,P1,0,3223,40.45688247680664,-79.9477310180664
1629715429,7693020,20,0,6611,40.46668243408203,-80.07927703857422
1629715498,6153020,20,0,6614,40.46821212768555,-80.09808349609375
1629715509,6075020,51,0,6616,40.398590087890625,-79.98870086669922
1629715510,8399020,38,0,6615,40.411705017089844,-80.04617309570312
1629715499,4204020,83,0,6618,40.437808990478516,-79.962158203125
1629715493,1159020,55,0,6617,40.305423736572266,-79.88389587402344
1629715473,4362020,51,0,5660,40.36756134033203,-79.9784164428711
1629715499,12703020,61A,0,6630,40.44123840332031,-79.8942642211914
1629715512,10728020,6,0,6511,40.446266174316406,-79.99958038330078
1629715511,6494020,Y46,0,6631,40.30984878540039,-79.93731689453125
1629715506,5278020,P10,0,3240,40.60271072387695,-79.75231170654297
1629715393,635020,G2,0,3238,40.405521392822266,-80.0907974243164
1629715474,13750020,G2,0,3234,40.44734573364258,-80.06452941894531
1629715501,7484020,91,0,6502,40.478153228759766,-79.95585632324219
1629715509,12604020,1,0,6501,40.443572998046875,-79.99285125732422
1629715511,14652020,51,0,6622,40.427207946777344,-79.980712890625
1629715501,9607020,Y49,0,6624,40.34817886352539,-79.94731903076172
1629715503,8724020,52L,0,6627,40.440425872802734,-80.00447845458984
1629715512,7124020,54,0,6506,40.442073822021484,-79.95805358886719
1629715494,1973020,59,0,6626,40.39833068847656,-79.88509368896484
1629715510,7569020,61C,0,6629,40.40654373168945,-79.91145324707031
1629715480,10972020,19L,0,6507,40.512996673583984,-80.10299682617188
1629715505,13157020,83,0,6628,40.44711685180664,-79.98095703125
1629715483,11174020,71C,0,5670,40.43919372558594,-79.99457550048828
1629715501,2717020,39,0,6520,40.391807556152344,-80.0157699584961
1629715502,3452020,71A,0,6641,40.43855667114258,-79.98502349853516
1629715507,9848020,P68,0,6640,40.39901351928711,-79.83636474609375
1629715488,4060020,O5,0,6401,40.557010650634766,-80.0076675415039
1629715506,4904020,P3,0,3255,40.4180908203125,-79.88514709472656
1629715488,8936020,61C,0,3252,40.43806076049805,-79.92438507080078
1629715491,1066020,61D,0,3251,40.41007995605469,-79.9095230102539
1629715497,13213020,P76,0,3250,40.45795822143555,-79.95366668701172
1629715506,8257020,P3,0,3248,40.448970794677734,-79.89080810546875
1629715478,549020,53L,0,6634,40.36119079589844,-79.92973327636719
1629715509,5734020,15,0,6512,40.443687438964844,-79.99354553222656
1629715471,10425020,51,0,6633,40.41068649291992,-79.99021911621094
1629715512,2294020,24,0,6515,40.43975830078125,-80.00545501708984
1629715512,3563020,82,0,6636,40.4467658996582,-79.96793365478516
1629715484,9405020,81,0,6635,40.44593048095703,-79.95165252685547
1629715485,1028020,20,0,6517,40.46672821044922,-80.08072662353516
1629715507,5637020,P10,0,6637,40.54085922241211,-79.80713653564453
1629715508,3610020,27,0,6518,40.44169998168945,-80.00479888916016
1629715509,7772020,75,0,6650,40.4900016784668,-79.8700942993164
1629715509,2732020,54,0,6410,40.45507049560547,-80.00862121582031
1629715507,3711020,67,0,6652,40.445518493652344,-79.93233489990234
1629715507,6915020,93,0,6531,40.48283386230469,-79.94816589355469
1629715502,14609020,59,0,6530,40.41277313232422,-79.90917205810547
1629715501,10539020,69,0,6651,40.400211334228516,-79.81639862060547
1629715502,6234020,61B,0,6533,40.41025161743164,-79.87783813476562
1629715509,6530020,61A,0,6532,40.41360092163086,-79.8537368774414
1629715492,14211020,69,0,6653,40.42707443237305,-79.86284637451172
1629715511,3032020,P78,0,3260,40.457984924316406,-79.85592651367188
1629715494,2538020,71A,0,3258,40.467803955078125,-79.9280776977539
1629715508,232020,P16,0,6645,40.4428596496582,-79.99443054199219
1629715493,11742020,Y47,0,6524,40.43890380859375,-79.99942016601562
1629715487,12976020,12,0,6402,40.54976272583008,-80.01805114746094
1629715502,7404020,77,0,6644,40.458030700683594,-79.9349136352539
1629715484,13068020,54,0,6405,40.46040344238281,-79.94671630859375
1629715451,3944020,P67,0,6647,40.4594841003418,-79.92288970947266
1629715509,3595020,54,0,6404,40.45920181274414,-79.94666290283203
1629715495,14251020,61A,0,6525,40.44123840332031,-79.89414978027344
1629715485,8745020,71A,0,6646,40.45145034790039,-79.95175170898438
1629715500,12096020,61C,0,6528,40.43800354003906,-79.9928970336914
1629715504,9254020,P68,0,6649,40.457725524902344,-79.91227722167969
1629715497,4514020,P7,0,6527,40.44361877441406,-79.99349212646484
1629715493,10852020,18,0,6408,40.44713592529297,-80.017578125
1629715498,7323020,53L,0,6529,40.43527603149414,-79.97904968261719
1629715488,5164020,Y46,0,6540,40.421329498291016,-80.00672149658203
1629715484,13752020,36,0,6420,40.33955001831055,-80.05744934082031
1629715499,7181020,52L,0,6541,40.39628601074219,-79.8913345336914
1629715478,13032020,69,0,6544,40.38595199584961,-79.75198364257812
1629715512,5964020,2,0,6301,40.52730178833008,-80.0086669921875
1629715511,6522020,29,0,6422,40.44178009033203,-80.19937133789062
1629715508,12150020,71A,0,6543,40.47891616821289,-79.9190902709961
1629715512,10798020,55,0,6535,40.38069534301758,-79.82837677001953
1629715510,3235020,14,0,6413,40.59141159057617,-80.22748565673828
1629715490,12830020,56,0,6534,40.3466796875,-79.82978057861328
1629715493,12408020,21,0,6416,40.50868225097656,-80.11666107177734
1629715511,1259020,Y46,0,6537,40.29203414916992,-79.88060760498047
1629715506,3968020,41,0,6415,40.44203186035156,-79.99950408935547
1629715487,3686020,60,0,6538,40.35062026977539,-79.84303283691406
1629715498,5001020,74,0,6551,40.464969635009766,-79.89315032958984
1629715511,3097020,71D,0,6553,40.43645477294922,-79.96744537353516
1629715485,11141020,P3,0,6432,40.44451904296875,-79.95466613769531
1629715503,9498020,83,0,6431,40.452171325683594,-79.95875549316406
1629715486,217020,64,0,6434,40.45668411254883,-79.93596649169922
1629715491,8947020,8,0,6313,40.45599365234375,-80.00350189208984
1629715511,11156020,P68,0,6555,40.407989501953125,-79.81925201416016
1629715511,6767020,2,0,6312,40.53312683105469,-79.96851348876953
1629715501,12915020,57,0,6433,40.43080139160156,-79.95879364013672
1629715512,-1545953317,15,1,6304,40.44541549682617,-79.98989868164062
1629715508,3298020,28X,0,6546,40.49648666381836,-80.25567626953125
1629715512,3585020,26,0,6424,40.4578857421875,-80.06371307373047
1629715512,6509020,P17,0,6545,40.46776580810547,-79.8653793334961
1629715495,11067020,17,0,6306,40.48422622680664,-80.0357437133789
1629715512,13942020,77,0,6548,40.48188018798828,-79.80835723876953
1629715500,8903020,38,0,6426,40.409820556640625,-80.04816436767578
1629715483,13952020,82,0,6547,40.46082305908203,-79.9155044555664
1629715500,11031020,81,0,6429,40.430328369140625,-79.9765396118164
1629715488,10559020,57,0,6428,40.410888671875,-79.90692901611328
1629715506,7013020,P68,0,6549,40.44579315185547,-79.8880844116211
1629715498,3549020,36,0,6320,40.44309997558594,-80.0044937133789
1629715509,12802020,61A,0,6441,40.42068862915039,-79.88548278808594
1629715487,5275020,Y49,0,6440,40.430973052978516,-80.00210571289062
1629715459,12106020,1,0,6201,40.49150466918945,-79.86581420898438
1629715499,4430020,81,0,6443,40.43967056274414,-79.99754333496094
1629715489,12336020,48,0,6321,40.42118453979492,-80.00611877441406
1629715380,13769020,2,0,6203,40.55500030517578,-80.02093505859375
1629715491,5667020,21,0,6324,40.5098991394043,-80.22289276123047
1629715501,1929020,61A,0,6445,40.44419860839844,-79.94962310791016
1629715494,5211020,24,0,6323,40.45381546020508,-80.15513610839844
1629715509,329020,91,0,6202,40.49051284790039,-79.9070816040039
1629715512,2614020,91,0,6315,40.4438362121582,-79.9937744140625
1629715483,12522020,P10,0,6557,40.456146240234375,-79.93341827392578
1629715447,12409020,1,0,6314,40.56489944458008,-79.7662124633789
1629715500,4182020,51,0,6438,40.38066482543945,-79.97628021240234
1629715482,2083020,31,0,6319,40.438838958740234,-80.0351791381836
1629715498,4695020,51,0,6439,40.34326934814453,-79.94249725341797
1629715504,7487020,P10,0,6450,40.48237609863281,-79.90805053710938
1629715478,8304020,21,0,6331,40.43904113769531,-80.01538848876953
1629715497,7024020,61D,0,6333,40.438446044921875,-79.98252868652344
1629715466,6785020,39,0,6332,40.438636779785156,-79.9996109008789
1629715511,10989020,64,0,6335,40.411354064941406,-79.90884399414062
1629715498,5993020,67,0,6456,40.439937591552734,-80.00480651855469
1629715511,7651020,2,0,6205,40.54362106323242,-79.97235107421875
1629715469,9479020,51,0,6447,40.438636779785156,-79.9996109008789
1629715499,9907020,13,0,6204,40.520259857177734,-80.03800201416016
1629715503,8451020,29,0,6325,40.439510345458984,-80.07604217529297
1629715509,6833020,8,0,6206,40.48982238769531,-80.01842498779297
1629715489,11167020,15,0,6209,40.48208236694336,-80.00282287597656
1629715501,6214020,14,0,6208,40.44767379760742,-80.0191650390625
1629715507,12227020,Y45,0,6340,40.37689971923828,-79.99408721923828
1629715501,11349020,29,0,6221,40.446048736572266,-79.9891128540039
1629715498,1546020,88,0,6463,40.46508026123047,-79.96553802490234
1629715509,11609020,61D,0,6341,40.440467834472656,-79.93557739257812
1629715479,3852020,67,0,6462,40.43842697143555,-79.7602767944336
1629715487,6632020,39,0,6223,40.44609832763672,-79.98873901367188
1629715497,12608020,61B,0,6343,40.436744689941406,-79.96611785888672
1629715492,13748020,31,0,6225,40.38661193847656,-80.09249114990234
1629715509,8434020,Y1,0,6346,40.29487609863281,-79.91038513183594
1629715505,9079020,65,0,6337,40.439823150634766,-80.0048828125
1629715490,3746020,56,0,6339,40.37935256958008,-79.9248275756836
1629715490,7189020,61B,0,6338,40.44296646118164,-79.9543228149414
1629715510,10899020,G31,0,6219,40.430397033691406,-80.06919860839844
1629715492,10532020,52L,0,6353,40.406742095947266,-79.91118621826172
1629715495,4957020,53L,0,6113,40.406524658203125,-79.90811157226562
1629715499,4417020,61A,0,6355,40.44083023071289,-80.0006332397461
1629715492,12529020,59,0,6357,40.351715087890625,-79.8639907836914
1629715496,10935020,Y47,0,6235,40.33844757080078,-79.96859741210938
1629715508,9724020,26,0,6229,40.4578857421875,-80.06371307373047
1629715499,2402020,22,0,6107,40.442020416259766,-80.00399017333984
1629715505,13533020,77,0,6362,40.454368591308594,-79.9476547241211
1629715505,2740020,82,0,6361,40.46083068847656,-79.91058349609375
1629715503,3453020,52L,0,6122,40.37158966064453,-79.84484100341797
1629715509,4990020,P12,0,6363,40.44486999511719,-79.99069213867188
1629715495,2792020,91,0,6003,40.467689514160156,-79.96370697021484
1629715500,12286020,51,0,6244,40.43083953857422,-80.00123596191406
1629715490,14395020,93,0,6247,40.44636154174805,-79.95201873779297
1629715512,189020,59,0,6246,40.4083251953125,-79.8670654296875
1629715495,6781020,71A,0,6359,40.47718048095703,-79.92377471923828
1629715483,726020,61C,0,6358,40.407196044921875,-79.91065216064453
1629715505,5855020,61B,0,6252,40.43783950805664,-79.93073272705078
1629715493,592020,51,0,6251,40.4281120300293,-79.98062133789062
1629715472,6998020,91,0,6011,40.44496154785156,-79.99370574951172
1629715506,8371020,16,0,6014,40.47603988647461,-80.03150939941406
1629715512,5799020,56,0,6134,40.352813720703125,-79.8440170288086
1629715448,1823020,28X,0,6137,40.45058059692383,-80.03654479980469
1629715512,6101020,P68,0,6258,40.429134368896484,-79.74905395507812
1629715491,12564020,14,0,6007,40.531044006347656,-80.16786193847656
1629715504,6698020,53L,0,6249,40.407108306884766,-79.9106674194336
1629715511,4582020,54,0,6006,40.410945892333984,-79.99009704589844
1629715505,10199020,P16,0,6369,40.45353317260742,-79.93814086914062
1629715492,1720020,12,0,6009,40.52501678466797,-80.00540161132812
1629715489,14623020,21,0,6021,40.536434173583984,-80.18437957763672
1629715508,5999020,67,0,6262,40.443851470947266,-79.92050170898438
1629715511,1968020,79,0,6265,40.4544677734375,-79.87240600585938
1629715498,1126020,86,0,6144,40.45907211303711,-79.90969848632812
1629715501,6950020,G3,0,6023,40.44165802001953,-80.02145385742188
1629715503,14667020,G3,0,6022,40.421329498291016,-80.09557342529297
1629715505,2042020,29,0,6025,40.43900680541992,-80.07303619384766
1629715504,11627020,79,0,6267,40.44593811035156,-79.88816833496094
1629715512,6983020,P78,0,6266,40.439605712890625,-79.9975357055664
1629715511,12223020,P71,0,6269,40.43326950073242,-79.89306640625
1629715502,11965020,P78,0,6148,40.45815658569336,-79.85552978515625
1629715504,12467020,75,0,6147,40.44573974609375,-79.9531021118164
1629715492,13571020,87,0,6268,40.462738037109375,-79.95783996582031
1629715507,7711020,87,0,6140,40.44521713256836,-79.9918441772461
1629715479,7681020,41,0,6018,40.389427185058594,-80.041748046875
1629715503,3607020,64,0,6139,40.468238830566406,-79.962890625
1629715505,12213020,48,0,6017,40.440757751464844,-79.99818420410156
1629715483,9354020,75,0,6138,40.45830535888672,-79.91863250732422
1629715507,12420020,86,0,6259,40.45769500732422,-79.9177474975586
1629715493,7760020,87,0,6153,40.46244812011719,-79.94715881347656
1629715491,1043020,87,0,6152,40.46323013305664,-79.94853973388672
1629715512,8765020,56,0,6034,40.3525505065918,-79.90235137939453
1629715486,4377020,64,0,6155,40.41230392456055,-79.90824890136719
1629715507,3288020,P69,0,7002,40.38723373413086,-79.75588989257812
1629715493,5217020,71C,0,7001,40.4377326965332,-79.96475982666016
1629715483,917020,93,0,6033,40.40515899658203,-79.93649291992188
1629715509,4216020,P12,0,6154,40.44202423095703,-80.00143432617188
1629715511,11100020,53L,0,6036,40.34757995605469,-79.93470001220703
1629715507,368020,82,0,6156,40.44180679321289,-80.0022964477539
1629715488,2082020,87,0,6159,40.48716735839844,-79.9406967163086
1629715496,6539020,93,0,6038,40.45145034790039,-79.95175170898438
1629715508,11824020,77,0,6158,40.463809967041016,-79.85147857666016
1629715506,11086020,67,0,6271,40.43208694458008,-79.81914520263672
1629715488,7640020,P16,0,6045,40.44518280029297,-79.8863754272461
1629715497,5541020,P10,0,6046,40.44095993041992,-80.00682067871094
1629715512,6010020,89,0,6048,40.469024658203125,-79.93871307373047
1629715477,13178020,P67,0,6160,40.45798873901367,-79.91288757324219
1629715507,12813020,11,0,1701,40.443321228027344,-79.99653625488281
1629715478,4126020,11,0,1707,40.45127868652344,-80.00102996826172
1629715489,1128020,11,0,1704,40.44601821899414,-79.98908996582031
1629715506,12166020,7,0,1702,40.490299224853516,-80.00196075439453
1629715505,11698020,86,0,6056,40.451229095458984,-79.98237609863281
1629715511,14001020,71D,0,6059,40.453102111816406,-79.89080047607422
1629715510,7502020,71C,0,6051,40.438419342041016,-79.98197937011719
1629715506,12618020,4,0,1710,40.46385955810547,-79.98249053955078
1629715492,12739020,44,0,1719,40.409297943115234,-79.96385955810547
1629715510,10569020,40,0,1716,40.42030334472656,-80.00849151611328
1629715510,1788020,43,0,1714,40.415611267089844,-80.01130676269531
1629715509,12523020,44,0,1727,40.44384765625,-79.99453735351562
1629715500,11563020,44,0,1726,40.42410659790039,-80.00582885742188
1629715470,2100020,1,0,5906,40.45377731323242,-79.99881744384766
1629715497,2141020,16,0,5907,40.454830169677734,-80.00994873046875
1629715496,6849020,16,0,5908,40.50384521484375,-80.07484436035156
1629715506,2059020,16,0,5909,40.44257354736328,-80.00438690185547
1629715489,13638020,91,0,5901,40.488059997558594,-79.88973236083984
1629715479,9078020,6,0,5902,40.45703887939453,-79.99520111083984
1629715497,9903020,54,0,5903,40.42844009399414,-79.97477722167969
1629715481,99020,48,0,5917,40.42177963256836,-79.99491119384766
1629715512,1400020,27,0,5914,40.44126510620117,-80.06869506835938
1629715495,11037020,1,0,5805,40.455848693847656,-79.99256896972656
1629715492,5366020,59,0,5927,40.3423957824707,-79.9538345336914
1629715512,14033020,12,0,5807,40.4537353515625,-80.00182342529297
1629715509,6072020,17,0,5809,40.467838287353516,-80.02513122558594
1629715500,866020,14,0,5804,40.48626708984375,-80.05398559570312
1629715967,13276020,51,0,5816,40.39318084716797,-79.98651123046875
1629715970,3493020,P12,0,5937,40.4456672668457,-79.8551254272461
1629715952,9951020,51L,0,5819,40.40088653564453,-79.9891586303711
1629715964,1699020,27,0,5811,40.44125747680664,-80.07273864746094
1629715932,225020,8,0,5707,40.5174560546875,-80.0367202758789
1629715947,880020,22,0,5708,40.467288970947266,-80.09815979003906
1629715969,6771020,O12,0,3403,40.519081115722656,-80.00496673583984
1629715948,12951020,58,0,5940,40.444698333740234,-79.94375610351562
1629715908,13494020,17,0,5701,40.453853607177734,-80.00188446044922
1629715966,14344020,15,0,5702,40.45398712158203,-80.00190734863281
1629715970,9100020,71B,0,5823,40.4484748840332,-79.93403625488281
1629715944,9858020,71D,0,5944,40.444793701171875,-79.95427703857422
1629715920,9879020,54,0,5703,40.408843994140625,-79.99154663085938
1629715930,13556020,67,0,5945,40.4287109375,-79.81509399414062
1629715965,3621020,O1,0,3407,40.442527770996094,-80.00424194335938
1629715954,2469020,P13,0,5705,40.4438591003418,-79.9985580444336
1629715969,2619020,71B,0,3420,40.44688415527344,-79.94940185546875
1629715964,5729020,P2,0,3417,40.46076202392578,-79.95700073242188
1629715961,7774020,28X,0,3416,40.443763732910156,-80.02711486816406
1629715968,10786020,P16,0,5719,40.44517135620117,-79.85856628417969
1629715969,3008020,P1,0,3414,40.414852142333984,-79.8791732788086
1629715954,10703020,P1,0,3411,40.446983337402344,-79.88875579833984
1629715925,2116020,71C,0,5715,40.447269439697266,-79.94915771484375
1629715960,6919020,P2,0,3419,40.445247650146484,-79.88776397705078
1629715959,7154020,P12,0,3418,40.46669387817383,-79.70597076416016
1629715959,9474020,61D,0,3306,40.43357849121094,-79.92292022705078
1629715948,12153020,61C,0,3305,40.438690185546875,-79.9882583618164
1629715956,7428020,G2,0,3304,40.41102600097656,-80.08682250976562
1629715950,4058020,71C,0,3424,40.46092224121094,-79.92341613769531
1629715971,13459020,71B,0,3423,40.47410583496094,-79.91899108886719
1629715924,2478020,P1,0,3421,40.45640563964844,-79.93307495117188
1629715971,10587020,67,0,5722,40.439483642578125,-79.99720001220703
1629715966,4439020,13,0,5603,40.52031326293945,-80.03807067871094
1629715968,1717020,2,0,5605,40.442806243896484,-79.9986343383789
1629715964,13195020,P7,0,3308,40.42353820800781,-79.88631439208984
1629715953,5199020,71C,0,3321,40.449951171875,-79.89163970947266
1629715924,5961020,P1,0,3320,40.41474914550781,-79.87875366210938
1629715968,10717020,P76,0,3315,40.38207244873047,-79.81793975830078
1629715936,11928020,P3,0,3314,40.45365905761719,-79.95001220703125
1629715958,11482020,61A,0,3313,40.416046142578125,-79.8791732788086
1629715956,653020,24,0,5611,40.452369689941406,-80.13404846191406
1629715964,11358020,8,0,5732,40.47626495361328,-80.01236724853516
1629715954,2633020,P1,0,3332,40.45903015136719,-79.91560363769531
1629715943,7011020,28X,0,3331,40.49632263183594,-80.25568389892578
1629715952,1111020,71D,0,3330,40.43800354003906,-79.99297332763672
1629715963,8289020,61C,0,3207,40.400638580322266,-79.87980651855469
1629715941,5873020,P1,0,3328,40.415008544921875,-79.87924194335938
1629715955,1979020,61D,0,3206,40.4111442565918,-79.9065170288086
1629715944,7470020,71B,0,3327,40.47891616821289,-79.9190902709961
1629715962,10028020,61D,0,3204,40.43666076660156,-79.92290496826172
1629715946,805020,71B,0,3325,40.440792083740234,-80.00065612792969
1629715893,5263020,61B,0,3202,40.4136962890625,-79.8532943725586
1629715956,1615020,71A,0,3323,40.44980239868164,-79.95073699951172
1629715954,5875020,13,0,5627,40.449302673339844,-80.0008316040039
1629715968,3681020,P1,0,3221,40.45562744140625,-79.97330474853516
1629715969,12288020,24,0,6609,40.47071075439453,-80.09253692626953
1629715947,11794020,P12,0,3219,40.437679290771484,-79.73933410644531
1629715966,10696020,19L,0,6608,40.45466232299805,-80.00213623046875
1629715956,2511020,71C,0,3218,40.46121597290039,-79.92424011230469
1629715951,4934020,P10,0,3338,40.64829635620117,-79.70909881591797
1629715960,11363020,88,0,3213,40.465179443359375,-79.95796203613281
1629715934,9714020,17,0,6603,40.50053024291992,-80.02249908447266
1629715962,7498020,41,0,5634,40.359580993652344,-80.10236358642578
1629715952,12527020,31,0,5635,40.44611740112305,-79.98868560791016
1629715961,7252020,16,0,6605,40.47172546386719,-80.0269546508789
1629715948,2399020,G31,0,5636,40.439876556396484,-80.01731872558594
1629715941,2724020,91,0,6607,40.4693603515625,-79.96147155761719
1629715965,1761020,14,0,6606,40.557498931884766,-80.19860076904297
1629715951,10984020,P76,0,6621,40.4560546875,-79.94544982910156
1629715945,8740020,O12,0,3231,40.586788177490234,-80.03258514404297
1629715951,10745020,61C,0,6619,40.35302734375,-79.84137725830078
1629715968,10168020,O12,0,3227,40.544551849365234,-80.03568267822266
1629715968,7206020,71A,0,3226,40.437034606933594,-79.97077178955078
1629715946,7547020,P1,0,3223,40.46000289916992,-79.95561981201172
1629715957,7693020,20,0,6611,40.499752044677734,-80.11178588867188
1629715959,6153020,20,0,6614,40.468116760253906,-80.09823608398438
1629715959,6075020,51,0,6616,40.38051986694336,-79.97627258300781
1629715879,8399020,38,0,6615,40.42000961303711,-80.03350067138672
1629715942,4204020,83,0,6618,40.44511032104492,-79.9538345336914
1629715940,1159020,55,0,6617,40.30660629272461,-79.89662170410156
1629715964,4362020,51,0,5660,40.38690185546875,-79.98271942138672
1629715949,12703020,61A,0,6630,40.43341064453125,-79.88447570800781
1629715956,10728020,6,0,6511,40.44382095336914,-79.99462890625
1629715959,6494020,Y46,0,6631,40.29228591918945,-79.89086151123047
1629715969,5278020,P10,0,3240,40.583919525146484,-79.77775573730469
1629715955,13655020,91,0,6509,40.49013900756836,-79.8699722290039
1629715969,635020,G2,0,3238,40.41522979736328,-80.08309936523438
1629715954,13750020,G2,0,3234,40.44103240966797,-80.00598907470703
1629715942,7484020,91,0,6502,40.49464797973633,-79.93580627441406
1629715959,12604020,1,0,6501,40.44919204711914,-80.00076293945312
1629715965,14652020,51,0,6622,40.40103530883789,-79.98929595947266
1629715937,9976020,Y49,0,5655,40.33911895751953,-79.93798828125
1629715942,12489020,P3,0,6625,40.415008544921875,-79.87924194335938
1629715954,9607020,Y49,0,6624,40.34437942504883,-79.93865203857422
1629715971,8724020,52L,0,6627,40.437049865722656,-79.99681854248047
1629715966,7124020,54,0,6506,40.42134094238281,-79.97989654541016
1629715957,1973020,59,0,6626,40.40958023071289,-79.91226196289062
1629715966,7569020,61C,0,6629,40.3846549987793,-79.86195373535156
1629715949,10972020,19L,0,6507,40.51316833496094,-80.09837341308594
1629715942,13157020,83,0,6628,40.44053268432617,-79.99092102050781
1629715949,11174020,71C,0,5670,40.440975189208984,-80.00100708007812
1629715971,2717020,39,0,6520,40.4118766784668,-80.00891876220703
1629715952,3452020,71A,0,6641,40.442344665527344,-79.99988555908203
1629715964,9848020,P68,0,6640,40.41107177734375,-79.85174560546875
1629715969,4060020,O5,0,6401,40.538761138916016,-79.99012756347656
1629715971,5928020,67,0,6642,40.4484977722168,-79.75090789794922
1629715971,4904020,P3,0,3255,40.457420349121094,-79.91157531738281
1629715952,8936020,61C,0,3252,40.4440803527832,-79.9500961303711
1629715962,1066020,61D,0,3251,40.410858154296875,-79.91304779052734
1629715970,13213020,P76,0,3250,40.44279861450195,-79.88681030273438
1629715956,8257020,P3,0,3248,40.414676666259766,-79.87871551513672
1629715963,549020,53L,0,6634,40.36199188232422,-79.9297866821289
1629715967,5734020,15,0,6512,40.44795608520508,-80.00035858154297
1629715962,10425020,51,0,6633,40.42477035522461,-79.97947692871094
1629715958,5626020,24,0,6515,40.43941116333008,-80.01638793945312
1629715966,3563020,82,0,6636,40.4405403137207,-79.99048614501953
1629715960,9405020,81,0,6635,40.44324493408203,-79.9665298461914
1629715947,1028020,20,0,6517,40.46380615234375,-80.05516815185547
1629715945,5637020,P10,0,6637,40.53904342651367,-79.83060455322266
1629715970,3610020,27,0,6518,40.44319152832031,-80.04315185546875
1629715970,13428020,75,0,6650,40.48759078979492,-79.88224792480469
1629715965,3711020,67,0,6652,40.44575119018555,-79.89108276367188
1629715937,6915020,93,0,6531,40.48283386230469,-79.94816589355469
1629715939,14609020,59,0,6530,40.40894317626953,-79.90347290039062
1629715947,10539020,69,0,6651,40.39537811279297,-79.80559539794922
1629715967,6234020,61B,0,6533,40.43247604370117,-79.89378356933594
1629715954,6530020,61A,0,6532,40.41360092163086,-79.85372924804688
1629715967,14211020,69,0,6653,40.44487380981445,-79.88544464111328
1629715968,3032020,P78,0,3260,40.4794921875,-79.83979797363281
1629715957,2538020,71A,0,3258,40.479087829589844,-79.91900634765625
1629715966,11742020,Y47,0,6524,40.415706634521484,-80.0116958618164
1629715946,12976020,12,0,6402,40.554569244384766,-80.0212173461914
1629715963,7404020,77,0,6644,40.460758209228516,-79.91571044921875
1629715960,13068020,54,0,6405,40.458717346191406,-79.96448516845703
1629715948,3944020,P67,0,6647,40.44615173339844,-79.98896026611328
1629715959,3595020,54,0,6404,40.447349548339844,-79.94920349121094
1629715959,14251020,61A,0,6525,40.438053131103516,-79.92305755615234
1629715965,8745020,71A,0,6646,40.441497802734375,-79.9588623046875
1629715969,12096020,61C,0,6528,40.440914154052734,-79.95787811279297
1629715959,9254020,P68,0,6649,40.458736419677734,-79.95454406738281
1629715940,5178020,8,0,6406,40.517730712890625,-80.0299072265625
1629715910,12375020,P7,0,6527,40.442100524902344,-80.00112915039062
1629715962,2433020,18,0,6408,40.451656341552734,-80.0189437866211
1629715951,7323020,53L,0,6529,40.42794418334961,-79.93514251708984
1629715946,9120020,Y46,0,6540,40.436180114746094,-80.00125122070312
1629715971,13752020,36,0,6420,40.33982849121094,-80.05427551269531
1629715963,7181020,52L,0,6541,40.407562255859375,-79.90995025634766
1629715970,13032020,69,0,6544,40.40205383300781,-79.77629852294922
1629715962,10538020,2,0,6301,40.537757873535156,-80.01123809814453
1629715970,6522020,29,0,6422,40.44905471801758,-80.18231964111328
1629715966,12150020,71A,0,6543,40.460811614990234,-79.93233489990234
1629715954,13104020,59,0,6535,40.38811111450195,-79.82356262207031
1629715700,3235020,14,0,6413,40.59141159057617,-80.22748565673828
1629715950,12830020,56,0,6534,40.3466796875,-79.82978057861328
1629715967,12408020,21,0,6416,40.48312759399414,-80.07073974609375
1629715964,1259020,Y46,0,6537,40.28878402709961,-79.89120483398438
1629715955,7049020,41,0,6415,40.42014694213867,-80.00869750976562
1629715962,9964020,60,0,6538,40.345497131347656,-79.84590911865234
1629715949,5001020,74,0,6551,40.45136642456055,-79.89976501464844
1629715934,3097020,71D,0,6553,40.4404182434082,-79.99485778808594
1629715968,11141020,P3,0,6432,40.43770980834961,-79.9647216796875
1629715963,9498020,83,0,6431,40.44157028198242,-79.96324157714844
1629715970,217020,64,0,6434,40.46590042114258,-79.95219421386719
1629715965,12761020,8,0,6313,40.44329071044922,-80.00007629394531
1629715940,11156020,P68,0,6555,40.43016815185547,-79.78587341308594
1629715949,6767020,2,0,6312,40.566001892089844,-79.99854278564453
1629715945,14601020,57,0,6433,40.43960189819336,-80.0050277709961
1629715888,-1545953317,15,1,6304,40.445411682128906,-79.9898910522461
1629715966,3298020,28X,0,6546,40.471012115478516,-80.2093276977539
1629715966,3585020,26,0,6424,40.44414520263672,-80.06615447998047
1629715958,6509020,P17,0,6545,40.466312408447266,-79.89775848388672
1629715907,11067020,17,0,6306,40.499839782714844,-80.02832794189453
1629715964,13942020,77,0,6548,40.47510528564453,-79.77490234375
1629715971,8903020,38,0,6426,40.394554138183594,-80.06627655029297
1629715951,13952020,82,0,6547,40.459110260009766,-79.92784881591797
1629715961,11031020,81,0,6429,40.430328369140625,-79.9765396118164
1629715953,5847020,57,0,6428,40.41093826293945,-79.90693664550781
1629715956,7013020,P68,0,6549,40.437103271484375,-79.87594604492188
1629715965,3549020,36,0,6320,40.400482177734375,-80.04363250732422
1629715963,12802020,61A,0,6441,40.44195556640625,-79.88519287109375
1629715966,5275020,Y49,0,6440,40.44127655029297,-80.00202178955078
1629715971,12106020,1,0,6201,40.48929977416992,-79.90277862548828
1629715969,8262020,81,0,6443,40.44157409667969,-79.99214935302734
1629715950,12336020,48,0,6321,40.42103958129883,-80.00550842285156
1629715958,13769020,2,0,6203,40.52518081665039,-80.00701904296875
1629715951,5667020,21,0,6324,40.52682876586914,-80.18435668945312
1629715965,1929020,61A,0,6445,40.438079833984375,-79.96344757080078
1629715865,5211020,24,0,6323,40.45381546020508,-80.15513610839844
1629715957,329020,91,0,6202,40.49552536010742,-79.93897247314453
1629715965,2614020,91,0,6315,40.46986389160156,-79.96085357666016
1629715961,12522020,P10,0,6557,40.47846603393555,-79.907958984375
1629715971,12409020,1,0,6314,40.56096267700195,-79.7730941772461
1629715962,4182020,51,0,6438,40.38066482543945,-79.97628021240234
1629715969,2083020,31,0,6319,40.416378021240234,-80.06698608398438
1629715914,4695020,51,0,6439,40.36104202270508,-79.92922973632812
1629715944,7487020,P10,0,6450,40.45933151245117,-79.92323303222656
1629715971,8304020,21,0,6331,40.464195251464844,-80.05393981933594
1629715906,7024020,61D,0,6333,40.44206237792969,-79.99927520751953
1629715969,6785020,39,0,6332,40.41115188598633,-80.01001739501953
1629715967,2630020,74,0,6453,40.46361541748047,-79.91712951660156
1629715950,10989020,64,0,6335,40.41083908081055,-79.90738677978516
1629715772,5993020,67,0,6456,40.43486022949219,-79.9908676147461
1629715967,7651020,2,0,6205,40.50221252441406,-79.9472885131836
1629715943,9479020,51,0,6447,40.42879867553711,-79.98409271240234
1629715960,9907020,13,0,6204,40.497222900390625,-80.05441284179688
1629715971,8451020,29,0,6325,40.4431266784668,-80.04388427734375
1629715948,6833020,8,0,6206,40.47456741333008,-80.01070404052734
1629715953,3387020,6,0,6209,40.48189163208008,-80.0027847290039
1629715952,9934020,14,0,6208,40.447509765625,-80.01976776123047
1629715961,12227020,Y45,0,6340,40.402923583984375,-80.00215911865234
1629715962,11349020,29,0,6221,40.446048736572266,-79.9891128540039
1629715960,1546020,88,0,6463,40.453697204589844,-79.97871398925781
1629715946,11609020,61D,0,6341,40.443138122558594,-79.95658874511719
1629715943,3852020,67,0,6462,40.453514099121094,-79.75130462646484
1629715948,6632020,39,0,6223,40.44609832763672,-79.98873901367188
1629715948,12608020,61B,0,6343,40.438880920410156,-79.99266052246094
1629715969,13748020,31,0,6225,40.40948486328125,-80.08351135253906
1629715967,8434020,Y1,0,6346,40.304237365722656,-79.93306732177734
1629715960,9079020,65,0,6337,40.43547058105469,-79.95720672607422
1629715960,3746020,56,0,6339,40.351932525634766,-79.89672088623047
1629715949,1146020,41,0,6217,40.34920883178711,-80.10366821289062
1629715966,7189020,61B,0,6338,40.43799591064453,-79.9138412475586
1629715967,10899020,G31,0,6219,40.44202423095703,-80.02253723144531
1629715952,10532020,52L,0,6353,40.39361572265625,-79.88709259033203
1629715955,4957020,53L,0,6113,40.41859436035156,-79.92648315429688
1629715967,4417020,61A,0,6355,40.437931060791016,-79.99102020263672
1629715965,7625020,55,0,6112,40.330406188964844,-79.92376708984375
1629715950,12529020,59,0,6357,40.351558685302734,-79.8746109008789
1629715959,10935020,Y47,0,6235,40.35527420043945,-79.99061584472656
1629715965,9724020,26,0,6229,40.445556640625,-80.04238891601562
1629715935,1839020,22,0,6107,40.44356155395508,-80.02684020996094
1629715904,13533020,77,0,6362,40.44654846191406,-79.9872817993164
1629715957,1723020,79,0,6361,40.46672058105469,-79.87361907958984
1629715965,3453020,52L,0,6122,40.36880111694336,-79.85450744628906
1629715943,4990020,P12,0,6363,40.45703887939453,-79.93180084228516
1629715965,2792020,91,0,6003,40.45289993286133,-79.97989654541016
1629715956,12286020,51,0,6244,40.44037628173828,-80.00059509277344
1629715947,14395020,93,0,6247,40.463497161865234,-79.95291900634766
1629715949,189020,59,0,6246,40.41815948486328,-79.8826904296875
1629715962,9497020,87,0,6367,40.48320007324219,-79.92850494384766
1629715957,1281020,28X,0,6360,40.44462585449219,-79.94317626953125
1629715957,6781020,71A,0,6359,40.45952224731445,-79.93309020996094
1629715959,726020,61C,0,6358,40.420475006103516,-79.92847442626953
1629715917,5855020,61B,0,6252,40.44407653808594,-79.95011138916016
1629715939,592020,51,0,6251,40.42926025390625,-79.9966049194336
1629715966,3150020,91,0,6011,40.44389724731445,-79.9942855834961
1629715966,8371020,16,0,6014,40.49447250366211,-80.0533676147461
1629715970,7059020,51L,0,6135,40.36490249633789,-79.98299407958984
1629715960,5799020,56,0,6134,40.342018127441406,-79.86170959472656
1629715942,1823020,28X,0,6137,40.44102096557617,-79.99808502197266
1629715955,6101020,P68,0,6258,40.429046630859375,-79.74900817871094
1629715965,12564020,14,0,6007,40.55778121948242,-80.19902801513672
1629715965,6698020,53L,0,6249,40.38632583618164,-79.90277099609375
1629715958,4582020,54,0,6006,40.423805236816406,-79.97766876220703
1629715967,7841020,61B,0,6127,40.40226364135742,-79.8675537109375
1629715971,10199020,P16,0,6369,40.44355773925781,-79.99298858642578
1629715939,1720020,12,0,6009,40.54419708251953,-80.01042175292969
1629715961,14623020,21,0,6021,40.542179107666016,-80.17863464355469
1629715968,5999020,67,0,6262,40.44446563720703,-79.94853973388672
1629715970,1968020,79,0,6265,40.444580078125,-79.88455963134766
1629715954,1126020,86,0,6144,40.45973205566406,-79.92771911621094
1629715967,6950020,G3,0,6023,40.434871673583984,-80.06758880615234
1629715943,14667020,G3,0,6022,40.45232009887695,-80.05252075195312
1629715959,2042020,29,0,6025,40.45021057128906,-80.11676025390625
1629715958,11627020,79,0,6267,40.45126724243164,-79.8681869506836
1629715969,4707020,P78,0,6266,40.44387435913086,-79.99437713623047
1629715968,12223020,P71,0,6269,40.4432373046875,-79.88496398925781
1629715970,11965020,P78,0,6148,40.4442253112793,-79.88349151611328
1629715951,12467020,75,0,6147,40.4287223815918,-79.9736328125
1629715963,13571020,87,0,6268,40.46070861816406,-79.93248748779297
1629715959,-1866472631,87,1,6140,40.44255065917969,-79.99947357177734
1629715895,7681020,41,0,6018,40.397483825683594,-80.02863311767578
1629715965,3607020,64,0,6139,40.458892822265625,-79.9438705444336
1629715962,12213020,48,0,6017,40.42865753173828,-79.9902572631836
1629715968,9354020,75,0,6138,40.483055114746094,-79.92755126953125
1629715962,12420020,86,0,6259,40.45207595825195,-79.88487243652344
1629715964,7760020,87,0,6153,40.475830078125,-79.93211364746094
1629715941,13278020,P67,0,6274,40.43022918701172,-79.81279754638672
1629715964,1043020,87,0,6152,40.45627212524414,-79.9749755859375
1629715959,8765020,56,0,6034,40.37569046020508,-79.9206771850586
1629715960,4377020,64,0,6155,40.415016174316406,-79.9244384765625
1629715965,3288020,P69,0,7002,40.40205383300781,-79.77629852294922
1629715961,5217020,71C,0,7001,40.44892501831055,-79.95018768310547
1629715964,917020,93,0,6033,40.42269515991211,-79.92878723144531
1629715954,13033020,P16,0,6275,40.47549819946289,-79.77727508544922
1629715963,11100020,53L,0,6036,40.350040435791016,-79.92703247070312
1629715964,7344020,82,0,6156,40.44157028198242,-79.99215698242188
1629715957,6539020,93,0,6038,40.43986511230469,-79.9610824584961
1629715968,11824020,77,0,6158,40.45525360107422,-79.88215637207031
1629715943,11086020,67,0,6271,40.428279876708984,-79.79923248291016
1629715956,4117020,51,0,6029,40.35417175292969,-79.93891906738281
1629715944,7640020,P16,0,6045,40.45974349975586,-79.9216537475586
1629715965,3979020,P10,0,6046,40.441802978515625,-80.00208282470703
1629715960,6650020,89,0,6048,40.47058868408203,-79.93277740478516
1629715964,13178020,P67,0,6160,40.44221878051758,-79.86847686767578
1629715938,12813020,11,0,1701,40.44888687133789,-80.00069427490234
1629715969,6546020,4,0,1709,40.49089813232422,-79.9922103881836
1629715963,998020,11,0,1707,40.44633102416992,-79.98838806152344
1629715949,1128020,11,0,1704,40.44601821899414,-79.98908996582031
1629715950,12166020,7,0,1702,40.486061096191406,-80.00495910644531
1629715950,7039020,86,0,6056,40.44248962402344,-79.99968719482422
1629715967,14001020,71D,0,6059,40.45645523071289,-79.90979766845703
1629715952,7502020,71C,0,6051,40.44185256958008,-79.998779296875
1629715961,12618020,4,0,1710,40.469451904296875,-79.98190307617188
1629715962,12739020,44,0,1719,40.41224670410156,-79.98945617675781
1629715972,10569020,40,0,1716,40.429344177246094,-80.00731658935547
1629715948,1788020,43,0,1714,40.42130661010742,-80.00596618652344
1629715966,12062020,44,0,1720,40.385929107666016,-79.94187927246094
1629715949,12523020,44,0,1727,40.446258544921875,-79.98883819580078
1629715958,11563020,44,0,1726,40.42121505737305,-79.99738311767578
1629715958,2100020,1,0,5906,40.45378875732422,-79.99881744384766
1629715947,2141020,16,0,5907,40.44280242919922,-79.9986572265625
1629715952,6849020,16,0,5908,40.50225067138672,-80.07032012939453
1629715939,2059020,16,0,5909,40.45536422729492,-80.00232696533203
1629715963,13638020,91,0,5901,40.499881744384766,-79.86267852783203
1629715948,9078020,6,0,5902,40.47412109375,-80.0027084350586
1629715962,9903020,54,0,5903,40.442771911621094,-79.95706176757812
1629715959,99020,48,0,5917,40.41874313354492,-79.96485137939453
1629715953,703020,26,0,5914,40.441261291503906,-80.0687484741211
1629715937,11037020,1,0,5805,40.448646545410156,-80.00211334228516
1629715964,5366020,59,0,5927,40.350486755371094,-79.92548370361328
1629715951,2391020,12,0,5807,40.442535400390625,-79.99976348876953
1629715963,6072020,17,0,5809,40.4542350769043,-80.02529907226562
1629715938,866020,14,0,5804,40.44879150390625,-80.02439880371094
1629716424,13276020,51,0,5816,40.42072296142578,-79.98601531982422
1629716425,3493020,P12,0,5937,40.444271087646484,-79.8836898803711
1629716422,9951020,51L,0,5819,40.420555114746094,-79.99144744873047
1629716426,1699020,27,0,5811,40.45650863647461,-80.0801010131836
1629716424,225020,8,0,5707,40.5174560546875,-80.0367202758789
1629716417,2832020,22,0,5708,40.467620849609375,-80.09883117675781
1629716404,6771020,O12,0,3403,40.45081329345703,-79.99789428710938
1629716414,12694020,58,0,5940,40.444698333740234,-79.94375610351562
1629716424,6768020,82,0,5942,40.46268844604492,-79.90550231933594
1629716388,13494020,17,0,5701,40.45476150512695,-80.0223159790039
1629716415,14344020,15,0,5702,40.443809509277344,-79.9940185546875
1629716422,9100020,71B,0,5823,40.444828033447266,-79.95423126220703
1629716419,9858020,71D,0,5944,40.43840408325195,-79.98162841796875
1629715920,9879020,54,0,5703,40.408843994140625,-79.99154663085938
1629716425,13556020,67,0,5945,40.444580078125,-79.86222839355469
1629716426,2619020,71B,0,3420,40.462432861328125,-79.92436218261719
1629716415,1983020,P2,0,3417,40.450172424316406,-79.9823989868164
1629716406,7774020,28X,0,3416,40.43464279174805,-80.06756591796875
1629716419,10786020,P16,0,5719,40.44547653198242,-79.88729858398438
1629716410,3008020,P1,0,3414,40.414756774902344,-79.87896728515625
1629716409,10703020,P1,0,3411,40.459346771240234,-79.95504760742188
1629716408,2116020,71C,0,5715,40.4393196105957,-79.9618148803711
1629716402,6919020,P2,0,3419,40.4468879699707,-79.8886489868164
1629716429,7154020,P12,0,3418,40.475120544433594,-79.70753479003906
1629716403,9474020,61D,0,3306,40.4378547668457,-79.93050384521484
1629716424,12153020,61C,0,3305,40.442134857177734,-80.0010986328125
1629716428,4058020,71C,0,3424,40.4453239440918,-79.8916244506836
1629716369,13459020,71B,0,3423,40.47959518432617,-79.92196655273438
1629716406,2478020,P1,0,3421,40.45541000366211,-79.97361755371094
1629716407,1717020,2,0,5605,40.45391082763672,-79.99789428710938
1629716427,11284020,61A,0,3309,40.40195846557617,-79.86100769042969
1629716402,13195020,P7,0,3308,40.40433120727539,-79.88260650634766
1629716408,7125020,71C,0,3321,40.44994354248047,-79.89166259765625
1629716416,5961020,P1,0,3320,40.41474914550781,-79.87875366210938
1629716424,10717020,P76,0,3315,40.39965057373047,-79.83728790283203
1629716423,11928020,P3,0,3314,40.440799713134766,-79.88650512695312
1629716429,11482020,61A,0,3313,40.435951232910156,-79.88278198242188
1629716398,653020,24,0,5611,40.45323944091797,-80.16853332519531
1629716427,11358020,8,0,5732,40.505306243896484,-80.028564453125
1629716424,2633020,P1,0,3332,40.4150276184082,-79.87947845458984
1629716408,7011020,28X,0,3331,40.496337890625,-80.25882720947266
1629716416,1111020,71D,0,3330,40.43775939941406,-79.96414947509766
1629716389,8289020,61C,0,3207,40.408470153808594,-79.91545867919922
1629716415,5873020,P1,0,3328,40.438419342041016,-79.88597869873047
1629716421,1979020,61D,0,3206,40.41151809692383,-79.90813446044922
1629716426,7470020,71B,0,3327,40.46577835083008,-79.9228515625
1629716416,10028020,61D,0,3204,40.41374588012695,-79.92279815673828
1629716403,805020,71B,0,3325,40.43796920776367,-79.99211120605469
1629716401,5263020,61B,0,3202,40.4136962890625,-79.8532943725586
1629716404,1615020,71A,0,3323,40.46306610107422,-79.93092346191406
1629716417,5875020,13,0,5627,40.455955505371094,-80.0152816772461
1629716386,3681020,P1,0,3221,40.45989990234375,-79.92094421386719
1629716402,6777020,88,0,3220,40.45906066894531,-79.91973876953125
1629716376,12288020,24,0,6609,40.47233200073242,-80.07324981689453
1629716420,11794020,P12,0,3219,40.46588134765625,-79.70563507080078
1629716427,2511020,71C,0,3218,40.45606994628906,-79.93818664550781
1629716427,4934020,P10,0,3338,40.61600875854492,-79.7376480102539
1629716423,11363020,88,0,3213,40.462371826171875,-79.9274673461914
1629716276,9714020,17,0,6603,40.49639129638672,-80.02283477783203
1629716425,9142020,31,0,5635,40.443660736083984,-79.99346160888672
1629716413,7252020,16,0,6605,40.45401382446289,-80.01456451416016
1629716428,2399020,G31,0,5636,40.451866149902344,-80.0453109741211
1629716403,2724020,91,0,6607,40.453704833984375,-79.97869873046875
1629716422,1761020,14,0,6606,40.534000396728516,-80.17366790771484
1629716367,10984020,P76,0,6621,40.45896911621094,-79.96770477294922
1629716406,8740020,O12,0,3231,40.586788177490234,-80.03258514404297
1629716427,10745020,61C,0,6619,40.382110595703125,-79.8565444946289
1629716429,10168020,O12,0,3227,40.58677673339844,-80.04369354248047
1629716359,7206020,71A,0,3226,40.44369888305664,-79.95573425292969
1629716114,7693020,20,0,6611,40.504032135009766,-80.14054107666016
1629716415,6153020,20,0,6614,40.480751037597656,-80.10539245605469
1629716390,6075020,51,0,6616,40.38057327270508,-79.97626495361328
1629716415,10689020,38,0,6615,40.43960189819336,-80.0050277709961
1629716411,4204020,83,0,6618,40.44236755371094,-79.96633911132812
1629716404,1159020,55,0,6617,40.31795120239258,-79.93296813964844
1629716416,4362020,51,0,5660,40.40088653564453,-79.9891586303711
1629716428,12703020,61A,0,6630,40.41328811645508,-79.87109375
1629716420,10728020,6,0,6511,40.44504165649414,-79.99052429199219
1629716394,6494020,Y46,0,6631,40.28861999511719,-79.87641906738281
1629716425,5278020,P10,0,3240,40.54121017456055,-79.77997589111328
1629716382,13655020,91,0,6509,40.48793029785156,-79.88004302978516
1629716375,635020,G2,0,3238,40.447715759277344,-80.06416320800781
1629716418,3662020,G2,0,3234,40.44389343261719,-79.994140625
1629716418,7484020,91,0,6502,40.4881591796875,-79.89363861083984
1629716425,12604020,1,0,6501,40.46548843383789,-79.97904205322266
1629716419,14652020,51,0,6622,40.37909698486328,-79.97549438476562
1629716408,9976020,Y49,0,5655,40.353153228759766,-79.95500946044922
1629716429,12489020,P3,0,6625,40.4465217590332,-79.88845825195312
1629716407,4491020,13,0,6503,40.51749038696289,-80.03697204589844
1629716402,9607020,Y49,0,6624,40.33187484741211,-79.93207550048828
1629716380,8724020,52L,0,6627,40.42491912841797,-79.95232391357422
1629716425,7124020,54,0,6506,40.42137908935547,-80.00302124023438
1629716393,1973020,59,0,6626,40.41123580932617,-79.91351318359375
1629716427,7569020,61C,0,6629,40.352535247802734,-79.85140991210938
1629716409,10972020,19L,0,6507,40.5035514831543,-80.07467651367188
1629716423,13157020,83,0,6628,40.441612243652344,-80.00232696533203
1629716404,9008020,71C,0,5670,40.4379768371582,-79.99223327636719
1629716418,2717020,39,0,6520,40.43105697631836,-80.00198364257812
1629716409,8723020,71A,0,6641,40.438140869140625,-79.99437713623047
1629716420,9848020,P68,0,6640,40.42894744873047,-79.87421417236328
1629716424,4060020,O5,0,6401,40.50364303588867,-80.00019836425781
1629716350,5928020,67,0,6642,40.44157791137695,-79.76044464111328
1629716419,4904020,P3,0,3255,40.45050811767578,-79.94883728027344
1629716423,8936020,61C,0,3252,40.4388313293457,-79.96248626708984
1629716405,1066020,61D,0,3251,40.427978515625,-79.92527770996094
1629716429,13213020,P76,0,3250,40.42567443847656,-79.86161804199219
1629716407,8257020,P3,0,3248,40.41465759277344,-79.87869262695312
1629716425,549020,53L,0,6634,40.36204528808594,-79.92974853515625
1629716426,5734020,15,0,6512,40.45452880859375,-80.01153564453125
1629716390,10425020,51,0,6633,40.42863464355469,-79.99119567871094
1629716410,5626020,24,0,6515,40.45565414428711,-80.04217529296875
1629716415,3563020,82,0,6636,40.441287994384766,-80.00184631347656
1629716424,9405020,81,0,6635,40.445194244384766,-79.97616577148438
1629716427,1028020,20,0,6517,40.44036102294922,-80.00724029541016
1629716391,5637020,P10,0,6637,40.50114822387695,-79.8626480102539
1629716422,3610020,27,0,6518,40.45927429199219,-80.07776641845703
1629716416,13428020,75,0,6650,40.489994049072266,-79.91161346435547
1629716424,3711020,67,0,6652,40.445159912109375,-79.85848236083984
1629716371,6915020,93,0,6531,40.48283386230469,-79.94816589355469
1629716428,14609020,59,0,6530,40.397857666015625,-79.88381958007812
1629716417,10539020,69,0,6651,40.40217208862305,-79.77521514892578
1629716416,6234020,61B,0,6533,40.438385009765625,-79.93363189697266
1629716385,6530020,61A,0,6532,40.41360092163086,-79.85372924804688
1629716427,14211020,69,0,6653,40.45768737792969,-79.9122314453125
1629716423,3032020,P78,0,3260,40.512535095214844,-79.84337615966797
1629716422,2538020,71A,0,3258,40.47892761230469,-79.91912078857422
1629716406,11742020,Y47,0,6524,40.382850646972656,-79.99678039550781
1629716421,12976020,12,0,6402,40.53860092163086,-80.01168060302734
1629716426,7404020,77,0,6644,40.455501556396484,-79.8880615234375
1629716417,11111020,G31,0,6523,40.36542510986328,-80.10812377929688
1629716402,13068020,54,0,6405,40.44852828979492,-79.98640441894531
1629716419,3944020,P67,0,6647,40.440086364746094,-79.99864959716797
1629716389,3595020,54,0,6404,40.44154739379883,-79.95880126953125
1629716415,14251020,61A,0,6525,40.44462203979492,-79.94406127929688
1629716428,8745020,71A,0,6646,40.43886184692383,-79.99198913574219
1629716425,12096020,61C,0,6528,40.43783950805664,-79.9306869506836
1629716406,5178020,8,0,6406,40.49654006958008,-80.01995849609375
1629716406,12375020,P7,0,6527,40.46062088012695,-79.95651245117188
1629716420,2433020,18,0,6408,40.45756912231445,-80.03196716308594
1629716422,7323020,53L,0,6529,40.40616989135742,-79.91991424560547
1629716418,9120020,Y46,0,6540,40.4398193359375,-79.99884796142578
1629716350,3222020,36,0,6420,40.33988952636719,-80.05438995361328
1629716415,7181020,52L,0,6541,40.409393310546875,-79.91667938232422
1629716404,5494020,1,0,6302,40.600685119628906,-79.75711059570312
1629716397,13032020,69,0,6544,40.39310836791992,-79.8050537109375
1629716413,10538020,2,0,6301,40.5498046875,-80.02299499511719
1629716429,6522020,29,0,6422,40.44837188720703,-80.15756225585938
1629716408,12150020,71A,0,6543,40.45304870605469,-79.94821166992188
1629716414,13104020,59,0,6535,40.38811111450195,-79.82356262207031
1629716379,3235020,14,0,6413,40.59142303466797,-80.22747802734375
1629716408,13892020,56,0,6534,40.34748458862305,-79.8324203491211
1629716421,12408020,21,0,6416,40.463584899902344,-80.05622863769531
1629716430,1259020,Y46,0,6537,40.29833984375,-79.92063903808594
1629716404,7049020,41,0,6415,40.396610260009766,-80.03116607666016
1629716429,9964020,60,0,6538,40.35163879394531,-79.86465454101562
1629716406,5001020,74,0,6551,40.43825912475586,-79.92298126220703
1629716421,6215020,71D,0,6553,40.439659118652344,-79.99649810791016
1629716359,13115020,P3,0,6432,40.44316101074219,-79.95646667480469
1629716416,7037020,54,0,6310,40.456024169921875,-80.00335693359375
1629716396,112020,74,0,6552,40.460628509521484,-79.91568756103516
1629716413,217020,64,0,6434,40.46746063232422,-79.96357727050781
1629716422,12761020,8,0,6313,40.45581817626953,-80.00495147705078
1629716408,11156020,P68,0,6555,40.430946350097656,-79.78526306152344
1629716425,6767020,2,0,6312,40.5496940612793,-80.02296447753906
1629716426,14601020,57,0,6433,40.435829162597656,-79.97380065917969
1629716414,3298020,28X,0,6546,40.450035095214844,-80.16302490234375
1629716394,-1430574505,6,1,6304,40.44242858886719,-79.99990844726562
1629716341,3585020,26,0,6424,40.44130325317383,-80.06864166259766
1629716412,6509020,P17,0,6545,40.45675277709961,-79.91141510009766
1629716407,11067020,17,0,6306,40.500450134277344,-80.02239227294922
1629716419,13942020,77,0,6548,40.4521598815918,-79.752685546875
1629716404,6362020,G3,0,6427,40.498600006103516,-80.20989990234375
1629716426,8903020,38,0,6426,40.385562896728516,-80.07929229736328
1629716420,13952020,82,0,6547,40.451255798339844,-79.95401000976562
1629716426,7999020,83,0,6429,40.42961883544922,-79.9775161743164
1629716421,5847020,57,0,6428,40.411354064941406,-79.9088363647461
1629716427,7013020,P68,0,6549,40.413055419921875,-79.85599517822266
1629716426,3549020,36,0,6320,40.3802490234375,-80.05256652832031
1629716398,12802020,61A,0,6441,40.4395637512207,-79.89920043945312
1629716400,896020,Y49,0,6440,40.4305534362793,-80.00459289550781
1629716426,12106020,1,0,6201,40.49533462524414,-79.93761444091797
1629716420,8262020,81,0,6443,40.44484329223633,-79.97590637207031
1629716403,8016020,48,0,6321,40.421016693115234,-80.00548553466797
1629716419,13769020,2,0,6203,40.52518081665039,-80.00701904296875
1629716417,5667020,21,0,6324,40.516624450683594,-80.14680480957031
1629716419,1929020,61A,0,6445,40.438690185546875,-79.9882583618164
1629716422,9214020,24,0,6323,40.45222854614258,-80.1645278930664
1629716420,329020,91,0,6202,40.47852325439453,-79.9555892944336
1629716405,2614020,91,0,6315,40.48838424682617,-79.9372787475586
1629716423,12522020,P10,0,6557,40.4986457824707,-79.86817169189453
1629716425,12409020,1,0,6314,40.54077911376953,-79.80767059326172
1629716410,4274020,51,0,6438,40.380615234375,-79.97626495361328
1629716424,2083020,31,0,6319,40.39314651489258,-80.0876693725586
1629716398,4695020,51,0,6439,40.361995697021484,-79.92981719970703
1629716411,7487020,P10,0,6450,40.45555114746094,-79.97344970703125
1629716407,8304020,21,0,6331,40.48542404174805,-80.07418060302734
1629716421,10482020,61D,0,6333,40.4379768371582,-79.99223327636719
1629716413,6785020,39,0,6332,40.38984298706055,-80.01467895507812
1629716416,2630020,74,0,6453,40.46097946166992,-79.92754364013672
1629716412,10989020,64,0,6335,40.41083908081055,-79.90738677978516
1629716394,5993020,67,0,6456,40.44461441040039,-79.94287109375
1629716415,7651020,2,0,6205,40.485416412353516,-79.97234344482422
1629716407,9479020,51,0,6447,40.41542053222656,-79.98736572265625
1629716426,9907020,13,0,6204,40.48099136352539,-80.04136657714844
1629716429,8451020,29,0,6325,40.441368103027344,-80.00379943847656
1629716406,6833020,8,0,6206,40.4576301574707,-80.00735473632812
1629716411,3387020,6,0,6209,40.46807861328125,-79.99494934082031
1629716428,9934020,14,0,6208,40.46540069580078,-80.03349304199219
1629716349,12227020,Y45,0,6340,40.42184066772461,-80.00637817382812
1629716380,11349020,29,0,6221,40.44169616699219,-80.00270080566406
1629716420,6269020,88,0,6463,40.44242858886719,-79.99990844726562
1629716428,11609020,61D,0,6341,40.438507080078125,-79.98389434814453
1629716404,3852020,67,0,6462,40.453514099121094,-79.75130462646484
1629716406,6632020,39,0,6223,40.44609832763672,-79.98873901367188
1629716423,12608020,61B,0,6343,40.44199752807617,-80.00151062011719
1629716428,13748020,31,0,6225,40.429561614990234,-80.05349731445312
1629716403,8501020,91,0,6104,40.490230560302734,-79.870361328125
1629716421,8434020,Y1,0,6346,40.33608627319336,-79.94624328613281
1629716411,9079020,65,0,6337,40.435028076171875,-79.92091369628906
1629716416,10598020,69,0,6457,40.437103271484375,-79.87596130371094
1629716409,3746020,56,0,6339,40.352474212646484,-79.85107421875
1629716422,1146020,41,0,6217,40.36159896850586,-80.08978271484375
1629716426,7189020,61B,0,6338,40.417335510253906,-79.88758087158203
1629716410,10899020,G31,0,6219,40.44374465942383,-79.99485778808594
1629716409,10532020,52L,0,6353,40.3620491027832,-79.86048889160156
1629716425,4957020,53L,0,6113,40.43598175048828,-79.9955825805664
1629716416,4417020,61A,0,6355,40.440757751464844,-79.95809173583984
1629716420,7625020,55,0,6112,40.32234573364258,-79.9310531616211
1629716422,12529020,59,0,6357,40.356040954589844,-79.89936828613281
1629716410,10935020,Y47,0,6235,40.38241195678711,-79.99571990966797
1629716429,9724020,26,0,6229,40.44340896606445,-80.00489044189453
1629716426,1839020,22,0,6107,40.472293853759766,-80.05598449707031
1629716427,6696020,77,0,6362,40.44204330444336,-80.0013427734375
1629716404,11475020,93,0,6241,40.40800094604492,-79.9263687133789
1629716419,1723020,79,0,6361,40.468238830566406,-79.86425018310547
1629716423,3453020,52L,0,6122,40.37376022338867,-79.873779296875
1629716384,13915020,8,0,6001,40.517520904541016,-80.03711700439453
1629716408,4990020,P12,0,6363,40.440940856933594,-79.87936401367188
1629716400,9672020,91,0,6003,40.44242858886719,-79.99990844726562
1629716416,13959020,51,0,6244,40.428741455078125,-79.99504852294922
1629716410,14395020,93,0,6247,40.48158264160156,-79.95348358154297
1629716422,189020,59,0,6246,40.41127014160156,-79.8797836303711
1629716426,9497020,87,0,6367,40.463470458984375,-79.9306869506836
1629716415,1281020,28X,0,6360,40.44274139404297,-79.9571304321289
1629716425,6781020,71A,0,6359,40.451900482177734,-79.95198059082031
1629716403,726020,61C,0,6358,40.43809509277344,-79.92352294921875
1629716426,5855020,61B,0,6252,40.4378547668457,-79.97321319580078
1629716372,592020,51,0,6251,40.44038772583008,-80.0005874633789
1629716418,3150020,91,0,6011,40.460693359375,-79.96987915039062
1629716402,8371020,16,0,6014,40.50383758544922,-80.07481384277344
1629716428,7059020,51L,0,6135,40.37839889526367,-79.9754409790039
1629716421,5799020,56,0,6134,40.34916687011719,-79.88002014160156
1629716401,1823020,28X,0,6137,40.43621063232422,-79.96199035644531
1629716385,6101020,P68,0,6258,40.429046630859375,-79.74900817871094
1629716425,12564020,14,0,6007,40.584041595458984,-80.22539520263672
1629716422,6698020,53L,0,6249,40.35414505004883,-79.91438293457031
1629716418,4582020,54,0,6006,40.43739318847656,-79.97184753417969
1629716428,7841020,61B,0,6127,40.41827392578125,-79.8881607055664
1629716428,10199020,P16,0,6369,40.439388275146484,-79.99679565429688
1629716405,1720020,12,0,6009,40.55051040649414,-80.01912689208984
1629716416,14623020,21,0,6021,40.537166595458984,-80.18472290039062
1629716395,5999020,67,0,6262,40.44050216674805,-79.96021270751953
1629716420,1126020,86,0,6144,40.4616813659668,-79.94908905029297
1629716407,6950020,G3,0,6023,40.42711639404297,-80.12796020507812
1629716398,14667020,G3,0,6022,40.4417610168457,-80.00226593017578
1629716415,2042020,29,0,6025,40.44849395751953,-80.15809631347656
1629716426,-819057517,71D,1,6146,40.44771194458008,-79.88372802734375
1629716426,11627020,79,0,6267,40.46052551269531,-79.86634826660156
1629716394,4707020,P78,0,6266,40.45712661743164,-79.94955444335938
1629716403,12223020,P71,0,6269,40.45587921142578,-79.93374633789062
1629716425,11965020,P78,0,6148,40.454105377197266,-79.93630981445312
1629716381,12467020,75,0,6147,40.42427062988281,-79.9623031616211
1629716419,13571020,87,0,6268,40.48503875732422,-79.92627716064453
1629716429,8484020,87,0,6140,40.457481384277344,-79.97322845458984
1629716403,7681020,41,0,6018,40.416534423828125,-80.01184844970703
1629716398,3607020,64,0,6139,40.45279312133789,-79.92140197753906
1629716427,12213020,48,0,6017,40.42743682861328,-79.96839141845703
1629716414,9354020,75,0,6138,40.48769760131836,-79.89389038085938
1629716417,12420020,86,0,6259,40.44975662231445,-79.89163208007812
1629716409,7760020,87,0,6153,40.48296356201172,-79.9478759765625
1629716425,13278020,P67,0,6274,40.44489288330078,-79.86012268066406
1629716415,3456020,87,0,6152,40.44171142578125,-79.9996337890625
1629716423,8765020,56,0,6034,40.40400314331055,-79.9423828125
1629716402,4377020,64,0,6155,40.4349250793457,-79.9228286743164
1629716417,3288020,P69,0,7002,40.39945602416992,-79.81440734863281
1629716430,5217020,71C,0,7001,40.458370208740234,-79.93379211425781
1629716412,917020,93,0,6033,40.43212127685547,-79.93505859375
1629716405,13033020,P16,0,6275,40.47602081298828,-79.78617095947266
1629716415,11100020,53L,0,6036,40.3695068359375,-79.91232299804688
1629716429,7344020,82,0,6156,40.44694519042969,-79.96772003173828
1629716429,10978020,87,0,6159,40.48190689086914,-79.9400405883789
1629716424,6539020,93,0,6038,40.43351364135742,-79.93231964111328
1629716413,11824020,77,0,6158,40.46012496948242,-79.91291809082031
1629716430,11086020,67,0,6271,40.438899993896484,-79.76487731933594
1629716385,4117020,51,0,6029,40.341217041015625,-79.94518280029297
1629716420,7640020,P16,0,6045,40.455482482910156,-79.97356414794922
1629716426,3979020,P10,0,6046,40.45940399169922,-79.95500946044922
1629716427,6650020,89,0,6048,40.459190368652344,-79.91983795166016
1629716414,13178020,P67,0,6160,40.4333381652832,-79.79765319824219
1629716428,12813020,11,0,1701,40.45937728881836,-80.00299835205078
1629716407,6546020,4,0,1709,40.4669303894043,-79.98265075683594
1629716421,998020,11,0,1707,40.4453125,-79.99018859863281
1629716403,1128020,11,0,1704,40.44601821899414,-79.98908996582031
1629716416,3412020,7,0,1702,40.486114501953125,-80.0050048828125
1629716427,7039020,86,0,6056,40.45717239379883,-79.97367858886719
1629716426,14001020,71D,0,6059,40.447479248046875,-79.9417724609375
1629716401,12142020,71C,0,6051,40.440792083740234,-80.00065612792969
1629716421,12618020,4,0,1710,40.4971809387207,-80.01815795898438
1629716420,12739020,44,0,1719,40.41328811645508,-79.98764038085938
1629716422,10569020,40,0,1716,40.44041061401367,-80.02323150634766
1629716381,14566020,43,0,1714,40.420654296875,-80.0058364868164
1629716428,12062020,44,0,1720,40.39156723022461,-79.97636413574219
1629716408,13443020,44,0,1727,40.446102142333984,-79.9888916015625
1629716383,11563020,44,0,1726,40.41554260253906,-79.99058532714844
1629715958,2100020,1,0,5906,40.45378875732422,-79.99881744384766
1629716426,7468020,16,0,5907,40.45036315917969,-80.00115203857422
1629716401,6849020,16,0,5908,40.488590240478516,-80.04356384277344
1629716403,2059020,16,0,5909,40.46692657470703,-80.02493286132812
1629716428,13638020,91,0,5901,40.500511169433594,-79.86076354980469
1629716422,9619020,15,0,5902,40.484378814697266,-80.0040512084961
1629716430,9903020,54,0,5903,40.45400619506836,-79.94757080078125
1629716426,99020,48,0,5917,40.4283447265625,-79.97337341308594
1629716429,703020,26,0,5914,40.441650390625,-80.06877899169922
1629716428,5366020,59,0,5927,40.345829010009766,-79.88194274902344
1629716409,2391020,12,0,5807,40.456459045410156,-80.00128173828125
1629716407,6072020,17,0,5809,40.45533752441406,-80.00697326660156
1629716402,866020,14,0,5804,40.44755554199219,-80.01992797851562
1629716995,13276020,51,0,5816,40.43611526489258,-80.00129699707031
1629717028,3493020,P12,0,5937,40.46037292480469,-79.95613861083984
1629717029,9951020,51L,0,5819,40.43828582763672,-80.00202178955078
1629717028,1699020,27,0,5811,40.44264221191406,-80.04454803466797
1629717039,225020,8,0,5707,40.5174560546875,-80.0367202758789
1629717028,2832020,22,0,5708,40.480567932128906,-80.07270050048828
1629717037,13089020,O12,0,3403,40.44223403930664,-79.99520111083984
1629717028,10580020,O1,0,3402,40.50676345825195,-80.03096771240234
1629717015,12694020,58,0,5940,40.44458770751953,-79.94483184814453
1629717012,6768020,82,0,5942,40.45795822143555,-79.93170166015625
1629717032,13494020,17,0,5701,40.47726821899414,-80.03349304199219
1629717024,14344020,15,0,5702,40.44541931152344,-79.98992919921875
1629717027,9100020,71B,0,5823,40.438934326171875,-79.9942626953125
1629717022,9858020,71D,0,5944,40.44184112548828,-80.00090026855469
1629717023,13556020,67,0,5945,40.44956970214844,-79.9024887084961
1629717026,2619020,71B,0,3420,40.47943878173828,-79.92158508300781
1629717030,1983020,P2,0,3417,40.448848724365234,-79.89066314697266
1629717021,7774020,28X,0,3416,40.44802474975586,-80.1665267944336
1629717011,628020,P1,0,3414,40.414825439453125,-79.87903594970703
1629717033,12362020,P1,0,3411,40.441688537597656,-79.9952163696289
1629717024,9698020,71C,0,3410,40.4427604675293,-79.89240264892578
1629717028,2116020,71C,0,5715,40.438560485839844,-79.99811553955078
1629717015,6919020,P2,0,3419,40.45940017700195,-79.96617889404297
1629717024,7154020,P12,0,3418,40.4284782409668,-79.7204818725586
1629717017,9474020,61D,0,3306,40.44590377807617,-79.9527359008789
1629717026,2150020,61C,0,3305,40.4380989074707,-79.99436950683594
1629717034,4058020,71C,0,3424,40.449893951416016,-79.89178466796875
1629716982,6062020,71B,0,3423,40.47955322265625,-79.92203521728516
1629716982,10024020,P1,0,3421,40.4471321105957,-79.98747253417969
1629717035,1717020,2,0,5605,40.48219680786133,-79.97381591796875
1629717031,11284020,61A,0,3309,40.42097091674805,-79.88575744628906
1629717030,13195020,P7,0,3308,40.35267639160156,-79.84977722167969
1629717034,7125020,71C,0,3321,40.444183349609375,-79.89209747314453
1629717021,13451020,P1,0,3320,40.453121185302734,-79.89946746826172
1629717023,3750020,P76,0,3317,40.337764739990234,-79.80766296386719
1629717009,10717020,P76,0,3315,40.44025802612305,-79.88011169433594
1629717029,11928020,P3,0,3314,40.414798736572266,-79.87913513183594
1629717015,11482020,61A,0,3313,40.44123458862305,-79.89314270019531
1629717015,653020,24,0,5611,40.452735900878906,-80.15531921386719
1629717017,11358020,8,0,5732,40.51720428466797,-80.0361099243164
1629717038,1469020,71D,0,3319,40.44999313354492,-79.89180755615234
1629717030,2633020,P1,0,3332,40.4150276184082,-79.87947845458984
1629717011,910020,28X,0,3331,40.49637222290039,-80.25888061523438
1629717032,1111020,71D,0,3330,40.447364807128906,-79.9426040649414
1629717028,10983020,P10,0,3208,40.63693618774414,-79.71202087402344
1629717037,8289020,61C,0,3207,40.427825927734375,-79.92577362060547
1629717019,5873020,P1,0,3328,40.454280853271484,-79.94255065917969
1629717027,1979020,61D,0,3206,40.414066314697266,-79.9229736328125
1629717009,7470020,71B,0,3327,40.447105407714844,-79.94664764404297
1629717038,1738020,71A,0,3326,40.47891616821289,-79.9190902709961
1629717033,10028020,61D,0,3204,40.411380767822266,-79.90516662597656
1629717024,805020,71B,0,3325,40.44062805175781,-79.95990753173828
1629717035,6706020,61A,0,3202,40.41481399536133,-79.8548812866211
1629716995,1615020,71A,0,3323,40.479698181152344,-79.91939544677734
1629717026,5875020,13,0,5627,40.48176574707031,-80.04155731201172
1629717021,3681020,P1,0,3221,40.4148063659668,-79.8788070678711
1629717001,6777020,88,0,3220,40.46577453613281,-79.95448303222656
1629716981,12288020,24,0,6609,40.45295715332031,-80.03945922851562
1629717034,11794020,P12,0,3219,40.46757507324219,-79.70620727539062
1629716994,2511020,71C,0,3218,40.44583511352539,-79.95282745361328
1629717034,4934020,P10,0,3338,40.599632263183594,-79.76016998291016
1629717027,8342020,86,0,3334,40.4605598449707,-79.91421508789062
1629717014,11363020,88,0,3213,40.456764221191406,-79.91182708740234
1629717033,12990020,71B,0,3212,40.47263717651367,-79.91974639892578
1629717037,9714020,17,0,6603,40.48167419433594,-80.03498840332031
1629717011,1696020,12,0,6602,40.571998596191406,-80.01680755615234
1629717017,9142020,31,0,5635,40.44386291503906,-80.02763366699219
1629717014,7252020,16,0,6605,40.44389724731445,-79.99842071533203
1629717031,2399020,G31,0,5636,40.40428924560547,-80.09098815917969
1629717014,2724020,91,0,6607,40.44358825683594,-79.9986343383789
1629717039,1761020,14,0,6606,40.509918212890625,-80.0929183959961
1629717038,5396020,O12,0,3231,40.56326675415039,-80.02534484863281
1629717029,10745020,61C,0,6619,40.4072151184082,-79.91061401367188
1629717012,10168020,O12,0,3227,40.585662841796875,-80.03469848632812
1629717033,7206020,71A,0,3226,40.457881927490234,-79.93409729003906
1629717023,7693020,20,0,6611,40.4671516418457,-80.0976791381836
1629717007,6153020,20,0,6614,40.50218963623047,-80.12191772460938
1629716989,4703020,51,0,6616,40.38077163696289,-79.97628021240234
1629717038,10689020,38,0,6615,40.442962646484375,-80.03077697753906
1629717037,4204020,83,0,6618,40.45264434814453,-79.96380615234375
1629717030,1159020,55,0,6617,40.324127197265625,-79.94013214111328
1629717038,4362020,51,0,5660,40.42330551147461,-79.97769927978516
1629717022,12703020,61A,0,6630,40.41509246826172,-79.85445404052734
1629717030,1280020,15,0,6511,40.44563293457031,-79.98967742919922
1629717034,6494020,Y46,0,6631,40.29255676269531,-79.91156768798828
1629717036,5278020,P10,0,3240,40.54081344604492,-79.83280944824219
1629717034,13655020,91,0,6509,40.494083404541016,-79.91815185546875
1629717039,635020,G2,0,3238,40.441532135009766,-80.00320434570312
1629717015,3662020,G2,0,3234,40.44052505493164,-80.00824737548828
1629717035,7484020,91,0,6502,40.494598388671875,-79.88616943359375
1629717033,12604020,1,0,6501,40.4946403503418,-79.93522644042969
1629717032,14652020,51,0,6622,40.34463882446289,-79.97251892089844
1629717036,9976020,Y49,0,5655,40.360050201416016,-79.9800796508789
1629717021,12489020,P3,0,6625,40.454368591308594,-79.94275665283203
1629717037,4491020,13,0,6503,40.50659942626953,-80.05123138427734
1629716990,9607020,Y49,0,6624,40.33187484741211,-79.93207550048828
1629717026,8724020,52L,0,6627,40.408729553222656,-79.9073715209961
1629717017,7124020,54,0,6506,40.42095947265625,-80.00563049316406
1629717028,1973020,59,0,6626,40.413082122802734,-79.88320922851562
1629717031,402020,O5,0,6505,40.5794792175293,-79.99466705322266
1629717032,7569020,61C,0,6629,40.3505973815918,-79.8681411743164
1629717000,10972020,19L,0,6507,40.491119384765625,-80.04789733886719
1629717030,9279020,83,0,6628,40.446842193603516,-79.98153686523438
1629717039,9008020,71C,0,5670,40.44032669067383,-79.96033477783203
1629717011,2717020,39,0,6520,40.44328689575195,-79.99667358398438
1629717029,8723020,71A,0,6641,40.439998626708984,-79.96078491210938
1629717018,9848020,P68,0,6640,40.44712829589844,-79.88890838623047
1629717024,5928020,67,0,6642,40.4275016784668,-79.79805755615234
1629717033,5293020,P3,0,3255,40.43764114379883,-79.96527862548828
1629716993,8936020,61C,0,3252,40.4404182434082,-79.99485778808594
1629717033,1066020,61D,0,3251,40.43788528442383,-79.93008422851562
1629717018,13213020,P76,0,3250,40.38731384277344,-79.82229614257812
1629717018,1505020,P3,0,3248,40.414756774902344,-79.87882995605469
1629717028,4831020,53L,0,6634,40.36244583129883,-79.92911529541016
1629717028,5734020,15,0,6512,40.47770309448242,-80.00013732910156
1629717004,10425020,51,0,6633,40.441402435302734,-80.00228118896484
1629717030,5626020,24,0,6515,40.47348403930664,-80.0762939453125
1629717036,868020,82,0,6636,40.443077087402344,-79.98116302490234
1629717011,9405020,81,0,6635,40.44013595581055,-79.99434661865234
1629717025,4989020,20,0,6517,40.445106506347656,-80.02935791015625
1629717036,5637020,P10,0,6637,40.45624542236328,-79.91132354736328
1629717021,3610020,27,0,6518,40.441184997558594,-80.06869506835938
1629717038,13428020,75,0,6650,40.4697151184082,-79.92115020751953
1629717034,3711020,67,0,6652,40.432640075683594,-79.79415130615234
1629716982,7603020,93,0,6531,40.46551513671875,-79.95829772949219
1629717029,14609020,59,0,6530,40.38429260253906,-79.86717987060547
1629717018,10539020,69,0,6651,40.38886642456055,-79.76654052734375
1629717024,3406020,28X,0,6654,40.45685577392578,-79.91333770751953
1629717026,6234020,61B,0,6533,40.44615936279297,-79.95174407958984
1629717022,13199020,61B,0,6532,40.4046745300293,-79.8708267211914
1629717029,14211020,69,0,6653,40.45734405517578,-79.91239166259766
1629717023,3032020,P78,0,3260,40.540409088134766,-79.83123016357422
1629717014,13387020,71A,0,3258,40.47891616821289,-79.9190902709961
1629717031,1758020,61C,0,3257,40.354251861572266,-79.84224700927734
1629717035,11742020,Y47,0,6524,40.34203338623047,-79.98139953613281
1629717030,12976020,12,0,6402,40.48189163208008,-80.00585174560547
1629717029,7404020,77,0,6644,40.460052490234375,-79.84315490722656
1629717028,11111020,G31,0,6523,40.396217346191406,-80.0871353149414
1629717028,13068020,54,0,6405,40.45153045654297,-80.0074234008789
1629717011,7443020,56,0,6526,40.35575866699219,-79.89994812011719
1629717039,3595020,54,0,6404,40.42428970336914,-79.97787475585938
1629717011,14251020,61A,0,6525,40.43720626831055,-79.97113800048828
1629717035,13665020,71A,0,6646,40.44047546386719,-79.99967956542969
1629717009,12096020,61C,0,6528,40.41389465332031,-79.9228744506836
1629717030,5178020,8,0,6406,40.46879196166992,-80.00944519042969
1629717016,12375020,P7,0,6527,40.44185256958008,-79.88507080078125
1629717024,3637020,18,0,6408,40.450382232666016,-80.01447296142578
1629717037,7323020,53L,0,6529,40.407371520996094,-79.91427612304688
1629717034,9120020,Y46,0,6540,40.39921951293945,-80.00126647949219
1629717036,9758020,67,0,6542,40.444580078125,-79.86222839355469
1629717020,3222020,36,0,6420,40.35474395751953,-80.05013275146484
1629717036,7181020,52L,0,6541,40.43452453613281,-79.98934936523438
1629717024,5494020,1,0,6302,40.60246658325195,-79.75582885742188
1629717030,13032020,69,0,6544,40.41505813598633,-79.84683227539062
1629717035,10538020,2,0,6301,40.5584602355957,-79.98567199707031
1629717025,6522020,29,0,6422,40.448760986328125,-80.12171173095703
1629717008,12150020,71A,0,6543,40.441261291503906,-79.95916748046875
1629717009,8033020,1,0,6414,40.446048736572266,-79.9891128540039
1629717021,13104020,59,0,6535,40.400665283203125,-79.83342742919922
1629717024,3235020,14,0,6413,40.59142303466797,-80.22747802734375
1629717033,13892020,56,0,6534,40.342281341552734,-79.86198425292969
1629716988,12408020,21,0,6416,40.4403076171875,-80.00444030761719
1629717026,1259020,Y46,0,6537,40.3354377746582,-79.94676208496094
1629717013,7049020,41,0,6415,40.37200164794922,-80.07794189453125
1629716982,9964020,60,0,6538,40.35062789916992,-79.86747741699219
1629717034,5001020,74,0,6551,40.426456451416016,-79.91864776611328
1629717037,6215020,71D,0,6553,40.437034606933594,-79.97077178955078
1629717015,13115020,P3,0,6432,40.45979309082031,-79.92141723632812
1629717033,7037020,54,0,6310,40.456050872802734,-79.97527313232422
1629717039,112020,74,0,6552,40.47364044189453,-79.89757537841797
1629717014,13897020,64,0,6434,40.46747970581055,-79.963623046875
1629717038,12761020,8,0,6313,40.474395751953125,-80.010498046875
1629717026,11156020,P68,0,6555,40.429134368896484,-79.74905395507812
1629717035,6767020,2,0,6312,40.53982162475586,-80.01209259033203
1629717032,14601020,57,0,6433,40.40536880493164,-79.93704223632812
1629717017,3298020,28X,0,6546,40.43030548095703,-80.06925964355469
1629717010,-1430574505,6,1,6304,40.46199035644531,-79.99182891845703
1629716993,11500020,27,0,6424,40.44130325317383,-80.06864166259766
1629717020,6509020,P17,0,6545,40.44601058959961,-79.98918914794922
1629717026,11067020,17,0,6306,40.500450134277344,-80.02239227294922
1629717026,13942020,77,0,6548,40.452571868896484,-79.7508316040039
1629717038,6362020,G3,0,6427,40.42072677612305,-80.09371948242188
1629717018,8903020,38,0,6426,40.366695404052734,-80.10779571533203
1629717032,13952020,82,0,6547,40.44068908691406,-79.98687744140625
1629717017,7999020,83,0,6429,40.44340896606445,-79.95265197753906
1629717001,5847020,57,0,6428,40.41178894042969,-79.92280578613281
1629717033,7013020,P68,0,6549,40.3954963684082,-79.83917999267578
1629717031,3549020,36,0,6320,40.35234069824219,-80.05054473876953
1629717025,12802020,61A,0,6441,40.44462966918945,-79.9439926147461
1629717017,896020,Y49,0,6440,40.38230514526367,-79.9959945678711
1629717011,12106020,1,0,6201,40.47006607055664,-79.97563934326172
1629717034,8262020,81,0,6443,40.439308166503906,-79.96183013916016
1629717030,8016020,48,0,6321,40.4198112487793,-79.9900894165039
1629717037,13769020,2,0,6203,40.52518081665039,-80.00701904296875
1629717031,5667020,21,0,6324,40.50239181518555,-80.10200500488281
1629717036,5444020,61A,0,6445,40.44047546386719,-79.99967956542969
1629717037,9214020,24,0,6323,40.46493148803711,-80.10997009277344
1629717024,329020,91,0,6202,40.463233947753906,-79.96682739257812
1629717037,2614020,91,0,6315,40.488746643066406,-79.891845703125
1629717014,12409020,1,0,6314,40.50764465332031,-79.85173797607422
1629717036,4274020,51,0,6438,40.40053939819336,-79.98917388916016
1629717024,2083020,31,0,6319,40.36552429199219,-80.10816955566406
1629717029,9661020,51,0,6439,40.36180114746094,-79.93134307861328
1629717029,56020,P10,0,6450,40.441593170166016,-80.00298309326172
1629717021,8304020,21,0,6331,40.51372146606445,-80.13756561279297
1629717034,14289020,P71,0,6452,40.42337417602539,-79.89588928222656
1629717031,10482020,61D,0,6333,40.44358444213867,-79.95198059082031
1629717028,6450020,39,0,6332,40.39223098754883,-80.01187133789062
1629717035,2630020,74,0,6453,40.46097946166992,-79.92754364013672
1629717037,5735020,61D,0,6335,40.41067123413086,-79.90737915039062
1629716470,5993020,67,0,6456,40.444095611572266,-79.93830108642578
1629717002,7651020,2,0,6205,40.454280853271484,-79.996337890625
1629717009,9479020,51,0,6447,40.383541107177734,-79.97723388671875
1629717013,9907020,13,0,6204,40.45876693725586,-80.02344512939453
1629717002,8451020,29,0,6325,40.443355560302734,-79.99640655517578
1629716998,10433020,8,0,6206,40.44403839111328,-80.00061798095703
1629717025,3387020,6,0,6209,40.44733810424805,-80.0001220703125
1629717036,9934020,14,0,6208,40.50458908081055,-80.08380126953125
1629717019,12227020,Y45,0,6340,40.44029998779297,-80.00067138671875
1629717012,11349020,29,0,6221,40.441078186035156,-80.04672241210938
1629717025,6269020,88,0,6463,40.45909118652344,-79.97089385986328
1629717025,11609020,61D,0,6341,40.4421272277832,-80.00139617919922
1629717004,3852020,67,0,6462,40.45340347290039,-79.7507095336914
1629717035,5764020,39,0,6223,40.443119049072266,-79.99662017822266
1629717008,9056020,91,0,6102,40.49013900756836,-79.8699722290039
1629717030,2479020,61B,0,6343,40.43778991699219,-79.98760986328125
1629717023,13748020,31,0,6225,40.441368103027344,-80.00469970703125
1629717038,8501020,91,0,6104,40.48881149291992,-79.89205932617188
1629717029,8434020,Y1,0,6346,40.36319351196289,-79.98373413085938
1629717037,2080020,65,0,6337,40.4327507019043,-79.9150390625
1629717026,10598020,69,0,6457,40.405025482177734,-79.82637023925781
1629717036,10754020,38,0,6218,40.38713836669922,-80.07688903808594
1629717020,3746020,56,0,6339,40.34666442871094,-79.82976531982422
1629717035,1146020,41,0,6217,40.374549865722656,-80.0730972290039
1629717035,7189020,61B,0,6338,40.41462326049805,-79.85350799560547
1629716993,4537020,P16,0,6459,40.48691940307617,-79.77243041992188
1629717013,1097020,G31,0,6219,40.44615936279297,-79.98866271972656
1629717032,4226020,51L,0,6351,40.372344970703125,-79.9753646850586
1629717026,10532020,52L,0,6353,40.37162780761719,-79.84477996826172
1629717031,14325020,59,0,6111,40.346763610839844,-79.95132446289062
1629716998,12759020,53L,0,6113,40.438961029052734,-80.00019073486328
1629717027,4417020,61A,0,6355,40.4379997253418,-79.91304016113281
1629717029,7625020,55,0,6112,40.292930603027344,-79.88513946533203
1629717028,8594020,55,0,6115,40.37759780883789,-79.82797241210938
1629717012,12529020,59,0,6357,40.341468811035156,-79.9443588256836
1629717029,10935020,Y47,0,6235,40.42008972167969,-80.00872802734375
1629717014,1447020,26,0,6229,40.44426345825195,-80.02920532226562
1629717037,1839020,22,0,6107,40.475711822509766,-80.09895324707031
1629717028,6696020,77,0,6362,40.458717346191406,-79.95785522460938
1629717011,11475020,93,0,6241,40.40621566772461,-79.94243621826172
1629717031,1723020,79,0,6361,40.45481872558594,-79.87155151367188
1629717025,3453020,52L,0,6122,40.400390625,-79.88704681396484
1629717028,13915020,8,0,6001,40.5166015625,-80.03678131103516
1629716979,4990020,P12,0,6363,40.44325637817383,-79.78170776367188
1629717021,9672020,91,0,6003,40.45614242553711,-79.97504425048828
1629717031,13959020,51,0,6244,40.41204071044922,-79.98961639404297
1629717009,14395020,93,0,6247,40.48326110839844,-79.94761657714844
1629717037,3254020,P68,0,6368,40.42639923095703,-79.7889175415039
1629717014,189020,59,0,6246,40.41231155395508,-79.90824890136719
1629716993,9497020,87,0,6367,40.462059020996094,-79.96195220947266
1629716993,1281020,28X,0,6360,40.44074630737305,-79.9949722290039
1629716964,6781020,71A,0,6359,40.441436767578125,-79.95894622802734
1629717023,726020,61C,0,6358,40.44401931762695,-79.95034790039062
1629717039,3740020,64,0,6118,40.41212844848633,-79.9112548828125
1629717015,5855020,61B,0,6252,40.441856384277344,-79.99878692626953
1629717014,2990020,51,0,6251,40.431217193603516,-80.00206756591797
1629717038,3150020,91,0,6011,40.48778533935547,-79.93895721435547
1629717002,8371020,16,0,6014,40.50383758544922,-80.07481384277344
1629717032,7059020,51L,0,6135,40.4137077331543,-79.98851013183594
1629717034,5799020,56,0,6134,40.36897659301758,-79.91021728515625
1629717018,-558964453,P13,1,6013,40.54916763305664,-80.01866912841797
1629717018,1823020,28X,0,6137,40.45241165161133,-79.92279052734375
1629717035,4135020,P68,0,6258,40.42742919921875,-79.74738311767578
1629717020,12564020,14,0,6007,40.591548919677734,-80.2275619506836
1629717007,6698020,53L,0,6249,40.3419303894043,-79.94392395019531
1629717034,4582020,54,0,6006,40.44563674926758,-79.95306396484375
1629717029,7841020,61B,0,6127,40.43803024291992,-79.91835021972656
1629716979,10199020,P16,0,6369,40.444847106933594,-79.99067687988281
1629717031,1720020,12,0,6009,40.56614303588867,-80.01642608642578
1629717030,14623020,21,0,6021,40.537166595458984,-80.18472290039062
1629717001,5999020,67,0,6262,40.44047546386719,-79.99476623535156
1629717032,1126020,86,0,6144,40.44522476196289,-79.99185180664062
1629717020,6950020,G3,0,6023,40.496891021728516,-80.20568084716797
1629717009,52020,G3,0,6022,40.442359924316406,-80.00016784667969
1629717038,2042020,29,0,6025,40.45053482055664,-80.19081115722656
1629717031,-819057517,71D,1,6146,40.45291519165039,-79.92046356201172
1629717030,3745020,P17,0,6267,40.47304153442383,-79.8613510131836
1629717038,4707020,P78,0,6266,40.4417839050293,-79.8774642944336
1629717033,552020,P71,0,6269,40.44345474243164,-79.995849609375
1629717019,11965020,P78,0,6148,40.43986511230469,-79.99645233154297
1629717038,10903020,75,0,6147,40.42427444458008,-79.96259307861328
1629717033,13571020,87,0,6268,40.482810974121094,-79.94866180419922
1629717025,8484020,87,0,6140,40.46070861816406,-79.93248748779297
1629717011,7681020,41,0,6018,40.43996047973633,-80.00088500976562
1629717036,3607020,64,0,6139,40.42305374145508,-79.9286880493164
1629717024,12213020,48,0,6017,40.417564392089844,-79.9857177734375
1629717019,9354020,75,0,6138,40.490020751953125,-79.87007141113281
1629717035,12420020,86,0,6259,40.44975662231445,-79.89163208007812
1629717034,507020,87,0,6153,40.48305130004883,-79.94783782958984
1629717014,13278020,P67,0,6274,40.454959869384766,-79.90421295166016
1629717029,3456020,87,0,6152,40.44330978393555,-79.9962387084961
1629717009,8765020,56,0,6034,40.43557357788086,-79.97724151611328
1629717018,4377020,64,0,6155,40.45478057861328,-79.93257904052734
1629717008,3288020,P69,0,7002,40.41726303100586,-79.84832763671875
1629717022,5217020,71C,0,7001,40.44641876220703,-79.8929672241211
1629717032,917020,93,0,6033,40.439945220947266,-79.96086120605469
1629717035,13033020,P16,0,6275,40.464908599853516,-79.82841491699219
1629717030,11100020,53L,0,6036,40.39777374267578,-79.90167236328125
1629717035,7344020,82,0,6156,40.45808792114258,-79.9311294555664
1629717026,10978020,87,0,6159,40.461273193359375,-79.93406677246094
1629717026,6539020,93,0,6038,40.41094207763672,-79.94451141357422
1629717013,11824020,77,0,6158,40.458614349365234,-79.93364715576172
1629717028,583020,75,0,6272,40.49013900756836,-79.87075805664062
1629717036,11086020,67,0,6271,40.452640533447266,-79.75106048583984
1629717038,4117020,51,0,6029,40.36614990234375,-79.98168182373047
1629717029,7640020,P16,0,6045,40.44176483154297,-79.99516296386719
1629717035,3979020,P10,0,6046,40.4741096496582,-79.90823364257812
1629717016,6650020,89,0,6048,40.46060562133789,-79.92778778076172
1629717027,13178020,P67,0,6160,40.429447174072266,-79.79179382324219
1629717037,12813020,11,0,1701,40.4683952331543,-80.01382446289062
1629717027,6546020,4,0,1709,40.45967102050781,-79.98593139648438
1629717010,998020,11,0,1707,40.44532012939453,-79.99010467529297
1629716987,1128020,11,0,1704,40.44601821899414,-79.98908996582031
1629717031,3412020,7,0,1702,40.47627258300781,-79.98931121826172
1629717036,7039020,86,0,6056,40.45635986328125,-79.93705749511719
1629717033,14001020,71D,0,6059,40.44131851196289,-79.95909118652344
1629717036,12142020,71C,0,6051,40.43764877319336,-79.98475646972656
1629717019,12618020,4,0,1710,40.500640869140625,-80.0224380493164
1629717009,12739020,44,0,1719,40.42234420776367,-80.00630950927734
1629717026,12600020,40,0,1716,40.429779052734375,-80.00792694091797
1629717038,14566020,43,0,1714,40.426204681396484,-80.00513458251953
1629717032,12062020,44,0,1720,40.3976936340332,-79.98824310302734
1629717037,13443020,44,0,1727,40.433353424072266,-80.00316619873047
1629716968,11563020,44,0,1726,40.41133499145508,-79.98990631103516
1629717038,7468020,16,0,5907,40.46396255493164,-80.02288055419922
1629717034,6849020,16,0,5908,40.454185485839844,-80.01461791992188
1629717025,2059020,16,0,5909,40.49253463745117,-80.04945373535156
1629717008,12957020,91,0,5901,40.50056076049805,-79.86080932617188
1629717037,9619020,15,0,5902,40.47135543823242,-80.0070571899414
1629717033,9903020,54,0,5903,40.4650993347168,-79.96550750732422
1629717024,99020,48,0,5917,40.436283111572266,-80.00119018554688
1629717030,2226020,31,0,5911,40.382545471191406,-80.09387969970703
1629717032,703020,26,0,5914,40.453861236572266,-80.06005096435547
1629717023,5366020,59,0,5927,40.367950439453125,-79.84232330322266
1629717032,2391020,12,0,5807,40.511722564697266,-80.00376892089844
1629717013,6072020,17,0,5809,40.44231033325195,-79.99967193603516
1629717016,866020,14,0,5804,40.44752883911133,-80.01993560791016
1629717647,13276020,51,0,5816,40.43986892700195,-80.00094604492188
1629717642,3493020,P12,0,5937,40.44198989868164,-80.00154876708984
1629717645,14459020,27,0,5811,40.438819885253906,-80.01500701904297
1629717639,183020,13,0,5707,40.51776123046875,-80.03636932373047
1629717634,2832020,22,0,5708,40.465660095214844,-80.05302429199219
1629717643,13089020,O12,0,3403,40.53129196166992,-80.01018524169922
1629717554,10580020,O1,0,3402,40.45081329345703,-79.99789428710938
1629717635,12694020,58,0,5940,40.43547058105469,-79.95720672607422
1629717635,6768020,82,0,5942,40.44830322265625,-79.95957946777344
1629717550,13494020,17,0,5701,40.496620178222656,-80.0460433959961
1629717639,9460020,6,0,5702,40.44540023803711,-79.98983001708984
1629717622,10797020,71B,0,5823,40.440242767333984,-79.99899291992188
1629717626,1524020,71D,0,5944,40.43804168701172,-79.994140625
1629717613,4450020,54,0,5703,40.40874099731445,-79.99109649658203
1629717633,13556020,67,0,5945,40.4440803527832,-79.93975830078125
1629717640,2619020,71B,0,3420,40.47943878173828,-79.92158508300781
1629717631,12234020,P2,0,3417,40.445247650146484,-79.88776397705078
1629717627,7774020,28X,0,3416,40.47173309326172,-80.22611236572266
1629717632,6402020,P67,0,3415,40.4274787902832,-79.791259765625
1629717634,628020,P1,0,3414,40.45164489746094,-79.89569091796875
1629717631,12362020,P1,0,3411,40.456787109375,-79.90977478027344
1629717634,9698020,71C,0,3410,40.4634895324707,-79.93051147460938
1629717643,1795020,71C,0,5715,40.43894958496094,-79.9947280883789
1629717628,3575020,P2,0,3419,40.454166412353516,-79.94224548339844
1629717636,7154020,P12,0,3418,40.44213104248047,-79.79203033447266
1629717644,9474020,61D,0,3306,40.43832015991211,-79.97970581054688
1629717637,2150020,61C,0,3305,40.44243621826172,-79.95578002929688
1629717647,7322020,71D,0,3424,40.449893951416016,-79.89178466796875
1629717636,6062020,71B,0,3423,40.46412658691406,-79.92361450195312
1629717640,10024020,P1,0,3421,40.44056701660156,-79.8864517211914
1629717638,1717020,2,0,5605,40.50523376464844,-79.949951171875
1629717640,11284020,61A,0,3309,40.44160461425781,-79.8841781616211
1629717637,13195020,P7,0,3308,40.35063552856445,-79.86734771728516
1629717647,7125020,71C,0,3321,40.46083068847656,-79.92317962646484
1629717605,13451020,P1,0,3320,40.45942306518555,-79.96619415283203
1629717647,3750020,P76,0,3317,40.378013610839844,-79.80330657958984
1629717591,10717020,P76,0,3315,40.456626892089844,-79.93272399902344
1629717607,8176020,P3,0,3314,40.41468811035156,-79.87861633300781
1629717646,11482020,61A,0,3313,40.43806076049805,-79.92369842529297
1629717638,653020,24,0,5611,40.45274353027344,-80.15531921386719
1629717645,11358020,8,0,5732,40.51752471923828,-80.03692626953125
1629717646,1469020,71D,0,3319,40.44853973388672,-79.88394165039062
1629717624,125020,P1,0,3332,40.41908645629883,-79.88618469238281
1629717646,910020,28X,0,3331,40.468589782714844,-80.20447540283203
1629717639,1111020,71D,0,3330,40.45595169067383,-79.90340423583984
1629717632,10983020,P10,0,3208,40.60752868652344,-79.74761199951172
1629717646,8289020,61C,0,3207,40.44383239746094,-79.9386215209961
1629717646,14313020,P1,0,3328,40.44126892089844,-79.99549865722656
1629717643,1979020,61D,0,3206,40.433414459228516,-79.92300415039062
1629717644,7470020,71B,0,3327,40.43703079223633,-79.97061157226562
1629717628,1738020,71A,0,3326,40.458824157714844,-79.93350982666016
1629717632,8589020,61D,0,3204,40.411006927490234,-79.9066162109375
1629717624,805020,71B,0,3325,40.44906997680664,-79.93207550048828
1629717640,6706020,61A,0,3202,40.40787124633789,-79.86514282226562
1629717634,8267020,71A,0,3323,40.47891616821289,-79.9190902709961
1629717629,5875020,13,0,5627,40.513816833496094,-80.0453872680664
1629717633,3681020,P1,0,3221,40.414756774902344,-79.87882995605469
1629717647,6777020,88,0,3220,40.46004104614258,-79.97102355957031
1629717640,12288020,24,0,6609,40.44263458251953,-80.00421905517578
1629717618,11794020,P12,0,3219,40.46757507324219,-79.70620727539062
1629717634,2511020,71C,0,3218,40.43837356567383,-79.98089599609375
1629717636,4934020,P10,0,3338,40.54111862182617,-79.78141021728516
1629717632,8342020,86,0,3334,40.457618713378906,-79.9328384399414
1629717602,8381020,88,0,3213,40.45745849609375,-79.9146957397461
1629717612,12990020,71B,0,3212,40.44768524169922,-79.93888854980469
1629717644,9714020,17,0,6603,40.46253204345703,-80.03013610839844
1629717630,1696020,12,0,6602,40.55744934082031,-80.02308654785156
1629717639,9142020,31,0,5635,40.42655563354492,-80.05683898925781
1629717631,9171020,16,0,6605,40.450496673583984,-80.00128173828125
1629717637,2399020,G31,0,5636,40.368228912353516,-80.1031494140625
1629717635,4026020,91,0,6607,40.446842193603516,-79.98921203613281
1629717638,1761020,14,0,6606,40.47213363647461,-80.03797149658203
1629717634,729020,P7,0,6620,40.415679931640625,-79.88367462158203
1629717642,5396020,O12,0,3231,40.50925827026367,-80.00416564941406
1629717634,10745020,61C,0,6619,40.42137145996094,-79.92870330810547
1629717595,10168020,O12,0,3227,40.585662841796875,-80.03469848632812
1629717636,7206020,71A,0,3226,40.47899627685547,-79.91902923583984
1629717639,4078020,P78,0,3225,40.52224349975586,-79.8425521850586
1629717583,6153020,20,0,6614,40.47103500366211,-80.09129333496094
1629717640,4703020,51,0,6616,40.403350830078125,-79.9898910522461
1629717646,10689020,38,0,6615,40.40576934814453,-80.05387878417969
1629717645,4204020,83,0,6618,40.44060516357422,-79.98731231689453
1629717608,1159020,55,0,6617,40.34326934814453,-79.94249725341797
1629717627,4362020,51,0,5660,40.431922912597656,-80.00340270996094
1629717633,12703020,61A,0,6630,40.413658142089844,-79.85372161865234
1629717648,1280020,15,0,6511,40.44535827636719,-79.9990234375
1629717625,106020,Y46,0,6631,40.27307891845703,-79.88565063476562
1629717644,5278020,P10,0,3240,40.49494552612305,-79.90625
1629717645,13655020,91,0,6509,40.47884750366211,-79.95539093017578
1629717648,3318020,G2,0,3238,40.44285202026367,-79.99687194824219
1629717644,3662020,G2,0,3234,40.45262908935547,-80.05267333984375
1629717627,12604020,1,0,6501,40.48786544799805,-79.88700866699219
1629717633,14652020,51,0,6622,40.34387969970703,-79.94332122802734
1629717638,9976020,Y49,0,5655,40.39262771606445,-79.9984130859375
1629717631,12489020,P3,0,6625,40.442535400390625,-79.9574203491211
1629717631,4491020,13,0,6503,40.48296356201172,-80.04117584228516
1629717641,9607020,Y49,0,6624,40.33234405517578,-79.92830657958984
1629717649,8724020,52L,0,6627,40.39186096191406,-79.88473510742188
1629717631,7124020,54,0,6506,40.42095947265625,-80.00563049316406
1629717644,1973020,59,0,6626,40.414268493652344,-79.8726577758789
1629717648,402020,O5,0,6505,40.55207824707031,-80.00238800048828
1629717649,3049020,61C,0,6629,40.3524284362793,-79.85176086425781
1629717621,10972020,19L,0,6507,40.44795227050781,-80.0213851928711
1629717626,9279020,83,0,6628,40.45164489746094,-79.95789337158203
1629717641,9008020,71C,0,5670,40.45485305786133,-79.94207763671875
1629717631,2717020,39,0,6520,40.446083068847656,-79.98889923095703
1629717635,8723020,71A,0,6641,40.45417022705078,-79.94439697265625
1629717640,9848020,P68,0,6640,40.4605598449707,-79.95652770996094
1629717642,5928020,67,0,6642,40.42432403564453,-79.81246185302734
1629717638,5293020,P3,0,3255,40.45282745361328,-79.94969940185547
1629717643,4854020,61B,0,3253,40.40203857421875,-79.8678207397461
1629717645,7052020,61C,0,3252,40.44039535522461,-79.99494934082031
1629717645,1066020,61D,0,3251,40.4440803527832,-79.95081329345703
1629717637,13213020,P76,0,3250,40.36695098876953,-79.7818603515625
1629717565,1505020,P3,0,3248,40.44851303100586,-79.89031219482422
1629717635,4831020,53L,0,6634,40.34412384033203,-79.94058227539062
1629717645,2353020,51,0,6633,40.42862319946289,-79.99183654785156
1629717561,11804020,6,0,6512,40.48455810546875,-80.00489044189453
1629717646,5626020,24,0,6515,40.46828079223633,-80.12199401855469
1629717628,868020,82,0,6636,40.45328903198242,-79.94732666015625
1629717632,10786020,P16,0,5667,40.456783294677734,-79.91355895996094
1629717649,3413020,81,0,6635,40.44267654418945,-79.99639129638672
1629717649,4989020,20,0,6517,40.47399139404297,-80.09500122070312
1629717620,5637020,P10,0,6637,40.44829177856445,-79.98564910888672
1629717647,2508020,29,0,6519,40.43251037597656,-80.19125366210938
1629717623,3610020,27,0,6518,40.441184997558594,-80.06869506835938
1629717625,13428020,75,0,6650,40.45905685424805,-79.92391204833984
1629717633,3711020,67,0,6652,40.42851257324219,-79.79829406738281
1629717628,7603020,93,0,6531,40.447261810302734,-79.94918060302734
1629717648,14609020,59,0,6530,40.38125228881836,-79.85564422607422
1629717631,2937020,69,0,6651,40.40217208862305,-79.7756118774414
1629717650,7383020,19L,0,6412,40.51310348510742,-80.10042572021484
1629717600,3406020,28X,0,6654,40.45348358154297,-79.91629028320312
1629717649,6234020,61B,0,6533,40.43840408325195,-79.98162841796875
1629717617,13199020,61B,0,6532,40.42581558227539,-79.8917236328125
1629717645,6744020,71C,0,6653,40.44265365600586,-79.88740539550781
1629717649,3032020,P78,0,3260,40.54035949707031,-79.83121490478516
1629717636,13387020,71A,0,3258,40.47465133666992,-79.92488861083984
1629717630,1758020,61C,0,3257,40.38433074951172,-79.86074829101562
1629717629,11742020,Y47,0,6524,40.34184265136719,-79.94388580322266
1629717647,12976020,12,0,6402,40.448726654052734,-80.00066375732422
1629717638,7404020,77,0,6644,40.48698806762695,-79.80862426757812
1629717632,11111020,G31,0,6523,40.42692565917969,-80.07194519042969
1629717646,13068020,54,0,6405,40.451969146728516,-80.00645446777344
1629717641,3595020,54,0,6404,40.40879440307617,-79.9913330078125
1629717628,14251020,61A,0,6525,40.44186019897461,-79.9988021850586
1629717637,13665020,71A,0,6646,40.43741989135742,-79.97953033447266
1629717641,12096020,61C,0,6528,40.38323211669922,-79.8578109741211
1629717631,5178020,8,0,6406,40.454898834228516,-80.00220489501953
1629717622,12375020,P7,0,6527,40.41548538208008,-79.88298034667969
1629717640,3637020,18,0,6408,40.4474983215332,-80.0198745727539
1629717642,7323020,53L,0,6529,40.39076614379883,-79.90066528320312
1629717645,9120020,Y46,0,6540,40.3613395690918,-79.98258209228516
1629717634,9758020,67,0,6542,40.44519805908203,-79.88931274414062
1629717639,3222020,36,0,6420,40.38264846801758,-80.05237579345703
1629717591,5494020,1,0,6302,40.56376266479492,-79.77438354492188
1629717631,13032020,69,0,6544,40.442054748535156,-79.87731170654297
1629717641,10538020,2,0,6301,40.52125549316406,-79.95958709716797
1629717641,6522020,29,0,6422,40.43601608276367,-80.06873321533203
1629717642,12150020,71A,0,6543,40.440338134765625,-79.99462127685547
1629717633,8033020,1,0,6414,40.442535400390625,-79.99976348876953
1629717625,13104020,59,0,6535,40.41357421875,-79.85572814941406
1629717642,10242020,14,0,6413,40.56975555419922,-80.21417999267578
1629717632,13892020,56,0,6534,40.34638595581055,-79.88802337646484
1629717631,11059020,21,0,6416,40.443878173828125,-80.02742767333984
1629717639,1259020,Y46,0,6537,40.368099212646484,-79.98359680175781
1629717634,7049020,41,0,6415,40.36213684082031,-80.09781646728516
1629717634,9964020,60,0,6538,40.34109115600586,-79.86083984375
1629717589,991020,G2,0,6419,40.40739059448242,-80.0897445678711
1629717633,4042020,74,0,6551,40.44668197631836,-79.9039077758789
1629717645,6215020,71D,0,6553,40.44807052612305,-79.93527221679688
1629717649,7037020,54,0,6310,40.46431350708008,-79.95337677001953
1629717646,112020,74,0,6552,40.45737075805664,-79.89630889892578
1629717635,13897020,64,0,6434,40.45972442626953,-79.94544982910156
1629717641,12761020,8,0,6313,40.51306915283203,-80.02606964111328
1629717641,11156020,P68,0,6555,40.429134368896484,-79.74905395507812
1629717650,6767020,2,0,6312,40.525150299072266,-80.00897979736328
1629717624,14601020,57,0,6433,40.406349182128906,-79.91268157958984
1629717647,-1912009237,15,1,6304,40.48200607299805,-80.00273895263672
1629717591,3298020,28X,0,6546,40.439273834228516,-80.01634979248047
1629717638,11500020,27,0,6424,40.447593688964844,-80.07186126708984
1629717640,11067020,17,0,6306,40.500450134277344,-80.02239227294922
1629717640,13942020,77,0,6548,40.45284652709961,-79.7502212524414
1629717643,6362020,G3,0,6427,40.45232009887695,-80.05252075195312
1629717619,8903020,38,0,6426,40.368309020996094,-80.11111450195312
1629717634,231020,82,0,6547,40.44220733642578,-80.00005340576172
1629717642,7999020,83,0,6429,40.44019317626953,-79.9664306640625
1629717632,5847020,57,0,6428,40.41078186035156,-79.9473648071289
1629717631,7013020,P68,0,6549,40.41643142700195,-79.81478118896484
1629717645,3549020,36,0,6320,40.33817672729492,-80.05731201171875
1629717643,12802020,61A,0,6441,40.437381744384766,-79.9717025756836
1629717644,896020,Y49,0,6440,40.36455154418945,-79.96724700927734
1629717649,12106020,1,0,6201,40.44535827636719,-79.99911499023438
1629717603,8262020,81,0,6443,40.43181228637695,-79.97666931152344
1629717624,8016020,48,0,6321,40.424015045166016,-79.96977233886719
1629717621,13769020,2,0,6203,40.52518081665039,-80.00701904296875
1629717630,5667020,21,0,6324,40.464412689208984,-80.05780029296875
1629717637,5444020,61A,0,6445,40.43766403198242,-79.98518371582031
1629717641,9214020,24,0,6323,40.47161865234375,-80.091552734375
1629717643,329020,91,0,6202,40.44417190551758,-79.99674224853516
1629717642,2614020,91,0,6315,40.490028381347656,-79.87128448486328
1629717628,12409020,1,0,6314,40.488059997558594,-79.89371490478516
1629717647,4274020,51,0,6438,40.428470611572266,-79.98056030273438
1629717647,9661020,51,0,6439,40.341251373291016,-79.94486999511719
1629717608,56020,P10,0,6450,40.45693588256836,-79.94795227050781
1629717608,8304020,21,0,6331,40.53702163696289,-80.2013931274414
1629717634,14289020,P71,0,6452,40.44062805175781,-79.886962890625
1629717643,10482020,61D,0,6333,40.42472457885742,-79.92814636230469
1629717588,6450020,39,0,6332,40.41188049316406,-80.00891876220703
1629717626,2630020,74,0,6453,40.46097946166992,-79.92754364013672
1629717636,5735020,61D,0,6335,40.411373138427734,-79.9131851196289
1629717643,5993020,67,0,6456,40.4417724609375,-79.8818588256836
1629717603,6541020,41,0,6326,40.34920883178711,-80.10366821289062
1629717617,442020,51,0,6447,40.380615234375,-79.97626495361328
1629717591,9907020,13,0,6204,40.450801849365234,-80.0010986328125
1629717635,11864020,29,0,6325,40.445945739746094,-79.9892578125
1629717634,10433020,8,0,6206,40.466548919677734,-80.0110855102539
1629717631,3387020,6,0,6209,40.44624328613281,-79.98881530761719
1629717633,9934020,14,0,6208,40.53441619873047,-80.17452239990234
1629717636,11349020,29,0,6221,40.443790435791016,-80.09759521484375
1629717620,6269020,88,0,6463,40.46592712402344,-79.95361328125
1629717595,1679020,61D,0,6341,40.43804168701172,-79.99424743652344
1629717620,10005020,67,0,6462,40.439666748046875,-79.76055908203125
1629717634,5764020,39,0,6223,40.42098617553711,-80.00726318359375
1629717630,9056020,91,0,6102,40.489051818847656,-79.8929214477539
1629717637,2479020,61B,0,6343,40.44322967529297,-79.95333862304688
1629717601,13748020,31,0,6225,40.44611740112305,-79.98869323730469
1629717649,8501020,91,0,6104,40.495113372802734,-79.93701934814453
1629717648,8434020,Y1,0,6346,40.39567184448242,-79.9996337890625
1629717642,2080020,65,0,6337,40.432838439941406,-79.93653106689453
1629717644,10598020,69,0,6457,40.39540100097656,-79.80592346191406
1629717626,10754020,38,0,6218,40.39912033081055,-80.06535339355469
1629717635,3746020,56,0,6339,40.34666442871094,-79.82976531982422
1629717642,1146020,41,0,6217,40.39358139038086,-80.03629302978516
1629717589,7189020,61B,0,6338,40.413726806640625,-79.85330200195312
1629717643,4537020,P16,0,6459,40.47116470336914,-79.82034301757812
1629717646,1097020,G31,0,6219,40.44148635864258,-80.02094268798828
1629717649,4226020,51L,0,6351,40.40333557128906,-79.98988342285156
1629717640,10532020,52L,0,6353,40.37162399291992,-79.84477233886719
1629717629,14325020,59,0,6111,40.35218811035156,-79.90740966796875
1629717625,12759020,53L,0,6113,40.425296783447266,-79.9478530883789
1629717638,4417020,61A,0,6355,40.440711975097656,-79.87870025634766
1629717649,7625020,55,0,6112,40.32088851928711,-79.8912582397461
1629717650,8594020,55,0,6115,40.35124588012695,-79.86510467529297
1629717648,10935020,Y47,0,6235,40.437110900878906,-80.00189971923828
1629717645,1447020,26,0,6229,40.453948974609375,-80.05960845947266
1629717644,3660020,38,0,6108,40.36542892456055,-80.1083984375
1629717639,6696020,77,0,6362,40.46320724487305,-79.9307632446289
1629717574,11475020,93,0,6241,40.428306579589844,-79.92472839355469
1629717648,1723020,79,0,6361,40.44662857055664,-79.88847351074219
1629717630,3453020,52L,0,6122,40.412174224853516,-79.92041015625
1629717643,13915020,8,0,6001,40.51445388793945,-80.02400207519531
1629717640,5146020,82,0,6364,40.472991943359375,-79.88853454589844
1629717649,4990020,P12,0,6363,40.4404182434082,-79.71300506591797
1629717640,9672020,91,0,6003,40.466453552246094,-79.96456146240234
1629717638,13959020,51,0,6244,40.38551330566406,-79.97859191894531
1629717638,11849020,93,0,6247,40.48340606689453,-79.94750213623047
1629717636,3254020,P68,0,6368,40.405216217041016,-79.82891082763672
1629717645,3194020,55,0,6125,40.35472106933594,-79.9383773803711
1629717628,189020,59,0,6246,40.40629577636719,-79.9117660522461
1629717644,-52510112,87,1,6367,40.44219207763672,-79.99959564208984
1629717643,1281020,28X,0,6360,40.444000244140625,-80.02767944335938
1629717618,6781020,71A,0,6359,40.440406799316406,-79.99481201171875
1629717646,726020,61C,0,6358,40.4382209777832,-79.97759246826172
1629717576,1114020,Y47,0,6237,40.330665588378906,-79.92436218261719
1629717645,3740020,64,0,6118,40.421363830566406,-79.92870330810547
1629717617,6563020,61B,0,6252,40.43990707397461,-79.99443817138672
1629717641,2990020,51,0,6251,40.413997650146484,-79.9883041381836
1629717646,3150020,91,0,6011,40.48884963989258,-79.90117645263672
1629717598,8749020,16,0,6014,40.503868103027344,-80.07485961914062
1629717640,7059020,51L,0,6135,40.435218811035156,-80.00189971923828
1629717631,5799020,56,0,6134,40.405521392822266,-79.94281005859375
1629717645,-558964453,P13,1,6013,40.55772018432617,-80.01667785644531
1629717633,4135020,P68,0,6258,40.434547424316406,-79.78318786621094
1629717636,12564020,14,0,6007,40.591548919677734,-80.2275619506836
1629717641,4582020,54,0,6006,40.460636138916016,-79.94706726074219
1629717619,7841020,61B,0,6127,40.444549560546875,-79.9456558227539
1629717596,1720020,12,0,6009,40.58552169799805,-80.0356216430664
1629717583,14623020,21,0,6021,40.537166595458984,-80.18472290039062
1629717641,8522020,67,0,6262,40.43783187866211,-80.00028991699219
1629717648,2466020,79,0,6265,40.44241714477539,-79.88380432128906
1629717644,7889020,86,0,6144,40.44379806518555,-79.99397277832031
1629717643,6950020,G3,0,6023,40.5039176940918,-80.22480010986328
1629717644,52020,G3,0,6022,40.45240783691406,-80.05176544189453
1629717621,2042020,29,0,6025,40.439273834228516,-80.19196319580078
1629717637,-819057517,71D,1,6146,40.4434928894043,-79.95610809326172
1629717644,3745020,P17,0,6267,40.46176528930664,-79.9073715209961
1629717645,4707020,P78,0,6266,40.476707458496094,-79.8472671508789
1629717627,552020,P71,0,6269,40.454410552978516,-79.94281768798828
1629717622,9021020,P78,0,6148,40.44486999511719,-79.99069213867188
1629717642,10903020,75,0,6147,40.441890716552734,-79.95828247070312
1629717647,13571020,87,0,6268,40.482810974121094,-79.94866180419922
1629717640,8484020,87,0,6140,40.478302001953125,-79.95558166503906
1629717648,2904020,P69,0,6261,40.39126205444336,-79.7659912109375
1629717644,9939020,41,0,6018,40.43228530883789,-80.0038070678711
1629717642,3607020,64,0,6139,40.41333770751953,-79.90701293945312
1629717606,12213020,48,0,6017,40.420921325683594,-80.00582885742188
1629717637,11462020,75,0,6138,40.4901123046875,-79.86994171142578
1629717619,12420020,86,0,6259,40.44975662231445,-79.89163208007812
1629717644,507020,87,0,6153,40.47329330444336,-79.93085479736328
1629717647,13278020,P67,0,6274,40.443687438964844,-79.99354553222656
1629717627,3456020,87,0,6152,40.46360397338867,-79.95321655273438
1629717632,13365020,56,0,6034,40.439640045166016,-80.00200653076172
1629717627,4377020,64,0,6155,40.465755462646484,-79.9520492553711
1629717618,3288020,P69,0,7002,40.4470100402832,-79.8888168334961
1629717620,5217020,71C,0,7001,40.450008392333984,-79.89176177978516
1629717614,917020,93,0,6033,40.45668411254883,-79.9549560546875
1629717637,13033020,P16,0,6275,40.43977737426758,-79.873046875
1629717641,11100020,53L,0,6036,40.414039611816406,-79.92308807373047
1629717646,7344020,82,0,6156,40.464141845703125,-79.9009780883789
1629717648,10978020,87,0,6159,40.45867919921875,-79.97149658203125
1629717647,11824020,77,0,6158,40.45567321777344,-79.96624755859375
1629717621,583020,75,0,6272,40.48786163330078,-79.88729095458984
1629717629,11086020,67,0,6271,40.45349884033203,-79.75109100341797
1629717633,4117020,51,0,6029,40.400997161865234,-79.9892349243164
1629717622,3979020,P10,0,6046,40.49661636352539,-79.86637878417969
1629717624,9247020,P16,0,6049,40.48643112182617,-79.80584716796875
1629717610,6650020,89,0,6048,40.46060562133789,-79.92778778076172
1629717610,13178020,P67,0,6160,40.429447174072266,-79.79179382324219
1629717644,12813020,11,0,1701,40.4515495300293,-80.00111389160156
1629717644,5160020,4,0,1709,40.442535400390625,-79.99976348876953
1629717629,2814020,11,0,1707,40.45228958129883,-80.00135803222656
1629717601,1128020,11,0,1704,40.44601821899414,-79.98908996582031
1629717627,3412020,7,0,1702,40.453277587890625,-80.00167083740234
1629717649,7039020,86,0,6056,40.458683013916016,-79.90809631347656
1629717646,14001020,71D,0,6059,40.438690185546875,-79.98827362060547
1629717645,12142020,71C,0,6051,40.44319534301758,-79.9564208984375
1629717602,12618020,4,0,1710,40.500648498535156,-80.02244567871094
1629717641,12739020,44,0,1719,40.44350051879883,-79.99584197998047
1629717620,12600020,40,0,1716,40.42415237426758,-80.00581359863281
1629717629,14566020,43,0,1714,40.4306526184082,-80.00118255615234
1629717638,12062020,44,0,1720,40.41347122192383,-79.98175811767578
1629717634,13443020,44,0,1727,40.41992950439453,-80.00144958496094
1629717637,11563020,44,0,1726,40.39556121826172,-79.96839904785156
1629717633,7468020,16,0,5907,40.483890533447266,-80.0356216430664
1629717620,6849020,16,0,5908,40.449684143066406,-80.00106811523438
1629717613,12957020,91,0,5901,40.49147033691406,-79.86589050292969
1629717644,9619020,15,0,5902,40.454566955566406,-80.0020980834961
1629717633,9903020,54,0,5903,40.454280853271484,-79.996337890625
1629717647,99020,48,0,5917,40.44160079956055,-79.99832153320312
1629717634,2226020,31,0,5911,40.40706253051758,-80.08370971679688
1629717638,703020,26,0,5914,40.449989318847656,-80.04500579833984
1629717628,5366020,59,0,5927,40.36448669433594,-79.84722137451172
1629717648,2391020,12,0,5807,40.54235076904297,-80.01229858398438
1629717639,2556020,14,0,5804,40.447479248046875,-80.01972198486328
1629718143,11315020,51,0,5816,40.438941955566406,-79.99939727783203
1629718136,14459020,27,0,5811,40.451473236083984,-80.06915283203125
1629718130,183020,13,0,5707,40.51776123046875,-80.03636932373047
1629718072,2832020,22,0,5708,40.43819808959961,-80.01274871826172
1629718121,13089020,O12,0,3403,40.54859924316406,-80.0369644165039
1629718136,12694020,58,0,5940,40.420570373535156,-79.93988037109375
1629718143,6768020,82,0,5942,40.44441604614258,-79.97869110107422
1629718134,13494020,17,0,5701,40.50190353393555,-80.02213287353516
1629718103,9460020,6,0,5702,40.44700622558594,-79.99987030029297
1629718126,10797020,71B,0,5823,40.437461853027344,-79.98056030273438
1629718117,1524020,71D,0,5944,40.437721252441406,-79.97286987304688
1629718134,4450020,54,0,5703,40.40970993041992,-79.99432373046875
1629718125,13556020,67,0,5945,40.441261291503906,-79.95916748046875
1629718113,11653020,71B,0,3420,40.465633392333984,-79.92292785644531
1629718143,12234020,P2,0,3417,40.44615173339844,-79.88825988769531
1629718132,7774020,28X,0,3416,40.49510192871094,-80.25572204589844
1629718122,6402020,P67,0,3415,40.445838928222656,-79.84419250488281
1629718136,628020,P1,0,3414,40.460018157958984,-79.96266174316406
1629718142,12362020,P1,0,3411,40.41511917114258,-79.87950897216797
1629718120,9698020,71C,0,3410,40.45429992675781,-79.94395446777344
1629718130,1795020,71C,0,5715,40.438072204589844,-79.9776611328125
1629718127,3575020,P2,0,3419,40.44538497924805,-79.88740539550781
1629718112,7154020,P12,0,3418,40.439090728759766,-79.87672424316406
1629718137,9474020,61D,0,3306,40.44096755981445,-79.99642944335938
1629718135,2150020,61C,0,3305,40.438011169433594,-79.9231948852539
1629718103,7322020,71D,0,3424,40.444549560546875,-79.88449096679688
1629718139,6062020,71B,0,3423,40.44857406616211,-79.93364715576172
1629718132,10024020,P1,0,3421,40.41483688354492,-79.87879943847656
1629718143,1717020,2,0,5605,40.542850494384766,-79.97232818603516
1629718131,11284020,61A,0,3309,40.43965148925781,-79.89790344238281
1629718125,4435020,P7,0,3308,40.352195739746094,-79.85662078857422
1629718143,7125020,71C,0,3321,40.45689392089844,-79.93525695800781
1629718121,8164020,P1,0,3320,40.44121170043945,-79.99552917480469
1629718142,3750020,P76,0,3317,40.39215087890625,-79.83544158935547
1629718136,10717020,P76,0,3315,40.44218826293945,-79.99501037597656
1629718134,8176020,P3,0,3314,40.41541290283203,-79.8805923461914
1629718111,11482020,61A,0,3313,40.44395065307617,-79.95060729980469
1629718129,14142020,24,0,5611,40.45402526855469,-80.17161560058594
1629718141,11358020,8,0,5732,40.51752853393555,-80.03693389892578
1629718114,1469020,71D,0,3319,40.45478439331055,-79.91154479980469
1629718133,125020,P1,0,3332,40.458290100097656,-79.91378784179688
1629718109,910020,28X,0,3331,40.4478645324707,-80.16357421875
1629718124,1111020,71D,0,3330,40.4443244934082,-79.88573455810547
1629718120,10983020,P10,0,3208,40.5928840637207,-79.7708969116211
1629718139,8289020,61C,0,3207,40.441654205322266,-79.958740234375
1629718125,14313020,P1,0,3328,40.455448150634766,-79.93425750732422
1629718117,1979020,61D,0,3206,40.444522857666016,-79.9422836303711
1629718130,7470020,71B,0,3327,40.44038009643555,-79.99465942382812
1629718099,1738020,71A,0,3326,40.454158782958984,-79.94444274902344
1629718136,8589020,61D,0,3204,40.41107177734375,-79.90668487548828
1629718141,805020,71B,0,3325,40.469688415527344,-79.9210205078125
1629718137,6706020,61A,0,3202,40.42094421386719,-79.88572692871094
1629718129,8267020,71A,0,3323,40.47343063354492,-79.92543029785156
1629718136,5296020,P1,0,3221,40.41791534423828,-79.88485717773438
1629718142,6777020,88,0,3220,40.443641662597656,-79.99494934082031
1629718115,1168020,24,0,6609,40.44380569458008,-80.02723693847656
1629718140,11794020,P12,0,3219,40.46757507324219,-79.70620727539062
1629718137,2511020,71C,0,3218,40.44186019897461,-79.99879455566406
1629718139,4934020,P10,0,3338,40.54016876220703,-79.83544921875
1629718137,8342020,86,0,3334,40.45941162109375,-79.9447250366211
1629718125,8381020,88,0,3213,40.45415115356445,-79.91222381591797
1629718120,12990020,71B,0,3212,40.444820404052734,-79.95423889160156
1629718116,9714020,17,0,6603,40.454925537109375,-80.01488494873047
1629718091,1696020,12,0,6602,40.55686950683594,-80.01884460449219
1629718129,9142020,31,0,5635,40.38726043701172,-80.09159851074219
1629718118,9171020,16,0,6605,40.46213150024414,-80.0194091796875
1629718128,10915020,12,0,6604,40.58544921875,-80.0357666015625
1629718140,4026020,91,0,6607,40.4645881652832,-79.96587371826172
1629718109,1761020,14,0,6606,40.44826126098633,-80.01789093017578
1629717965,729020,P7,0,6620,40.431827545166016,-79.884521484375
1629718125,5396020,O12,0,3231,40.44232177734375,-80.004150390625
1629718134,10745020,61C,0,6619,40.438053131103516,-79.9230728149414
1629718139,14290020,O12,0,3227,40.586669921875,-80.03022003173828
1629718114,7206020,71A,0,3226,40.479042053222656,-79.91899108886719
1629718136,4078020,P78,0,3225,40.48481750488281,-79.83740234375
1629717892,7693020,20,0,6611,40.46724319458008,-80.09774017333984
1629718136,6153020,20,0,6614,40.46101379394531,-80.04959869384766
1629718138,4703020,51,0,6616,40.42178726196289,-79.97917175292969
1629718115,10689020,38,0,6615,40.392852783203125,-80.06299591064453
1629718134,4204020,83,0,6618,40.44173812866211,-80.0025634765625
1629718127,1159020,55,0,6617,40.34260177612305,-79.91278076171875
1629718137,4362020,51,0,5660,40.44179916381836,-79.99964141845703
1629718123,12703020,61A,0,6630,40.413658142089844,-79.85372161865234
1629718143,1280020,15,0,6511,40.45454406738281,-80.0114517211914
1629718128,106020,Y46,0,6631,40.282005310058594,-79.88191223144531
1629718136,5278020,P10,0,3240,40.45580291748047,-79.91045379638672
1629718131,13655020,91,0,6509,40.46515655517578,-79.9654769897461
1629718113,3318020,G2,0,3238,40.44337844848633,-80.02597045898438
1629718132,3662020,G2,0,3234,40.40574264526367,-80.09053039550781
1629718135,9160020,51L,0,6623,40.386329650878906,-79.97991180419922
1629718136,4368020,91,0,6502,40.49685287475586,-79.89087677001953
1629718138,12604020,1,0,6501,40.51955032348633,-79.85245513916016
1629718114,9976020,Y49,0,5655,40.42251968383789,-80.00616455078125
1629718130,3107020,P3,0,6625,40.440330505371094,-79.9603271484375
1629718141,4491020,13,0,6503,40.460636138916016,-80.02743530273438
1629718123,2882020,Y49,0,6624,40.330684661865234,-79.92442321777344
1629718142,8724020,52L,0,6627,40.36447525024414,-79.85914611816406
1629718091,7124020,54,0,6506,40.42095947265625,-80.00563049316406
1629718134,1973020,59,0,6626,40.40610885620117,-79.85829162597656
1629718142,402020,O5,0,6505,40.52267074584961,-79.99073791503906
1629718126,3049020,61C,0,6629,40.372928619384766,-79.84687042236328
1629718139,9279020,83,0,6628,40.44658660888672,-79.96041870117188
1629718118,9008020,71C,0,5670,40.45864486694336,-79.91912078857422
1629718113,13663020,39,0,6520,40.44521713256836,-79.99024963378906
1629718141,8723020,71A,0,6641,40.47419738769531,-79.92505645751953
1629718111,739020,P68,0,6640,40.44168472290039,-79.99761199951172
1629718134,5928020,67,0,6642,40.44609069824219,-79.8502426147461
1629718106,5293020,P3,0,3255,40.45244216918945,-79.8978042602539
1629718140,4854020,61B,0,3253,40.413299560546875,-79.88361358642578
1629718136,7052020,61C,0,3252,40.43720626831055,-79.97539520263672
1629718134,1066020,61D,0,3251,40.437591552734375,-79.97223663330078
1629718127,13213020,P76,0,3250,40.32340621948242,-79.83377838134766
1629718122,1505020,P3,0,3248,40.45272445678711,-79.94975280761719
1629718132,4831020,53L,0,6634,40.35818099975586,-79.9090805053711
1629718138,2353020,51,0,6633,40.41782760620117,-79.98638916015625
1629718119,11804020,6,0,6512,40.466922760009766,-79.99425506591797
1629718141,5626020,24,0,6515,40.445438385009766,-80.15084838867188
1629718140,868020,82,0,6636,40.461788177490234,-79.92704772949219
1629718138,3413020,81,0,6635,40.44285583496094,-79.981689453125
1629718114,4989020,20,0,6517,40.50395965576172,-80.1401596069336
1629718134,5637020,P10,0,6637,40.44122314453125,-80.00544738769531
1629718118,2508020,29,0,6519,40.443115234375,-80.2115478515625
1629718121,2753020,26,0,6518,40.44184112548828,-80.06884765625
1629718134,13428020,75,0,6650,40.44771194458008,-79.94757080078125
1629718109,3711020,67,0,6652,40.42851257324219,-79.79829406738281
1629718143,7603020,93,0,6531,40.434268951416016,-79.95267486572266
1629718141,14609020,59,0,6530,40.36212158203125,-79.8572998046875
1629718137,2937020,69,0,6651,40.396541595458984,-79.80950164794922
1629718135,7383020,19L,0,6412,40.503475189208984,-80.07408905029297
1629718119,3406020,28X,0,6654,40.44606399536133,-79.95170593261719
1629718108,6234020,61B,0,6533,40.44104766845703,-79.99665069580078
1629718143,13199020,61B,0,6532,40.43803024291992,-79.91559600830078
1629718118,6744020,71C,0,6653,40.450809478759766,-79.90619659423828
1629718143,12942020,P78,0,3260,40.54036331176758,-79.83118438720703
1629718133,13387020,71A,0,3258,40.45652770996094,-79.93650817871094
1629718135,1758020,61C,0,3257,40.40882110595703,-79.90691375732422
1629718105,8144020,12,0,6402,40.448665618896484,-80.00064849853516
1629718137,7404020,77,0,6644,40.47518539428711,-79.75843048095703
1629718122,11111020,G31,0,6523,40.450904846191406,-80.03697967529297
1629718128,8177020,54,0,6405,40.452022552490234,-80.0064468383789
1629718140,3595020,54,0,6404,40.40886688232422,-79.99149322509766
1629718142,5777020,61A,0,6525,40.438140869140625,-79.99437713623047
1629718122,13665020,71A,0,6646,40.44276809692383,-79.95706939697266
1629718134,12096020,61C,0,6528,40.351985931396484,-79.86097717285156
1629718134,13210020,8,0,6406,40.44403839111328,-80.00061798095703
1629718138,12375020,P7,0,6527,40.38412094116211,-79.86038970947266
1629718117,3290020,18,0,6408,40.447879791259766,-80.02069854736328
1629718131,7323020,53L,0,6529,40.36066436767578,-79.90767669677734
1629718139,9120020,Y46,0,6540,40.33108901977539,-79.94559478759766
1629718142,9758020,67,0,6542,40.44401168823242,-79.92546081542969
1629718136,3222020,36,0,6420,40.40619659423828,-80.03580474853516
1629718128,5494020,1,0,6302,40.54623794555664,-79.77043914794922
1629718142,13032020,69,0,6544,40.44987487792969,-79.89154052734375
1629718131,10538020,2,0,6301,40.494327545166016,-79.95677947998047
1629718131,6522020,29,0,6422,40.44280242919922,-80.03226470947266
1629718126,8033020,1,0,6414,40.45388412475586,-79.99809265136719
1629718135,13104020,59,0,6535,40.41059875488281,-79.86830139160156
1629718132,10242020,14,0,6413,40.5448112487793,-80.18699645996094
1629718120,13892020,56,0,6534,40.3609504699707,-79.90766906738281
1629718129,11059020,21,0,6416,40.47245788574219,-80.06172943115234
1629718087,1259020,Y46,0,6537,40.39567947387695,-79.9996337890625
1629718106,7049020,41,0,6415,40.349159240722656,-80.10465240478516
1629718140,9964020,60,0,6538,40.319740295410156,-79.83516693115234
1629718114,991020,G2,0,6419,40.448158264160156,-80.06364440917969
1629718136,4042020,74,0,6551,40.46491241455078,-79.89471435546875
1629718117,7703020,2,0,6311,40.444427490234375,-80.00080108642578
1629718129,6215020,71D,0,6553,40.45383834838867,-79.8940658569336
1629718141,7037020,54,0,6310,40.45225524902344,-79.95084381103516
1629718139,112020,74,0,6552,40.4464111328125,-79.91401672363281
1629718132,13897020,64,0,6434,40.45096206665039,-79.92637634277344
1629718140,12761020,8,0,6313,40.51661682128906,-80.03662109375
1629718071,11156020,P68,0,6555,40.42905807495117,-79.7490234375
1629718018,6767020,2,0,6312,40.525150299072266,-80.00897979736328
1629718141,14601020,57,0,6433,40.412269592285156,-79.90267944335938
1629718133,-1912009237,15,1,6304,40.47742462158203,-79.99990844726562
1629718117,3298020,28X,0,6546,40.437538146972656,-79.99964904785156
1629718130,11500020,27,0,6424,40.45170974731445,-80.06726837158203
1629718134,1525020,17,0,6306,40.496368408203125,-80.02020263671875
1629718140,5246020,77,0,6548,40.47804641723633,-79.76042175292969
1629718121,6362020,G3,0,6427,40.44189453125,-80.00193786621094
1629718095,8903020,38,0,6426,40.368309020996094,-80.11111450195312
1629718139,231020,82,0,6547,40.44292068481445,-79.98153686523438
1629718143,7999020,83,0,6429,40.449676513671875,-79.95736694335938
1629718116,5847020,57,0,6428,40.43539810180664,-79.97847747802734
1629718131,7013020,P68,0,6549,40.426910400390625,-79.7957534790039
1629718136,3549020,36,0,6320,40.33817672729492,-80.05731201171875
1629718130,12802020,61A,0,6441,40.440338134765625,-79.99462127685547
1629718119,896020,Y49,0,6440,40.34931945800781,-79.9477310180664
1629718094,8262020,81,0,6443,40.43181228637695,-79.97666931152344
1629718130,8016020,48,0,6321,40.428810119628906,-79.98394012451172
1629718142,445020,2,0,6203,40.52204895019531,-80.00554656982422
1629718142,5667020,21,0,6324,40.43901443481445,-80.01583862304688
1629718138,5444020,61A,0,6445,40.443580627441406,-79.95199584960938
1629718139,9214020,24,0,6323,40.470245361328125,-80.07049560546875
1629718117,10819020,91,0,6202,40.443153381347656,-79.99688720703125
1629718125,2614020,91,0,6315,40.490028381347656,-79.87128448486328
1629718142,12409020,1,0,6314,40.49543380737305,-79.93789672851562
1629718117,4274020,51,0,6438,40.43451690673828,-80.00236511230469
1629718140,9661020,51,0,6439,40.34238815307617,-79.96534729003906
1629718136,56020,P10,0,6450,40.47283935546875,-79.90843200683594
1629718105,8304020,21,0,6331,40.50387191772461,-80.22476196289062
1629718141,14289020,P71,0,6452,40.45948028564453,-79.92257690429688
1629718120,10482020,61D,0,6333,40.41132354736328,-79.90898895263672
1629718130,6450020,39,0,6332,40.43265151977539,-80.00359344482422
1629718126,2630020,74,0,6453,40.46097946166992,-79.92754364013672
1629718115,5735020,61D,0,6335,40.40755081176758,-79.91401672363281
1629718030,5993020,67,0,6456,40.44453811645508,-79.84498596191406
1629718124,6541020,41,0,6326,40.35786056518555,-80.11077880859375
1629718139,442020,51,0,6447,40.386878967285156,-79.98191833496094
1629718127,7784020,13,0,6204,40.44270706176758,-80.00428009033203
1629718092,11864020,29,0,6325,40.4437141418457,-79.99505615234375
1629718143,7537020,Y45,0,6446,40.330039978027344,-79.98771667480469
1629718116,11759020,56,0,6448,40.35495376586914,-79.83500671386719
1629718120,10433020,8,0,6206,40.48900604248047,-80.01788330078125
1629718114,12181020,15,0,6209,40.44615936279297,-79.98866271972656
1629718140,9934020,14,0,6208,40.56755828857422,-80.2112045288086
1629718143,11349020,29,0,6221,40.44501495361328,-80.150146484375
1629718143,6269020,88,0,6463,40.460655212402344,-79.92268371582031
1629718138,1679020,61D,0,6341,40.435874938964844,-79.96495056152344
1629718111,10005020,67,0,6462,40.43656539916992,-79.7831039428711
1629718140,5764020,39,0,6223,40.3961296081543,-80.02339935302734
1629718125,9056020,91,0,6102,40.494544982910156,-79.93206024169922
1629718142,2479020,61B,0,6343,40.43799591064453,-79.91382598876953
1629718122,6057020,31,0,6225,40.44340133666992,-79.9962387084961
1629718118,8501020,91,0,6104,40.48037338256836,-79.95448303222656
1629718129,8434020,Y1,0,6346,40.43109893798828,-80.00192260742188
1629718139,2080020,65,0,6337,40.435279846191406,-79.98560333251953
1629718114,10598020,69,0,6457,40.39326095581055,-79.8078842163086
1629718115,10754020,38,0,6218,40.42030334472656,-80.04631805419922
1629718125,3746020,56,0,6339,40.34666442871094,-79.82976531982422
1629718139,1146020,41,0,6217,40.411224365234375,-80.01258850097656
1629718142,7189020,61B,0,6338,40.413726806640625,-79.85330200195312
1629718143,4537020,P16,0,6459,40.44609832763672,-79.85063934326172
1629718110,1097020,G31,0,6219,40.43547439575195,-80.06764221191406
1629718134,4226020,51L,0,6351,40.4215202331543,-80.00384521484375
1629718142,3737020,52L,0,6353,40.37163162231445,-79.84477996826172
1629718140,14325020,59,0,6111,40.351505279541016,-79.8649673461914
1629718138,8026020,G31,0,6231,40.35974884033203,-80.11167907714844
1629718125,12759020,53L,0,6113,40.40873336791992,-79.91583251953125
1629718139,4417020,61A,0,6355,40.420257568359375,-79.88467407226562
1629718134,7625020,55,0,6112,40.35009002685547,-79.87354278564453
1629718143,8594020,55,0,6115,40.3472785949707,-79.88128662109375
1629718129,10935020,Y47,0,6235,40.44181823730469,-79.998779296875
1629718125,3660020,38,0,6108,40.38283157348633,-80.08328247070312
1629718094,6696020,77,0,6362,40.458797454833984,-79.90859985351562
1629718130,11475020,93,0,6241,40.434593200683594,-79.9486083984375
1629718120,1723020,79,0,6361,40.44983673095703,-79.891357421875
1629718128,3453020,52L,0,6122,40.436241149902344,-79.97205352783203
1629718127,13915020,8,0,6001,40.486942291259766,-80.01628875732422
1629718135,5146020,82,0,6364,40.457611083984375,-79.91761779785156
1629718132,4990020,P12,0,6363,40.46622085571289,-79.70591735839844
1629718124,9672020,91,0,6003,40.488441467285156,-79.93714141845703
1629718135,6385020,P16,0,6366,40.4894905090332,-79.77870178222656
1629718115,13959020,51,0,6244,40.38072204589844,-79.97628021240234
1629718133,11849020,93,0,6247,40.47589874267578,-79.95764923095703
1629718134,3254020,P68,0,6368,40.40578079223633,-79.8455810546875
1629718116,3194020,55,0,6125,40.34318161010742,-79.91934967041016
1629718112,189020,59,0,6246,40.39777374267578,-79.8808822631836
1629718121,-52510112,87,1,6367,40.44818878173828,-79.9869384765625
1629718124,1281020,28X,0,6360,40.42610168457031,-80.07279968261719
1629718124,5004020,71A,0,6359,40.43965148925781,-79.99651336669922
1629718127,726020,61C,0,6358,40.440670013427734,-79.99568176269531
1629718127,1114020,Y47,0,6237,40.34468460083008,-79.9485092163086
1629718143,3740020,64,0,6118,40.43789291381836,-79.9229507446289
1629718128,6563020,61B,0,6252,40.43586349487305,-79.96810913085938
1629718113,2990020,51,0,6251,40.38583755493164,-79.97887420654297
1629718130,3150020,91,0,6011,40.49531173706055,-79.88912963867188
1629718141,8749020,16,0,6014,40.492713928222656,-80.04979705810547
1629718139,5799020,56,0,6134,40.43574523925781,-79.97160339355469
1629718120,-558964453,P13,1,6013,40.55203628540039,-79.9723892211914
1629718130,4135020,P68,0,6258,40.43172836303711,-79.79118347167969
1629717636,12564020,14,0,6007,40.591548919677734,-80.2275619506836
1629718130,4582020,54,0,6006,40.461700439453125,-79.96578216552734
1629718108,7841020,61B,0,6127,40.441734313964844,-79.95856475830078
1629718054,1720020,12,0,6009,40.585933685302734,-80.03062438964844
1629718129,2103020,21,0,6021,40.52169418334961,-80.17485809326172
1629718142,8522020,67,0,6262,40.44108963012695,-79.95762634277344
1629718139,2466020,79,0,6265,40.45484924316406,-79.87068939208984
1629718138,7889020,86,0,6144,40.46183776855469,-79.96430206298828
1629718140,14689020,G3,0,6023,40.50391387939453,-80.22557830810547
1629718133,52020,G3,0,6022,40.4238166809082,-80.10820007324219
1629718137,2042020,29,0,6025,40.42640686035156,-80.18820190429688
1629718136,-819057517,71D,1,6146,40.43833541870117,-79.98011016845703
1629718126,3745020,P17,0,6267,40.456417083740234,-79.93305969238281
1629718139,4707020,P78,0,6266,40.51862335205078,-79.84303283691406
1629718122,552020,P71,0,6269,40.440834045410156,-79.89034271240234
1629718140,9021020,P78,0,6148,40.458133697509766,-79.91326141357422
1629718139,10903020,75,0,6147,40.45178985595703,-79.9394302368164
1629718140,3523020,87,0,6268,40.47999954223633,-79.9547119140625
1629718111,8484020,87,0,6140,40.48282241821289,-79.94817352294922
1629718138,2904020,P69,0,6261,40.39585876464844,-79.80648040771484
1629718137,9939020,41,0,6018,40.4072380065918,-80.01829528808594
1629718135,3607020,64,0,6139,40.41115188598633,-79.90579223632812
1629718141,4053020,48,0,6017,40.420921325683594,-80.00582885742188
1629718140,5003020,69,0,6259,40.44055938720703,-79.8782730102539
1629718140,11462020,75,0,6138,40.490116119384766,-79.86991119384766
1629718138,507020,87,0,6153,40.462425231933594,-79.9442367553711
1629718121,13278020,P67,0,6274,40.43976593017578,-79.99649047851562
1629718141,5046020,59,0,6031,40.404212951660156,-79.82518005371094
1629718124,3456020,87,0,6152,40.4666748046875,-79.92874908447266
1629718135,13365020,56,0,6034,40.43368911743164,-79.96446990966797
1629718116,4377020,64,0,6155,40.46744155883789,-79.96354675292969
1629718138,3288020,P69,0,7002,40.459503173828125,-79.96566009521484
1629718113,14675020,71C,0,7001,40.45001983642578,-79.89178466796875
1629718141,917020,93,0,6033,40.476627349853516,-79.95726013183594
1629718132,13033020,P16,0,6275,40.44734573364258,-79.88912963867188
1629718137,11100020,53L,0,6036,40.43626403808594,-79.97265625
1629718103,7344020,82,0,6156,40.472984313964844,-79.88861846923828
1629718125,8911020,87,0,6159,40.443138122558594,-80.00021362304688
1629718120,11689020,77,0,6158,40.44024658203125,-79.99439239501953
1629718131,583020,75,0,6272,40.49070358276367,-79.9112777709961
1629718120,11086020,67,0,6271,40.45349884033203,-79.75109100341797
1629718141,4117020,51,0,6029,40.421443939208984,-79.98451232910156
1629718137,3203020,83,0,6042,40.429771423339844,-79.97750091552734
1629718116,9247020,P16,0,6049,40.45980453491211,-79.83391571044922
1629718137,6650020,89,0,6048,40.46064758300781,-79.92765045166016
1629718133,13178020,P67,0,6160,40.429447174072266,-79.79179382324219
1629718129,8752020,11,0,1701,40.44595718383789,-79.98921966552734
1629718133,5160020,4,0,1709,40.45441818237305,-79.99542236328125
1629718128,2814020,11,0,1707,40.461490631103516,-80.00538635253906
1629718128,1128020,11,0,1704,40.44601821899414,-79.98908996582031
1629718084,6714020,7,0,1702,40.4431266784668,-79.99808502197266
1629718111,7039020,86,0,6056,40.44475555419922,-79.88546752929688
1629718123,3915020,71D,0,6059,40.440120697021484,-79.99884033203125
1629718128,12142020,71C,0,6051,40.45591735839844,-79.93855285644531
1629718119,91020,4,0,1710,40.500648498535156,-80.0224380493164
1629718141,12939020,40,0,1719,40.446048736572266,-79.9891128540039
1629718130,12600020,40,0,1716,40.43791580200195,-80.00227355957031
1629718123,14566020,43,0,1714,40.44041061401367,-80.00057220458984
1629718143,12062020,44,0,1720,40.41999816894531,-79.99793243408203
1629718118,13443020,44,0,1727,40.41032409667969,-79.9903564453125
1629718138,11563020,44,0,1726,40.38492965698242,-79.94869232177734
1629718133,7468020,16,0,5907,40.50368118286133,-80.07437133789062
1629718119,11015020,16,0,5908,40.44260025024414,-80.00444030761719
1629718141,12957020,91,0,5901,40.487098693847656,-79.89469146728516
1629718120,9619020,15,0,5902,40.44294738769531,-79.99800109863281
1629718135,9903020,54,0,5903,40.452022552490234,-80.0064468383789
1629718132,1394020,48,0,5917,40.43056869506836,-80.00048828125
1629718106,2226020,31,0,5911,40.427730560302734,-80.0539779663086
1629718130,703020,26,0,5914,40.44202423095703,-80.02253723144531
1629718133,5366020,59,0,5927,40.380062103271484,-79.86348724365234
1629718126,2391020,12,0,5807,40.54970932006836,-80.01824951171875
1629718118,11420020,17,0,5809,40.456085205078125,-80.01577758789062
1629718124,2556020,14,0,5804,40.473331451416016,-80.0386734008789
1629718582,11315020,51,0,5816,40.42868423461914,-79.98886108398438
1629718584,14459020,27,0,5811,40.44773864746094,-80.08174896240234
1629718572,2523020,59,0,5815,40.33628845214844,-79.94587707519531
1629718582,183020,13,0,5707,40.50883865356445,-80.04657745361328
1629718592,2832020,22,0,5708,40.44272994995117,-80.00433349609375
1629718588,13089020,O12,0,3403,40.58544921875,-80.03778839111328
1629718573,12694020,58,0,5940,40.42552947998047,-79.9426040649414
1629718572,6768020,82,0,5942,40.43967056274414,-79.99754333496094
1629718555,13494020,17,0,5701,40.50110626220703,-80.02139282226562
1629718588,9460020,6,0,5702,40.46067810058594,-79.99381256103516
1629718593,10797020,71B,0,5823,40.442203521728516,-79.95779418945312
1629718596,1524020,71D,0,5944,40.44599533081055,-79.95260620117188
1629718596,4450020,54,0,5703,40.42381286621094,-79.97766876220703
1629718600,13556020,67,0,5945,40.43888854980469,-79.99370574951172
1629718591,3410020,O1,0,3407,40.50799560546875,-80.02960968017578
1629718565,11653020,71B,0,3420,40.451438903808594,-79.92513275146484
1629718589,12234020,P2,0,3417,40.45347595214844,-79.93981170654297
1629718601,11068020,28X,0,3416,40.49637222290039,-80.25888061523438
1629718581,6402020,P67,0,3415,40.439510345458984,-79.87468719482422
1629718597,5034020,P1,0,3414,40.44168472290039,-79.99761199951172
1629718561,12362020,P1,0,3411,40.41511917114258,-79.87950897216797
1629718582,9698020,71C,0,3410,40.441463470458984,-79.95890808105469
1629718601,1795020,71C,0,5715,40.44602966308594,-79.95256042480469
1629718591,3465020,P2,0,3419,40.445247650146484,-79.88776397705078
1629718598,7154020,P12,0,3418,40.456016540527344,-79.93357849121094
1629718519,9949020,61D,0,3306,40.439605712890625,-79.99653625488281
1629718590,2150020,61C,0,3305,40.42259979248047,-79.9288101196289
1629718600,7322020,71D,0,3424,40.4566535949707,-79.90648651123047
1629718526,6062020,71B,0,3423,40.44452667236328,-79.95465850830078
1629718593,5633020,P1,0,3421,40.414756774902344,-79.87882995605469
1629718588,1717020,2,0,5605,40.56726837158203,-80.00614166259766
1629718586,11284020,61A,0,3309,40.43806076049805,-79.92710876464844
1629718591,4435020,P7,0,3308,40.373199462890625,-79.84683990478516
1629718591,7125020,71C,0,3321,40.44758987426758,-79.94934844970703
1629718582,8164020,P1,0,3320,40.45527267456055,-79.94430541992188
1629718593,7458020,61D,0,3318,40.41100311279297,-79.90640258789062
1629718596,3750020,P76,0,3317,40.424659729003906,-79.85926818847656
1629718574,8176020,P3,0,3314,40.452999114990234,-79.89920043945312
1629718601,11482020,61A,0,3313,40.4375114440918,-79.97212982177734
1629718553,14142020,24,0,5611,40.45162582397461,-80.13609313964844
1629718563,5540020,8,0,5732,40.51754379272461,-80.03689575195312
1629718585,1469020,71D,0,3319,40.44988250732422,-79.92950439453125
1629718573,125020,P1,0,3332,40.459075927734375,-79.96746826171875
1629718594,910020,28X,0,3331,40.420352935791016,-80.0807876586914
1629718582,1111020,71D,0,3330,40.449363708496094,-79.89132690429688
1629718595,10983020,P10,0,3208,40.5413703918457,-79.77825164794922
1629718593,8289020,61C,0,3207,40.43822479248047,-79.97772216796875
1629718573,14313020,P1,0,3328,40.43037033081055,-79.88452911376953
1629718517,1979020,61D,0,3206,40.44453048706055,-79.95465087890625
1629718552,7470020,71B,0,3327,40.44224166870117,-80.00059509277344
1629718551,1738020,71A,0,3326,40.44405746459961,-79.95532989501953
1629718600,8589020,61D,0,3204,40.404457092285156,-79.92052459716797
1629718599,3818020,71B,0,3325,40.47909164428711,-79.91901397705078
1629718592,6706020,61A,0,3202,40.440948486328125,-79.8822021484375
1629718591,8267020,71A,0,3323,40.45684814453125,-79.9354019165039
1629718574,13795020,P3,0,3201,40.415008544921875,-79.87924194335938
1629718580,5296020,P1,0,3221,40.453121185302734,-79.89946746826172
1629718574,-1558850228,88,1,3220,40.44354248046875,-79.99539184570312
1629718596,1168020,24,0,6609,40.465797424316406,-80.06428527832031
1629718594,4507020,P12,0,3219,40.45087432861328,-79.71358489990234
1629718566,13146020,71C,0,3218,40.440364837646484,-79.99569702148438
1629718543,4934020,P10,0,3338,40.522769927978516,-79.85249328613281
1629718591,8342020,86,0,3334,40.460941314697266,-79.96817016601562
1629718600,8381020,88,0,3213,40.46344757080078,-79.93038940429688
1629718597,12990020,71B,0,3212,40.43819046020508,-79.97685241699219
1629718599,9714020,17,0,6603,40.449947357177734,-80.0011215209961
1629718599,1696020,12,0,6602,40.5335693359375,-80.0110855102539
1629718591,9142020,31,0,5635,40.359378814697266,-80.11184692382812
1629718596,9171020,16,0,6605,40.48421859741211,-80.03572845458984
1629718578,10915020,12,0,6604,40.569820404052734,-80.01629638671875
1629718596,4026020,91,0,6607,40.48158645629883,-79.95348358154297
1629718592,1761020,14,0,6606,40.447750091552734,-80.01776123046875
1629718579,729020,P7,0,6620,40.458885192871094,-79.9254150390625
1629718565,3945020,O12,0,3231,40.44223403930664,-79.99520111083984
1629718577,10745020,61C,0,6619,40.44389343261719,-79.93878936767578
1629718595,14290020,O12,0,3227,40.57147216796875,-80.02359771728516
1629718595,4078020,P78,0,3225,40.458160400390625,-79.85550689697266
1629718482,8601020,20,0,6611,40.47938919067383,-80.10397338867188
1629718598,6153020,20,0,6614,40.44090270996094,-80.00413513183594
1629718587,4703020,51,0,6616,40.43062973022461,-80.00064849853516
1629718587,10689020,38,0,6615,40.38676834106445,-80.04374694824219
1629718522,11431020,83,0,6618,40.44245910644531,-79.99578857421875
1629718596,1159020,55,0,6617,40.35329818725586,-79.93962860107422
1629718596,3513020,51,0,5660,40.42859649658203,-79.99308776855469
1629718598,7194020,61B,0,6630,40.40850067138672,-79.85765838623047
1629718582,1280020,15,0,6511,40.47080993652344,-80.0096206665039
1629718590,106020,Y46,0,6631,40.28874588012695,-79.89653015136719
1629718598,5278020,P10,0,3240,40.45624923706055,-79.97232055664062
1629718600,13655020,91,0,6509,40.449466705322266,-79.98490142822266
1629718586,3318020,G2,0,3238,40.43638610839844,-80.06755828857422
1629718593,3662020,G2,0,3234,40.405433654785156,-80.09076690673828
1629718579,9160020,51L,0,6623,40.408119201660156,-79.99140930175781
1629718599,4368020,91,0,6502,40.487125396728516,-79.89414978027344
1629718583,12604020,1,0,6501,40.54077911376953,-79.81635284423828
1629718575,9976020,Y49,0,5655,40.43867874145508,-80.00175476074219
1629718581,3107020,P3,0,6625,40.452293395996094,-79.94962310791016
1629718598,4491020,13,0,6503,40.45612716674805,-80.00284576416016
1629718549,2882020,Y49,0,6624,40.341243743896484,-79.94535827636719
1629718577,8724020,52L,0,6627,40.371665954589844,-79.84449768066406
1629718561,14572020,54,0,6506,40.42095947265625,-80.00563049316406
1629718578,1973020,59,0,6626,40.415435791015625,-79.84795379638672
1629718587,402020,O5,0,6505,40.49725341796875,-80.01361846923828
1629718591,3049020,61C,0,6629,40.401615142822266,-79.88072967529297
1629718602,9279020,83,0,6628,40.44086837768555,-79.96827697753906
1629718601,9008020,71C,0,5670,40.442657470703125,-79.88742065429688
1629718573,13663020,39,0,6520,40.44521713256836,-79.99024963378906
1629718574,8723020,71A,0,6641,40.47941589355469,-79.92157745361328
1629718593,739020,P68,0,6640,40.45512390136719,-79.94403076171875
1629718596,-131915616,P10,1,6643,40.642234802246094,-79.71050262451172
1629718600,5928020,67,0,6642,40.4430046081543,-79.87982940673828
1629718575,5293020,P3,0,3255,40.41476058959961,-79.87879180908203
1629718581,4854020,61B,0,3253,40.43235778808594,-79.8936996459961
1629718598,7052020,61C,0,3252,40.444278717041016,-79.94927215576172
1629718595,1066020,61D,0,3251,40.440223693847656,-79.99439239501953
1629718558,13213020,P76,0,3250,40.32344055175781,-79.83377838134766
1629718582,1505020,P3,0,3248,40.44318389892578,-79.9565200805664
1629718588,12692020,P76,0,3245,40.322021484375,-79.82593536376953
1629718585,4831020,53L,0,6634,40.38292694091797,-79.90451049804688
1629718590,2353020,51,0,6633,40.386837005615234,-79.98238372802734
1629718601,11804020,6,0,6512,40.45379638671875,-79.99899291992188
1629718598,5626020,24,0,6515,40.451934814453125,-80.16106414794922
1629718597,868020,82,0,6636,40.46354675292969,-79.90328216552734
1629718589,3413020,81,0,6635,40.44056701660156,-79.969970703125
1629718596,4989020,20,0,6517,40.488075256347656,-80.11878204345703
1629718589,2508020,29,0,6519,40.449649810791016,-80.17613220214844
1629718592,2753020,26,0,6518,40.453914642333984,-80.0595703125
1629718587,13428020,75,0,6650,40.4390869140625,-79.96214294433594
1629718578,3711020,67,0,6652,40.42851257324219,-79.79829406738281
1629718579,7603020,93,0,6531,40.430057525634766,-79.92344665527344
1629718598,14609020,59,0,6530,40.36286163330078,-79.84368896484375
1629718575,2937020,69,0,6651,40.40097427368164,-79.83448028564453
1629718594,7383020,19L,0,6412,40.49078369140625,-80.04838562011719
1629718574,3406020,28X,0,6654,40.438114166259766,-79.97583770751953
1629718552,396020,61B,0,6533,40.44027328491211,-79.99593353271484
1629718574,13199020,61B,0,6532,40.44350814819336,-79.9383773803711
1629718573,6744020,71C,0,6653,40.46263885498047,-79.92814636230469
1629718583,12942020,P78,0,3260,40.53809356689453,-79.83349609375
1629718590,13387020,71A,0,3258,40.44712829589844,-79.9491958618164
1629718593,1758020,61C,0,3257,40.42356491088867,-79.92852783203125
1629718577,8144020,12,0,6402,40.476871490478516,-80.00679016113281
1629718594,7404020,77,0,6644,40.45399856567383,-79.7603530883789
1629718598,11111020,G31,0,6523,40.44233703613281,-80.00025939941406
1629718595,8177020,54,0,6405,40.45219039916992,-80.00765228271484
1629718601,3595020,54,0,6404,40.40886688232422,-79.99149322509766
1629718594,5777020,61A,0,6525,40.436241149902344,-79.96431732177734
1629718589,13665020,71A,0,6646,40.45524215698242,-79.9407730102539
1629718576,12096020,61C,0,6528,40.35063171386719,-79.8674087524414
1629718600,13210020,8,0,6406,40.45557403564453,-80.00616455078125
1629718589,12375020,P7,0,6527,40.351932525634766,-79.86180114746094
1629718592,3290020,18,0,6408,40.45418167114258,-80.02559661865234
1629718574,7323020,53L,0,6529,40.34495162963867,-79.93843841552734
1629718591,9120020,Y46,0,6540,40.29216003417969,-79.91007995605469
1629718574,9758020,67,0,6542,40.44609832763672,-79.95172119140625
1629718568,5415020,36,0,6420,40.43986511230469,-80.00611114501953
1629718560,5494020,1,0,6302,40.54080581665039,-79.81666564941406
1629718586,13032020,69,0,6544,40.44987869262695,-79.89155578613281
1629718572,10538020,2,0,6301,40.47810363769531,-79.9698715209961
1629718599,6522020,29,0,6422,40.44159698486328,-80.00308227539062
1629718593,8033020,1,0,6414,40.47577667236328,-79.96986389160156
1629718572,13104020,59,0,6535,40.41831588745117,-79.88818359375
1629718594,10242020,14,0,6413,40.52652359008789,-80.15909576416016
1629718600,13892020,56,0,6534,40.386680603027344,-79.9326171875
1629718596,11059020,21,0,6416,40.50257873535156,-80.10191345214844
1629718590,1259020,Y46,0,6537,40.42982864379883,-80.00470733642578
1629718602,7049020,41,0,6415,40.349159240722656,-80.10465240478516
1629718601,5485020,60,0,6538,40.3302116394043,-79.84246826171875
1629718593,991020,G2,0,6419,40.441341400146484,-80.00498962402344
1629718601,4042020,74,0,6551,40.471961975097656,-79.89754486083984
1629718540,7703020,2,0,6311,40.45589065551758,-79.99169921875
1629718579,7037020,54,0,6310,40.44182205200195,-79.95844268798828
1629718598,112020,74,0,6552,40.430789947509766,-79.91785430908203
1629718597,13897020,64,0,6434,40.43523025512695,-79.92284393310547
1629718561,12761020,8,0,6313,40.517539978027344,-80.0368881225586
1629718598,1162020,P68,0,6555,40.42911911010742,-79.7490463256836
1629718178,6767020,2,0,6312,40.525150299072266,-80.00897979736328
1629718549,14601020,57,0,6433,40.41110610961914,-79.90640258789062
1629718592,-1912009237,15,1,6304,40.461578369140625,-80.01764678955078
1629718583,3298020,28X,0,6546,40.43856430053711,-79.96111297607422
1629718599,11500020,27,0,6424,40.442317962646484,-80.03361511230469
1629718579,1525020,17,0,6306,40.489559173583984,-80.04322814941406
1629718592,5246020,77,0,6548,40.486942291259766,-79.8040542602539
1629718575,2952020,G3,0,6427,40.442501068115234,-79.99480438232422
1629718601,3618020,38,0,6426,40.365474700927734,-80.1080322265625
1629718593,231020,82,0,6547,40.448848724365234,-79.96495819091797
1629718599,7999020,83,0,6429,40.452388763427734,-79.96852111816406
1629718591,7401020,57,0,6428,40.4401969909668,-80.00347137451172
1629718590,7013020,P68,0,6549,40.4333381652832,-79.78336334228516
1629718597,3549020,36,0,6320,40.33818435668945,-80.05731201171875
1629718586,8231020,61A,0,6441,40.440120697021484,-79.99884033203125
1629718570,896020,Y49,0,6440,40.34370422363281,-79.9384765625
1629718592,8262020,81,0,6443,40.43181228637695,-79.97666931152344
1629718601,8016020,48,0,6321,40.433135986328125,-80.00328063964844
1629718571,445020,2,0,6203,40.54975128173828,-80.02105712890625
1629718590,5667020,21,0,6324,40.44261169433594,-80.0042953491211
1629718581,5444020,61A,0,6445,40.438011169433594,-79.91694641113281
1629718601,9214020,24,0,6323,40.4612922668457,-80.050048828125
1629718584,10819020,91,0,6202,40.46056365966797,-79.9697265625
1629718555,12596020,91,0,6315,40.4900016784668,-79.87130737304688
1629718509,12409020,1,0,6314,40.493404388427734,-79.94823455810547
1629718580,4274020,51,0,6438,40.441219329833984,-80.00177001953125
1629718599,12609020,O5,0,6316,40.58387756347656,-79.9992446899414
1629718588,9661020,51,0,6439,40.367679595947266,-79.97826385498047
1629718525,56020,P10,0,6450,40.494388580322266,-79.90501403808594
1629718561,8304020,21,0,6331,40.50387191772461,-80.22476196289062
1629718597,13910020,27,0,6330,40.44129180908203,-80.06851196289062
1629718598,6450020,39,0,6332,40.442806243896484,-79.99849700927734
1629718587,14371020,89,0,6453,40.45866012573242,-79.91914367675781
1629718596,5735020,61D,0,6335,40.4337043762207,-79.92296600341797
1629718030,5993020,67,0,6456,40.44453811645508,-79.84498596191406
1629718593,6541020,41,0,6326,40.376983642578125,-80.09284210205078
1629718594,442020,51,0,6447,40.40904235839844,-79.990966796875
1629718586,7784020,13,0,6204,40.4559211730957,-80.00434875488281
1629718563,11864020,29,0,6325,40.43962860107422,-80.010009765625
1629718595,7537020,Y45,0,6446,40.3453254699707,-80.00685119628906
1629718584,11759020,56,0,6448,40.34576416015625,-79.86382293701172
1629718600,10433020,8,0,6206,40.509422302246094,-80.0284652709961
1629718575,12181020,15,0,6209,40.44615936279297,-79.98866271972656
1629718595,9934020,14,0,6208,40.59257507324219,-80.22831726074219
1629718601,11349020,29,0,6221,40.45206832885742,-80.17267608642578
1629718601,6269020,88,0,6463,40.45707321166992,-79.91136932373047
1629718585,1679020,61D,0,6341,40.44451904296875,-79.94674682617188
1629718579,10005020,67,0,6462,40.431419372558594,-79.79438781738281
1629718589,5764020,39,0,6223,40.389156341552734,-80.00764465332031
1629718598,9056020,91,0,6102,40.48285675048828,-79.95122528076172
1629718591,2479020,61B,0,6343,40.426963806152344,-79.89111328125
1629718557,6057020,31,0,6225,40.439857482910156,-80.00956726074219
1629718598,8501020,91,0,6104,40.469486236572266,-79.9613037109375
1629718569,8434020,Y1,0,6346,40.439212799072266,-80.00138854980469
1629718598,2080020,65,0,6337,40.4400520324707,-79.99653625488281
1629718543,8772020,8,0,6216,40.51708221435547,-80.03575134277344
1629718579,10598020,69,0,6457,40.397850036621094,-79.7695083618164
1629718556,3746020,56,0,6339,40.34666442871094,-79.82976531982422
1629718590,1146020,41,0,6217,40.430999755859375,-80.00215148925781
1629718564,10022020,61A,0,6338,40.4150390625,-79.85469055175781
1629718584,4537020,P16,0,6459,40.444129943847656,-79.88320922851562
1629718598,1097020,G31,0,6219,40.39748764038086,-80.08830261230469
1629718587,4226020,51L,0,6351,40.436790466308594,-80.00111389160156
1629718591,3737020,52L,0,6353,40.371280670166016,-79.84616088867188
1629718571,14325020,59,0,6111,40.371856689453125,-79.84376525878906
1629718584,8026020,G31,0,6231,40.38652420043945,-80.09233856201172
1629718601,12759020,53L,0,6113,40.40633010864258,-79.91983795166016
1629718594,4417020,61A,0,6355,40.401893615722656,-79.86113739013672
1629718571,7625020,55,0,6112,40.35297775268555,-79.84144592285156
1629718597,8594020,55,0,6115,40.3281364440918,-79.89250946044922
1629718578,8549020,Y47,0,6235,40.42836380004883,-80.00492858886719
1629718588,3660020,38,0,6108,40.391239166259766,-80.07251739501953
1629718592,6696020,77,0,6362,40.455257415771484,-79.87977600097656
1629718575,11475020,93,0,6241,40.437618255615234,-79.9650650024414
1629718563,9333020,79,0,6361,40.449825286865234,-79.89134216308594
1629718587,3453020,52L,0,6122,40.439212799072266,-80.0040054321289
1629718594,13915020,8,0,6001,40.4627685546875,-80.0135726928711
1629718563,5146020,82,0,6364,40.457244873046875,-79.9341049194336
1629718597,4990020,P12,0,6363,40.46757507324219,-79.70620727539062
1629718583,6715020,51,0,6124,40.38483810424805,-79.97811889648438
1629718599,9672020,91,0,6003,40.48974609375,-79.90438842773438
1629718599,6385020,P16,0,6366,40.484580993652344,-79.81871795654297
1629718597,13959020,51,0,6244,40.38072204589844,-79.97628021240234
1629718592,11849020,93,0,6247,40.46369552612305,-79.95291137695312
1629718574,3254020,P68,0,6368,40.41324996948242,-79.85527038574219
1629718600,3194020,55,0,6125,40.34701919555664,-79.93791198730469
1629718583,189020,59,0,6246,40.382381439208984,-79.86980438232422
1629718593,-52510112,87,1,6367,40.464515686035156,-79.95216369628906
1629718594,1281020,28X,0,6360,40.44333267211914,-80.1613540649414
1629718597,5004020,71A,0,6359,40.43766784667969,-79.98521423339844
1629718595,3971020,61C,0,6358,40.4395866394043,-79.99661254882812
1629718581,1114020,Y47,0,6237,40.336631774902344,-79.97132110595703
1629718597,3740020,64,0,6118,40.451961517333984,-79.92391204833984
1629718586,6563020,61B,0,6252,40.444488525390625,-79.94740295410156
1629718596,2990020,51,0,6251,40.363800048828125,-79.98412322998047
1629718549,3150020,91,0,6011,40.49457550048828,-79.88587188720703
1629718564,8749020,16,0,6014,40.480037689208984,-80.03135681152344
1629718599,5799020,56,0,6134,40.43769073486328,-79.99990844726562
1629718600,-558964453,P13,1,6013,40.510623931884766,-79.95680236816406
1629718588,4135020,P68,0,6258,40.414798736572266,-79.8158187866211
1629718591,4582020,54,0,6006,40.45040512084961,-79.98351287841797
1629718590,7841020,61B,0,6127,40.43860626220703,-79.98637390136719
1629718576,1720020,12,0,6009,40.585933685302734,-80.03062438964844
1629718593,2103020,21,0,6021,40.51375961303711,-80.13805389404297
1629718600,8522020,67,0,6262,40.44532012939453,-79.93474578857422
1629718589,7889020,86,0,6144,40.45912170410156,-79.94430541992188
1629718543,14689020,G3,0,6023,40.453060150146484,-80.17828369140625
1629718584,7846020,P17,0,6265,40.46690368652344,-79.87324523925781
1629718579,52020,G3,0,6022,40.48508071899414,-80.19522857666016
1629718534,2042020,29,0,6025,40.42640686035156,-80.18820190429688
1629718599,-819057517,71D,1,6146,40.439910888671875,-79.99420166015625
1629718585,3745020,P17,0,6267,40.44382858276367,-79.99390411376953
1629718591,4707020,P78,0,6266,40.54090118408203,-79.83137512207031
1629718549,552020,P71,0,6269,40.42676544189453,-79.89019012451172
1629718599,9021020,P78,0,6148,40.4458122253418,-79.87214660644531
1629718573,10903020,75,0,6147,40.46061706542969,-79.91566467285156
1629718599,3523020,87,0,6268,40.47178649902344,-79.92699432373047
1629718572,8484020,87,0,6140,40.48282241821289,-79.94817352294922
1629718586,2904020,P69,0,6261,40.401248931884766,-79.83504486083984
1629718580,9939020,41,0,6018,40.39112091064453,-80.03927612304688
1629718571,8155020,64,0,6139,40.411136627197266,-79.90630340576172
1629718572,4053020,48,0,6017,40.421077728271484,-80.00546264648438
1629718593,5003020,69,0,6259,40.42100143432617,-79.85222625732422
1629718601,11462020,75,0,6138,40.48713302612305,-79.8948974609375
1629718576,507020,87,0,6153,40.46171188354492,-79.96591186523438
1629718551,5046020,59,0,6031,40.39970397949219,-79.83727264404297
1629718583,3456020,87,0,6152,40.48785400390625,-79.9246597290039
1629718601,13365020,56,0,6034,40.40443420410156,-79.9425048828125
1629718599,1676020,64,0,6155,40.467498779296875,-79.96359252929688
1629718598,3288020,P69,0,7002,40.43942642211914,-79.99688720703125
1629718594,14675020,71C,0,7001,40.44280242919922,-79.88688659667969
1629718591,917020,93,0,6033,40.48283386230469,-79.94816589355469
1629718557,13033020,P16,0,6275,40.456504821777344,-79.94628143310547
1629718601,6350020,P71,0,6154,40.41753005981445,-79.88163757324219
1629718600,11100020,53L,0,6036,40.438453674316406,-80.00193786621094
1629718587,7344020,82,0,6156,40.472984313964844,-79.88861846923828
1629718594,8911020,87,0,6159,40.44684982299805,-79.98920440673828
1629718596,11689020,77,0,6158,40.442100524902344,-80.00112915039062
1629718593,583020,75,0,6272,40.47325897216797,-79.9307632446289
1629718582,11086020,67,0,6271,40.45349884033203,-79.75109100341797
1629718595,4117020,51,0,6029,40.428646087646484,-79.99452209472656
1629718596,11943020,53L,0,6043,40.362491607666016,-79.92922973632812
1629718583,3203020,83,0,6042,40.44026184082031,-79.9587631225586
1629718581,9247020,P16,0,6049,40.44186019897461,-79.8692398071289
1629718601,9582020,74,0,6048,40.45833206176758,-79.91866302490234
1629718594,13178020,P67,0,6160,40.429447174072266,-79.79179382324219
1629718590,8752020,11,0,1701,40.44595718383789,-79.98921966552734
1629718595,5160020,4,0,1709,40.468929290771484,-79.97891998291016
1629718595,2814020,11,0,1707,40.467689514160156,-80.01360321044922
1629718596,6154020,11,0,1704,40.44615936279297,-79.98866271972656
1629718587,6714020,7,0,1702,40.451629638671875,-80.00106811523438
1629718572,7039020,86,0,6056,40.44994354248047,-79.8918228149414
1629718574,3915020,71D,0,6059,40.43777084350586,-79.98716735839844
1629718601,12142020,71C,0,6051,40.45820617675781,-79.91848754882812
1629718593,91020,4,0,1710,40.496028900146484,-80.0076675415039
1629718601,12939020,40,0,1719,40.445735931396484,-79.98954010009766
1629718602,12600020,40,0,1716,40.44451904296875,-79.9911880493164
1629718576,6221020,43,0,1714,40.43219757080078,-80.00385284423828
1629718577,12062020,44,0,1720,40.43120193481445,-80.00211334228516
1629718583,13443020,44,0,1727,40.39640426635742,-79.97308349609375
1629718598,11308020,44,0,1726,40.38603591918945,-79.96460723876953
1629718596,5770020,44,0,1724,40.4438591003418,-79.99452209472656
1629718576,7468020,16,0,5907,40.503849029541016,-80.07471466064453
1629718580,11015020,16,0,5908,40.4556884765625,-80.00518798828125
1629718598,7584020,16,0,5909,40.4987907409668,-80.06238555908203
1629718594,12957020,91,0,5901,40.49460983276367,-79.93921661376953
1629718600,9619020,15,0,5902,40.44538497924805,-79.99004364013672
1629718599,9903020,54,0,5903,40.452022552490234,-80.0064468383789
1629718595,1394020,48,0,5917,40.4276237487793,-79.96900177001953
1629718549,2226020,31,0,5911,40.44293975830078,-80.02962493896484
1629718580,722020,26,0,5914,40.439910888671875,-80.00960540771484
1629718583,12358020,93,0,5926,40.40657424926758,-79.92791748046875
1629718569,5366020,59,0,5927,40.382625579833984,-79.87255096435547
1629718575,2391020,12,0,5807,40.559932708740234,-80.02377319335938
1629718593,11420020,17,0,5809,40.4697380065918,-80.02671813964844
1629718597,2556020,14,0,5804,40.51045608520508,-80.09674835205078
1629719086,11315020,51,0,5816,40.413333892822266,-79.98876953125
1629719089,14459020,27,0,5811,40.440773010253906,-80.0688247680664
1629719071,2523020,59,0,5815,40.344703674316406,-79.94854736328125
1629719081,183020,13,0,5707,40.486698150634766,-80.04418182373047
1629719065,147020,22,0,5708,40.46018981933594,-80.04818725585938
1629719079,13089020,O12,0,3403,40.58544921875,-80.03778839111328
1629719069,12694020,58,0,5940,40.43632888793945,-79.9964828491211
1629719090,2457020,82,0,5942,40.44118118286133,-79.99530792236328
1629719078,13494020,17,0,5701,40.501304626464844,-80.02144622802734
1629719086,9460020,6,0,5702,40.47999572753906,-80.00177001953125
1629719087,10797020,71B,0,5823,40.452457427978516,-79.9242935180664
1629719088,1524020,71D,0,5944,40.45302963256836,-79.919677734375
1629719085,4450020,54,0,5703,40.437007904052734,-79.9706802368164
1629719088,6547020,67,0,5945,40.44069290161133,-80.00426483154297
1629719078,3410020,O1,0,3407,40.45081329345703,-79.99789428710938
1629719074,11653020,71B,0,3420,40.44705581665039,-79.94881439208984
1629719087,6404020,P2,0,3417,40.44329833984375,-79.99295806884766
1629719089,11068020,28X,0,3416,40.481754302978516,-80.26083374023438
1629719088,6402020,P67,0,3415,40.45948028564453,-79.92290496826172
1629719077,5034020,P1,0,3414,40.4573974609375,-79.95193481445312
1629719073,9596020,P1,0,3411,40.415008544921875,-79.87924194335938
1629719069,9698020,71C,0,3410,40.438880920410156,-79.99264526367188
1629719074,1795020,71C,0,5715,40.457130432128906,-79.93447875976562
1629719081,3465020,P2,0,3419,40.4468879699707,-79.8886489868164
1629719071,7154020,P12,0,3418,40.44388961791992,-79.99220275878906
1629719076,9949020,61D,0,3306,40.43795394897461,-79.99160766601562
1629719087,2150020,61C,0,3305,40.40632629394531,-79.91172790527344
1629719056,7322020,71D,0,3424,40.45060729980469,-79.9272689819336
1629719088,6062020,71B,0,3423,40.43907165527344,-79.9946517944336
1629719075,5633020,P1,0,3421,40.41535568237305,-79.88047790527344
1629719080,1717020,2,0,5605,40.54554748535156,-80.01980590820312
1629719074,11284020,61A,0,3309,40.4444465637207,-79.94857788085938
1629719065,4435020,P7,0,3308,40.398345947265625,-79.87635040283203
1629719088,7125020,71C,0,3321,40.441680908203125,-79.95862579345703
1629719084,8164020,P1,0,3320,40.437618255615234,-79.88581085205078
1629719084,7458020,61D,0,3318,40.410133361816406,-79.9094009399414
1629719087,3750020,P76,0,3317,40.45541000366211,-79.90516662597656
1629719086,8176020,P3,0,3314,40.45094680786133,-79.94901275634766
1629719090,11482020,61A,0,3313,40.44076919555664,-79.99554443359375
1629719084,14142020,24,0,5611,40.47029113769531,-80.11306762695312
1629719084,5540020,8,0,5732,40.5176887512207,-80.03109741210938
1629719026,4445020,51L,0,5614,40.38689422607422,-79.98193359375
1629719061,1469020,71D,0,3319,40.443790435791016,-79.95570373535156
1629719075,910020,28X,0,3331,40.451988220214844,-80.04720306396484
1629719088,14130020,71D,0,3330,40.449432373046875,-79.8841781616211
1629719084,10983020,P10,0,3208,40.539512634277344,-79.8352279663086
1629719089,8289020,61C,0,3207,40.44146728515625,-79.99779510498047
1629719075,14313020,P1,0,3328,40.41474914550781,-79.87886810302734
1629719089,1979020,61D,0,3206,40.43840408325195,-79.98162841796875
1629719059,1318020,71B,0,3327,40.43974685668945,-79.99629211425781
1629719074,1738020,71A,0,3326,40.438446044921875,-79.9825439453125
1629719085,8589020,61D,0,3204,40.41917037963867,-79.92697143554688
1629719073,3818020,71B,0,3325,40.47523880004883,-79.91858673095703
1629719063,6706020,61A,0,3202,40.43954849243164,-79.89954376220703
1629719086,8267020,71A,0,3323,40.45132827758789,-79.9516830444336
1629719088,13795020,P3,0,3201,40.41944122314453,-79.8863754272461
1629719061,5296020,P1,0,3221,40.459110260009766,-79.96737670898438
1629719038,-1558850228,88,1,3220,40.460479736328125,-79.9696273803711
1629719082,1168020,24,0,6609,40.47499465942383,-80.09552001953125
1629719089,4507020,P12,0,3219,40.4399299621582,-79.74163818359375
1629719085,13146020,71C,0,3218,40.437503814697266,-79.98151397705078
1629719062,4934020,P10,0,3338,40.48406982421875,-79.90802001953125
1629719090,8342020,86,0,3334,40.446048736572266,-79.99771118164062
1629719069,8381020,88,0,3213,40.46530532836914,-79.95726776123047
1629719083,12990020,71B,0,3212,40.44108581542969,-79.99675750732422
1629719085,9953020,17,0,6603,40.442543029785156,-80.00457763671875
1629719082,1526020,31,0,5634,40.36542510986328,-80.10812377929688
1629719087,1696020,12,0,6602,40.48244857788086,-80.00607299804688
1629719061,9171020,16,0,6605,40.49774169921875,-80.05994415283203
1629719083,10915020,12,0,6604,40.55010986328125,-80.01731872558594
1629719087,4026020,91,0,6607,40.49469757080078,-79.92327117919922
1629718996,1761020,14,0,6606,40.447750091552734,-80.01776123046875
1629719088,729020,P7,0,6620,40.44364929199219,-79.9935073852539
1629719082,3945020,O12,0,3231,40.52748107910156,-80.00618743896484
1629719089,10745020,61C,0,6619,40.443115234375,-79.95661163330078
1629719081,14290020,O12,0,3227,40.524009704589844,-80.00550842285156
1629719078,4078020,P78,0,3225,40.44354248046875,-79.88145446777344
1629719088,10685020,P1,0,3224,40.459877014160156,-79.9180679321289
1629719090,8601020,20,0,6611,40.50218963623047,-80.12191772460938
1629719056,6824020,20,0,6614,40.44356918334961,-80.02655029296875
1629719062,4703020,51,0,6616,40.438480377197266,-80.00189208984375
1629718753,10689020,38,0,6615,40.382301330566406,-80.04348754882812
1629719078,11431020,83,0,6618,40.45051574707031,-79.97284698486328
1629719088,3513020,51,0,5660,40.418304443359375,-79.98625946044922
1629719058,7194020,61B,0,6630,40.41426086425781,-79.88353729248047
1629719088,1280020,15,0,6511,40.48337173461914,-80.00382232666016
1629719085,106020,Y46,0,6631,40.29233169555664,-79.9153823852539
1629719066,5278020,P10,0,3240,40.441558837890625,-80.00519561767578
1629719077,3318020,G2,0,3238,40.405513763427734,-80.09070587158203
1629719013,335020,G2,0,3234,40.405521392822266,-80.0907974243164
1629719027,9160020,51L,0,6623,40.4216423034668,-79.99714660644531
1629719087,4368020,91,0,6502,40.49543762207031,-79.93790435791016
1629719065,12604020,1,0,6501,40.55537414550781,-79.77114868164062
1629719068,3916020,Y49,0,5655,40.44023132324219,-79.99861145019531
1629719067,3107020,P3,0,6625,40.4556999206543,-79.90583801269531
1629719085,4690020,13,0,6503,40.4423942565918,-80.00020599365234
1629719085,2882020,Y49,0,6624,40.3647346496582,-79.96463775634766
1629719068,8724020,52L,0,6627,40.371665954589844,-79.84449768066406
1629719079,14572020,54,0,6506,40.42044448852539,-79.99736022949219
1629719078,1973020,59,0,6626,40.405025482177734,-79.82637023925781
1629719022,3049020,61C,0,6629,40.406105041503906,-79.91217041015625
1629719026,9279020,83,0,6628,40.43092346191406,-79.97384643554688
1629719062,9008020,71C,0,5670,40.44997787475586,-79.89180755615234
1629719073,13663020,39,0,6520,40.438148498535156,-79.9999771118164
1629719066,8723020,71A,0,6641,40.47941589355469,-79.92157745361328
1629719082,739020,P68,0,6640,40.443260192871094,-79.88713073730469
1629719083,-131915616,P10,1,6643,40.609291076660156,-79.74308013916016
1629719085,5928020,67,0,6642,40.44895553588867,-79.900634765625
1629719075,5293020,P3,0,3255,40.41476058959961,-79.87879180908203
1629719086,4854020,61B,0,3253,40.43806076049805,-79.9240493774414
1629719070,7052020,61C,0,3252,40.43717956542969,-79.92292785644531
1629719073,11974020,61D,0,3251,40.43968963623047,-79.99646759033203
1629719084,13213020,P76,0,3250,40.32342529296875,-79.83378601074219
1629719063,7702020,P3,0,3248,40.443145751953125,-79.95648193359375
1629719048,12692020,P76,0,3245,40.36198425292969,-79.7853012084961
1629719070,4831020,53L,0,6634,40.403053283691406,-79.90825653076172
1629719024,2353020,51,0,6633,40.38050842285156,-79.9762191772461
1629719090,11804020,6,0,6512,40.443328857421875,-79.99650573730469
1629718721,5626020,24,0,6515,40.4469108581543,-80.16358184814453
1629719086,7146020,79,0,6636,40.46870040893555,-79.8740463256836
1629719089,3413020,81,0,6635,40.43691635131836,-79.96591186523438
1629719006,4989020,20,0,6517,40.46977996826172,-80.09960174560547
1629719075,2508020,29,0,6519,40.4446907043457,-80.14958190917969
1629719082,2753020,26,0,6518,40.45161056518555,-80.05148315429688
1629719086,13428020,75,0,6650,40.426551818847656,-79.96399688720703
1629719046,3711020,67,0,6652,40.42850875854492,-79.79827880859375
1629719074,7603020,93,0,6531,40.40757369995117,-79.94337463378906
1629719037,14609020,59,0,6530,40.34333038330078,-79.86309051513672
1629719043,2937020,69,0,6651,40.43144226074219,-79.86414337158203
1629719077,7383020,19L,0,6412,40.48579025268555,-80.0531997680664
1629719079,3406020,28X,0,6654,40.44282913208008,-79.9968032836914
1629719072,396020,61B,0,6533,40.4376335144043,-79.98529052734375
1629719076,13199020,61B,0,6532,40.443790435791016,-79.95570373535156
1629719062,6744020,71C,0,6653,40.45613479614258,-79.93779754638672
1629719090,5536020,91,0,6411,40.4553337097168,-79.97633361816406
1629719064,12942020,P78,0,3260,40.51620101928711,-79.84333038330078
1629719082,13387020,71A,0,3258,40.43923568725586,-79.96199798583984
1629719086,1758020,61C,0,3257,40.433204650878906,-79.92302703857422
1629719080,8144020,12,0,6402,40.52549743652344,-80.00542449951172
1629719082,7404020,77,0,6644,40.45304489135742,-79.75015258789062
1629719061,8177020,54,0,6405,40.453216552734375,-79.99273681640625
1629719063,7443020,56,0,6526,40.3465576171875,-79.82968139648438
1629719069,3595020,54,0,6404,40.40886688232422,-79.99149322509766
1629719080,5777020,61A,0,6525,40.444454193115234,-79.94837188720703
1629719071,13665020,71A,0,6646,40.472007751464844,-79.92608642578125
1629719072,12096020,61C,0,6528,40.35063171386719,-79.8674087524414
1629719089,4779020,71A,0,6649,40.478755950927734,-79.91912841796875
1629719080,13210020,8,0,6406,40.46860122680664,-80.00972747802734
1629719060,12375020,P7,0,6527,40.350677490234375,-79.8670883178711
1629719077,6984020,18,0,6408,40.45668029785156,-80.02931213378906
1629719062,7323020,53L,0,6529,40.345672607421875,-79.93907928466797
1629719059,9120020,Y46,0,6540,40.286460876464844,-79.89595794677734
1629719042,9758020,67,0,6542,40.437400817871094,-79.97175598144531
1629719078,5415020,36,0,6420,40.43729019165039,-80.01441955566406
1629719090,5494020,1,0,6302,40.49979782104492,-79.85270690917969
1629719074,6497020,69,0,6544,40.449867248535156,-79.89153289794922
1629719030,10538020,2,0,6301,40.45503616333008,-79.9942855834961
1629719077,6522020,29,0,6422,40.44599151611328,-79.9892578125
1629719087,8033020,1,0,6414,40.494300842285156,-79.92999267578125
1629719088,13104020,59,0,6535,40.413265228271484,-79.90729522705078
1629719086,10242020,14,0,6413,40.50503158569336,-80.08511352539062
1629719086,13892020,56,0,6534,40.4145622253418,-79.94597625732422
1629719080,11059020,21,0,6416,40.51473617553711,-80.15300750732422
1629719070,1259020,Y46,0,6537,40.43867874145508,-80.00175476074219
1629718893,7049020,41,0,6415,40.349159240722656,-80.10465240478516
1629719088,5485020,60,0,6538,40.35237121582031,-79.85326385498047
1629719082,991020,G2,0,6419,40.44350051879883,-79.995849609375
1629719070,4042020,74,0,6551,40.459190368652344,-79.91983795166016
1629719088,7703020,2,0,6311,40.485416412353516,-79.97234344482422
1629719072,7037020,54,0,6310,40.42873001098633,-79.98016357421875
1629719086,10219020,74,0,6552,40.43711853027344,-79.91921997070312
1629719064,13897020,64,0,6434,40.41419219970703,-79.92329406738281
1629719033,12761020,8,0,6313,40.51724624633789,-80.03605651855469
1629719087,1162020,P68,0,6555,40.43342971801758,-79.75254821777344
1629719064,6767020,2,0,6312,40.525177001953125,-80.00908660888672
1629719086,4948020,57,0,6433,40.408973693847656,-79.9119644165039
1629719081,-1912009237,15,1,6304,40.44915008544922,-80.0008544921875
1629719050,3298020,28X,0,6546,40.44712829589844,-79.94239044189453
1629719066,10483020,27,0,6424,40.442649841308594,-80.00440979003906
1629719060,14294020,28X,0,6545,40.455867767333984,-79.91069793701172
1629719089,1525020,17,0,6306,40.469879150390625,-80.02601623535156
1629719089,5246020,77,0,6548,40.46691131591797,-79.83705139160156
1629719076,2952020,G3,0,6427,40.44343948364258,-80.02615356445312
1629719067,3618020,38,0,6426,40.383731842041016,-80.08040618896484
1629719089,231020,82,0,6547,40.45541763305664,-79.94019317626953
1629719072,7999020,83,0,6429,40.4405517578125,-79.9892807006836
1629719078,3409020,13,0,6307,40.51696014404297,-80.03865814208984
1629719090,7401020,57,0,6428,40.43581008911133,-79.97264862060547
1629719043,7013020,P68,0,6549,40.42750930786133,-79.75080108642578
1629719089,3549020,36,0,6320,40.33820343017578,-80.05729675292969
1629719058,8231020,61A,0,6441,40.43804168701172,-79.994140625
1629719075,896020,Y49,0,6440,40.3300666809082,-79.92337799072266
1629719074,1263020,81,0,6443,40.428558349609375,-79.97737884521484
1629719070,8016020,48,0,6321,40.44179916381836,-79.99964141845703
1629719036,445020,2,0,6203,40.565101623535156,-79.99590301513672
1629719086,10697020,21,0,6324,40.463623046875,-80.05259704589844
1629719075,5444020,61A,0,6445,40.442134857177734,-79.8855972290039
1629719080,9214020,24,0,6323,40.4403076171875,-80.00444030761719
1629719085,10819020,91,0,6202,40.4727668762207,-79.95883178710938
1629719087,12596020,91,0,6315,40.487403869628906,-79.88369750976562
1629719060,12409020,1,0,6314,40.46078109741211,-79.98332214355469
1629719076,12509020,77,0,6556,40.45137023925781,-79.7559585571289
1629719060,13624020,51,0,6438,40.4357795715332,-80.00152587890625
1629719083,12609020,O5,0,6316,40.56122970581055,-80.01290130615234
1629719086,9661020,51,0,6439,40.395511627197266,-79.9869613647461
1629719057,8304020,21,0,6331,40.50387191772461,-80.22476196289062
1629719085,13910020,27,0,6330,40.44035720825195,-80.06880187988281
1629719088,6450020,39,0,6332,40.44602966308594,-79.98905181884766
1629719088,14371020,89,0,6453,40.47254943847656,-79.93537902832031
1629719084,5735020,61D,0,6335,40.44464111328125,-79.94331359863281
1629719087,5993020,67,0,6456,40.43858337402344,-79.76972198486328
1629719086,6541020,41,0,6326,40.37989807128906,-80.06307220458984
1629719068,442020,51,0,6447,40.42699432373047,-79.98072814941406
1629719060,7784020,13,0,6204,40.46202087402344,-80.03054809570312
1629719086,11864020,29,0,6325,40.441078186035156,-80.04672241210938
1629719089,7537020,Y45,0,6446,40.3778076171875,-79.99378204345703
1629719079,11759020,56,0,6448,40.34680938720703,-79.88069152832031
1629719060,10433020,8,0,6206,40.51659393310547,-80.03860473632812
1629719063,12181020,15,0,6209,40.442378997802734,-80.0041732788086
1629719083,9934020,14,0,6208,40.589168548583984,-80.22856140136719
1629719086,11349020,29,0,6221,40.4517822265625,-80.20537567138672
1629719075,9388020,Y1,0,6342,40.29484558105469,-79.91034698486328
1629719085,1679020,61D,0,6341,40.43376541137695,-79.92295837402344
1629719083,10005020,67,0,6462,40.429073333740234,-79.81551361083984
1629719059,8329020,39,0,6223,40.392303466796875,-80.01080322265625
1629719084,9056020,91,0,6102,40.467872619628906,-79.9633560180664
1629719059,2479020,61B,0,6343,40.410438537597656,-79.8781967163086
1629719075,6057020,31,0,6225,40.43826675415039,-80.035400390625
1629719072,8501020,91,0,6104,40.456878662109375,-79.9756088256836
1629719077,9032020,65,0,6337,40.43851089477539,-80.0020980834961
1629719086,8772020,8,0,6216,40.496437072753906,-80.01998138427734
1629719074,4345020,6,0,6215,40.484500885009766,-80.00511169433594
1629719062,10598020,69,0,6457,40.389442443847656,-79.76683044433594
1629719068,7035020,56,0,6339,40.35390090942383,-79.8343734741211
1629719078,1146020,41,0,6217,40.44062042236328,-80.00045013427734
1629719075,10022020,61A,0,6338,40.40261459350586,-79.86180877685547
1629719046,4537020,P16,0,6459,40.45356369018555,-79.93800354003906
1629719071,1097020,G31,0,6219,40.362548828125,-80.11054229736328
1629719083,3737020,52L,0,6353,40.362030029296875,-79.86888122558594
1629719080,14325020,59,0,6111,40.36220169067383,-79.8554458618164
1629719060,8026020,G31,0,6231,40.40762710571289,-80.08956146240234
1629719065,12759020,53L,0,6113,40.40560531616211,-79.90929412841797
1629719088,4417020,61A,0,6355,40.4149169921875,-79.85478973388672
1629719089,7625020,55,0,6112,40.383766174316406,-79.82858276367188
1629719089,8594020,55,0,6115,40.3058967590332,-79.88465118408203
1629719090,8549020,Y47,0,6235,40.389076232910156,-79.9980239868164
1629719089,3660020,38,0,6108,40.406070709228516,-80.05345916748047
1629719087,6696020,77,0,6362,40.464595794677734,-79.83950805664062
1629719057,11475020,93,0,6241,40.446895599365234,-79.94931030273438
1629719084,1620020,61A,0,6240,40.4250373840332,-79.88583374023438
1629719085,9333020,79,0,6361,40.449832916259766,-79.8913345336914
1629719077,9532020,52L,0,6122,40.43502426147461,-79.9930648803711
1629719086,13915020,8,0,6001,40.460975646972656,-80.00920867919922
1629719084,5146020,82,0,6364,40.448490142822266,-79.9583511352539
1629719088,4990020,P12,0,6363,40.46757507324219,-79.70620727539062
1629719058,6715020,51,0,6124,40.41024398803711,-79.99041748046875
1629719086,9672020,91,0,6003,40.4907112121582,-79.86839294433594
1629719078,6385020,P16,0,6366,40.458621978759766,-79.83406066894531
1629719076,11764020,51,0,6244,40.38077163696289,-79.97628021240234
1629719038,11849020,93,0,6247,40.44717025756836,-79.94911193847656
1629719086,3254020,P68,0,6368,40.439002990722656,-79.87635803222656
1629719089,3194020,55,0,6125,40.3472900390625,-79.95088958740234
1629719070,189020,59,0,6246,40.38270568847656,-79.87245178222656
1629719090,2264020,87,0,6367,40.463321685791016,-79.93077850341797
1629719086,1281020,28X,0,6360,40.46871566772461,-80.2038345336914
1629719086,5004020,71A,0,6359,40.441246032714844,-79.95906829833984
1629719054,3971020,61C,0,6358,40.43785095214844,-79.98905944824219
1629719086,1114020,Y47,0,6237,40.35861587524414,-79.99066925048828
1629719088,3740020,64,0,6118,40.45650863647461,-79.93656921386719
1629719067,6563020,61B,0,6252,40.43800735473633,-79.91793823242188
1629719080,2990020,51,0,6251,40.34300231933594,-79.96407318115234
1629719079,9553020,91,0,6011,40.49457550048828,-79.88587188720703
1629719085,8749020,16,0,6014,40.45420455932617,-80.01319885253906
1629719084,-558964453,P13,1,6013,40.48007583618164,-79.9655990600586
1629719089,14706020,67,0,6137,40.441158294677734,-79.87074279785156
1629719061,4135020,P68,0,6258,40.40528869628906,-79.82840728759766
1629719079,8384020,14,0,6007,40.59157180786133,-80.23004913330078
1629719086,4582020,54,0,6006,40.455543518066406,-80.00630950927734
1629719013,7841020,61B,0,6127,40.44150161743164,-79.99788665771484
1629719077,10102020,12,0,6009,40.586708068847656,-80.03044891357422
1629719061,2103020,21,0,6021,40.50276565551758,-80.101806640625
1629719087,8522020,67,0,6262,40.44860076904297,-79.89956665039062
1629719077,7889020,86,0,6144,40.45913314819336,-79.92777252197266
1629719066,14689020,G3,0,6023,40.42131042480469,-80.08050537109375
1629719080,7846020,P17,0,6265,40.467281341552734,-79.86975860595703
1629719054,6595020,75,0,6264,40.48770523071289,-79.88298034667969
1629719079,52020,G3,0,6022,40.50389862060547,-80.22465515136719
1629719074,3871020,29,0,6025,40.440670013427734,-80.1927719116211
1629719083,-819057517,71D,1,6146,40.4398078918457,-79.99795532226562
1629719077,3745020,P17,0,6267,40.44292449951172,-79.9980239868164
1629719082,4707020,P78,0,6266,40.54090118408203,-79.83137512207031
1629719067,552020,P71,0,6269,40.419559478759766,-79.88507080078125
1629719090,9021020,P78,0,6148,40.46349334716797,-79.8444595336914
1629719078,10903020,75,0,6147,40.479095458984375,-79.9288101196289
1629719079,3523020,87,0,6268,40.46236801147461,-79.9436264038086
1629719064,8484020,87,0,6140,40.48282241821289,-79.94817352294922
1629719048,2904020,P69,0,6261,40.4390983581543,-79.87664794921875
1629719087,9939020,41,0,6018,40.38185501098633,-80.05829620361328
1629719090,8155020,64,0,6139,40.41209030151367,-79.9113540649414
1629719087,4053020,48,0,6017,40.41792678833008,-79.97834777832031
1629719087,5003020,69,0,6259,40.40425109863281,-79.82498931884766
1629719090,11462020,75,0,6138,40.482669830322266,-79.92867279052734
1629719074,2691020,87,0,6153,40.443809509277344,-79.99479675292969
1629719087,5046020,59,0,6031,40.40562057495117,-79.86346435546875
1629719069,3456020,87,0,6152,40.482933044433594,-79.94792938232422
1629719077,13365020,56,0,6034,40.37657928466797,-79.92062377929688
1629719071,1676020,64,0,6155,40.46184158325195,-79.94569396972656
1629719087,14675020,71C,0,7001,40.44710159301758,-79.8950424194336
1629719040,917020,93,0,6033,40.483314514160156,-79.94758605957031
1629719086,13033020,P16,0,6275,40.441471099853516,-80.00232696533203
1629719079,6350020,P71,0,6154,40.42416000366211,-79.897216796875
1629719062,13132020,53L,0,6036,40.43519592285156,-79.99351501464844
1629719082,5198020,82,0,6156,40.46083068847656,-79.91058349609375
1629719077,8911020,87,0,6159,40.46317672729492,-79.95516967773438
1629719045,11689020,77,0,6158,40.45431900024414,-79.97013092041016
1629719088,583020,75,0,6272,40.45981979370117,-79.92071533203125
1629719043,11086020,67,0,6271,40.45349884033203,-79.75109100341797
1629719074,4117020,51,0,6029,40.43721008300781,-80.00223541259766
1629719062,11943020,53L,0,6043,40.34710693359375,-79.94432830810547
1629719087,3203020,83,0,6042,40.442562103271484,-79.95879364013672
1629719069,9247020,P16,0,6049,40.45322036743164,-79.89988708496094
1629719083,9582020,74,0,6048,40.47096252441406,-79.89777374267578
1629719085,13178020,P67,0,6160,40.429447174072266,-79.79179382324219
1629719081,8752020,11,0,1701,40.44595718383789,-79.98921966552734
1629719085,5160020,4,0,1709,40.490150451660156,-79.99212646484375
1629719075,2814020,11,0,1707,40.46061706542969,-80.0094985961914
1629719059,6154020,11,0,1704,40.444488525390625,-79.99124145507812
1629719083,6714020,7,0,1702,40.4613151550293,-79.98766326904297
1629719074,9863020,71C,0,6056,40.44994354248047,-79.8918228149414
1629719075,3915020,71D,0,6059,40.439125061035156,-79.96199035644531
1629719072,12142020,71C,0,6051,40.442848205566406,-79.8879623413086
1629719079,91020,4,0,1710,40.46723937988281,-79.98291778564453
1629719089,12939020,40,0,1719,40.4336051940918,-80.00296783447266
1629719090,6221020,43,0,1714,40.42557144165039,-80.0025634765625
1629719073,12062020,44,0,1720,40.44173812866211,-79.99968719482422
1629719080,13443020,44,0,1727,40.385372161865234,-79.97640228271484
1629719074,11308020,44,0,1726,40.3987922668457,-79.9645767211914
1629719090,5770020,44,0,1724,40.43280792236328,-80.00355529785156
1629719088,14071020,16,0,5907,40.503868103027344,-80.07469940185547
1629719088,11015020,16,0,5908,40.47212600708008,-80.02741241455078
1629719086,7584020,16,0,5909,40.48729705810547,-80.03909301757812
1629719061,12957020,91,0,5901,40.47346878051758,-79.95832061767578
1629719078,423020,6,0,5902,40.44537353515625,-79.98995971679688
1629719064,11417020,54,0,5903,40.45219421386719,-80.00657653808594
1629719090,1394020,48,0,5917,40.41887283325195,-79.98875427246094
1629719072,2226020,31,0,5911,40.443111419677734,-79.99736022949219
1629719088,722020,26,0,5914,40.446529388427734,-80.04409790039062
1629719081,12358020,93,0,5926,40.42177963256836,-79.92880249023438
1629719061,5366020,59,0,5927,40.397762298583984,-79.88082122802734
1629719090,2391020,12,0,5807,40.57217025756836,-80.0224380493164
1629719074,11420020,17,0,5809,40.4819450378418,-80.03434753417969
1629719086,2556020,14,0,5804,40.53910827636719,-80.17925262451172
1629719519,11315020,51,0,5816,40.38490676879883,-79.97816467285156
1629719535,11204020,26,0,5811,40.440773010253906,-80.0688247680664
1629719518,2523020,59,0,5815,40.34989929199219,-79.93022155761719
1629719545,183020,13,0,5707,40.46249008178711,-80.0316390991211
1629719539,147020,22,0,5708,40.47941970825195,-80.07515716552734
1629719540,13089020,O12,0,3403,40.58544921875,-80.03778839111328
1629719532,13380020,58,0,5940,40.43914031982422,-80.00066375732422
1629719535,2457020,82,0,5942,40.44497299194336,-79.97727966308594
1629719526,9236020,17,0,5701,40.5011100769043,-80.02233123779297
1629719540,10797020,71B,0,5823,40.475738525390625,-79.9198226928711
1629719539,1524020,71D,0,5944,40.44674301147461,-79.88349914550781
1629719481,4450020,54,0,5703,40.44395065307617,-79.95540618896484
1629719522,6547020,67,0,5945,40.43577575683594,-79.96208190917969
1629719530,2354020,1,0,5705,40.44410705566406,-80.00064849853516
1629719547,3410020,O1,0,3407,40.442256927490234,-79.99588012695312
1629719546,11653020,71B,0,3420,40.438079833984375,-79.96344757080078
1629719500,6404020,P2,0,3417,40.45396041870117,-79.94170379638672
1629719522,11068020,28X,0,3416,40.45260238647461,-80.17239379882812
1629719537,6402020,P67,0,3415,40.44660949707031,-79.98826599121094
1629719539,5034020,P1,0,3414,40.446407318115234,-79.88848114013672
1629719536,9596020,P1,0,3411,40.4198112487793,-79.88668060302734
1629719472,9698020,71C,0,3410,40.44202423095703,-80.00141906738281
1629719543,1795020,71C,0,5715,40.45622253417969,-79.9156494140625
1629719542,3465020,P2,0,3419,40.4553108215332,-79.94435119628906
1629719543,7154020,P12,0,3418,40.44016647338867,-79.99886322021484
1629719533,9949020,61D,0,3306,40.437232971191406,-79.96285247802734
1629719530,2150020,61C,0,3305,40.389015197753906,-79.86786651611328
1629719526,7322020,71D,0,3424,40.44589614868164,-79.95274353027344
1629719518,6062020,71B,0,3423,40.44157409667969,-80.0025634765625
1629719532,5633020,P1,0,3421,40.45317459106445,-79.89977264404297
1629719525,1717020,2,0,5605,40.53778839111328,-80.01141357421875
1629719540,11284020,61A,0,3309,40.43785858154297,-79.96394348144531
1629719513,4435020,P7,0,3308,40.42072677612305,-79.88716888427734
1629719516,7125020,71C,0,3321,40.43864059448242,-79.98719787597656
1629719535,8164020,P1,0,3320,40.4151496887207,-79.87944030761719
1629719533,7458020,61D,0,3318,40.406768798828125,-79.91956329345703
1629719523,3750020,P76,0,3317,40.45956039428711,-79.9651870727539
1629719514,8176020,P3,0,3314,40.4420280456543,-79.95811462402344
1629719521,4385020,61A,0,3313,40.440338134765625,-79.99932861328125
1629719542,14142020,24,0,5611,40.47184753417969,-80.09187316894531
1629719545,5540020,8,0,5732,40.51224899291992,-80.02696228027344
1629719540,4445020,51L,0,5614,40.413448333740234,-79.98869323730469
1629719545,1469020,71D,0,3319,40.43840408325195,-79.98162841796875
1629719520,910020,28X,0,3331,40.44224166870117,-80.00054931640625
1629719536,14130020,71D,0,3330,40.45492172241211,-79.9113998413086
1629719508,10983020,P10,0,3208,40.53907012939453,-79.84204864501953
1629719522,2692020,61C,0,3207,40.440208435058594,-79.99571990966797
1629719521,590020,P1,0,3328,40.414756774902344,-79.87882995605469
1629719515,1979020,61D,0,3206,40.44211196899414,-79.99942779541016
1629719547,1318020,71B,0,3327,40.43748474121094,-79.9811019897461
1629719529,1738020,71A,0,3326,40.442073822021484,-79.99925994873047
1629719547,8589020,61D,0,3204,40.43428039550781,-79.92288208007812
1629719538,3818020,71B,0,3325,40.457496643066406,-79.9251708984375
1629719532,6706020,61A,0,3202,40.438018798828125,-79.92803955078125
1629719547,8267020,71A,0,3323,40.4434928894043,-79.95610809326172
1629719533,13795020,P3,0,3201,40.457218170166016,-79.91104125976562
1629719530,7042020,P1,0,3221,40.44120788574219,-79.99708557128906
1629719530,-1558850228,88,1,3220,40.46527862548828,-79.94514465332031
1629719437,1168020,24,0,6609,40.46968078613281,-80.10092163085938
1629719498,4507020,P12,0,3219,40.443267822265625,-79.78263854980469
1629719502,7462020,19L,0,6608,40.50754928588867,-80.08126068115234
1629719526,13146020,71C,0,3218,40.43903350830078,-79.96211242675781
1629719519,4934020,P10,0,3338,40.45922088623047,-79.9237060546875
1629719535,1916020,86,0,3334,40.44388961791992,-79.99423217773438
1629719517,8381020,88,0,3213,40.45747375488281,-79.97473907470703
1629719534,4674020,71B,0,3212,40.43962097167969,-79.99662780761719
1629719526,9953020,17,0,6603,40.4561653137207,-80.00316619873047
1629719539,1526020,31,0,5634,40.38669204711914,-80.09319305419922
1629719530,1696020,12,0,6602,40.44968032836914,-80.00099182128906
1629719333,9171020,16,0,6605,40.503814697265625,-80.0745849609375
1629719529,10915020,12,0,6604,40.553890228271484,-80.02169799804688
1629719530,4026020,91,0,6607,40.487060546875,-79.8866958618164
1629719543,1761020,14,0,6606,40.44751739501953,-80.01961517333984
1629719529,3945020,O12,0,3231,40.55216598510742,-80.02335357666016
1629719545,10745020,61C,0,6619,40.438419342041016,-79.98200225830078
1629719540,14290020,O12,0,3227,40.45552444458008,-79.9979019165039
1629719538,13911020,71A,0,3226,40.460018157958984,-79.93279266357422
1629719454,4078020,P78,0,3225,40.45661926269531,-79.9327392578125
1629719541,10685020,P1,0,3224,40.45881652832031,-79.9681396484375
1629719440,8601020,20,0,6611,40.481685638427734,-80.108642578125
1629719524,6824020,20,0,6614,40.465248107910156,-80.0604019165039
1629719538,12291020,51,0,6616,40.43955612182617,-79.99905395507812
1629719544,11431020,83,0,6618,40.449119567871094,-79.95762634277344
1629719534,3513020,51,0,5660,40.3914794921875,-79.98661041259766
1629719547,7194020,61B,0,6630,40.43558883666992,-79.89588165283203
1629719542,13239020,15,0,6511,40.47301483154297,-80.00332641601562
1629719532,106020,Y46,0,6631,40.335514068603516,-79.94639587402344
1629719530,3318020,G2,0,3238,40.40544891357422,-80.09074401855469
1629719524,9160020,51L,0,6623,40.431087493896484,-80.00193786621094
1629719513,4368020,91,0,6502,40.475990295410156,-79.95764923095703
1629719523,12604020,1,0,6501,40.5770378112793,-79.77832794189453
1629719502,3916020,Y49,0,5655,40.42057418823242,-80.00792694091797
1629719529,3107020,P3,0,6625,40.41477966308594,-79.8784408569336
1629719532,4690020,13,0,6503,40.45112228393555,-80.00088500976562
1629719541,2882020,Y49,0,6624,40.36079025268555,-79.9799575805664
1629719529,14629020,52L,0,6627,40.371665954589844,-79.84449768066406
1629719528,14572020,54,0,6506,40.41786193847656,-79.98689270019531
1629719520,1973020,59,0,6626,40.38815689086914,-79.82357025146484
1629719543,3049020,61C,0,6629,40.428306579589844,-79.92472839355469
1629719517,9279020,83,0,6628,40.43030548095703,-79.9761734008789
1629719532,5674020,71D,0,5670,40.44997787475586,-79.89180755615234
1629719525,13663020,39,0,6520,40.412254333496094,-80.00878143310547
1629719538,8723020,71A,0,6641,40.47890090942383,-79.91903686523438
1629719545,739020,P68,0,6640,40.43560028076172,-79.87157440185547
1629719546,-131915616,P10,1,6643,40.59846115112305,-79.76406860351562
1629719544,5928020,67,0,6642,40.444305419921875,-79.92829895019531
1629719539,5293020,P3,0,3255,40.41476058959961,-79.87879180908203
1629719528,4854020,61B,0,3253,40.444236755371094,-79.94947052001953
1629719537,7052020,61C,0,3252,40.41791534423828,-79.926025390625
1629719538,11974020,61D,0,3251,40.437583923339844,-79.98333740234375
1629719545,13213020,P76,0,3250,40.323421478271484,-79.83377838134766
1629719540,7702020,P3,0,3248,40.45683288574219,-79.93222045898438
1629719544,12692020,P76,0,3245,40.3858757019043,-79.82062530517578
1629719521,4831020,53L,0,6634,40.41096496582031,-79.91877746582031
1629719522,9303020,51,0,6633,40.38077163696289,-79.97628021240234
1629719537,11804020,6,0,6512,40.44609069824219,-79.98905181884766
1629719531,3862020,24,0,6515,40.4481315612793,-80.16219329833984
1629719536,7146020,79,0,6636,40.47312545776367,-79.86141967773438
1629719546,3413020,81,0,6635,40.43038558959961,-79.97709655761719
1629719529,4989020,20,0,6517,40.46804428100586,-80.09831237792969
1629719532,2508020,29,0,6519,40.44432067871094,-80.09884643554688
1629719535,2753020,26,0,6518,40.44274139404297,-80.030517578125
1629719522,13428020,75,0,6650,40.424293518066406,-79.96227264404297
1629719524,1555020,67,0,6652,40.428321838378906,-79.79776000976562
1629719511,7603020,93,0,6531,40.40784454345703,-79.92631530761719
1629719467,14609020,59,0,6530,40.350502014160156,-79.87269592285156
1629719521,2937020,69,0,6651,40.44483947753906,-79.88533020019531
1629719533,7383020,19L,0,6412,40.448978424072266,-80.02388000488281
1629719538,3406020,28X,0,6654,40.44165802001953,-80.02145385742188
1629719535,396020,61B,0,6533,40.4396858215332,-79.95951843261719
1629719539,13199020,61B,0,6532,40.4382209777832,-79.97759246826172
1629719543,6744020,71C,0,6653,40.446189880371094,-79.95232391357422
1629719544,5536020,91,0,6411,40.46813201904297,-79.96302795410156
1629719535,12942020,P78,0,3260,40.48167037963867,-79.83809661865234
1629719522,13387020,71A,0,3258,40.43860626220703,-79.98641204833984
1629719499,1758020,61C,0,3257,40.4439582824707,-79.93907928466797
1629719533,2100020,1,0,6403,40.60250473022461,-79.76675415039062
1629719531,8144020,12,0,6402,40.542633056640625,-80.0134048461914
1629719541,7404020,77,0,6644,40.45304489135742,-79.75015258789062
1629719502,8177020,54,0,6405,40.460514068603516,-79.96965789794922
1629719534,7443020,56,0,6526,40.3465576171875,-79.82968139648438
1629719524,5924020,54,0,6404,40.40890121459961,-79.99153900146484
1629719543,5777020,61A,0,6525,40.43799591064453,-79.91383361816406
1629719526,13665020,71A,0,6646,40.478939056396484,-79.91915893554688
1629719529,5253020,61C,0,6528,40.3524284362793,-79.85176086425781
1629719546,4779020,71A,0,6649,40.46070861816406,-79.93236541748047
1629719535,-2126348028,91,1,6407,40.443443298339844,-79.99606323242188
1629719547,13210020,8,0,6406,40.49020004272461,-80.01850128173828
1629719523,12375020,P7,0,6527,40.350677490234375,-79.8670883178711
1629719541,6984020,18,0,6408,40.449764251708984,-80.01787567138672
1629719529,9120020,Y46,0,6540,40.278141021728516,-79.88804626464844
1629719519,9758020,67,0,6542,40.43950653076172,-79.99441528320312
1629719543,5415020,36,0,6420,40.39971160888672,-80.04438781738281
1629719526,9751020,61D,0,6541,40.41111373901367,-79.90643310546875
1629719547,5494020,1,0,6302,40.48781204223633,-79.88858032226562
1629719539,6497020,69,0,6544,40.441673278808594,-79.88158416748047
1629719542,8435020,2,0,6301,40.442527770996094,-79.99976348876953
1629719533,13151020,29,0,6422,40.44615936279297,-79.98866271972656
1629719539,8033020,1,0,6414,40.48874282836914,-79.89183044433594
1629719542,13104020,59,0,6535,40.40727996826172,-79.91439819335938
1629719523,10242020,14,0,6413,40.4788818359375,-80.04315948486328
1629719528,13892020,56,0,6534,40.435813903808594,-79.97271728515625
1629719532,11059020,21,0,6416,40.532073974609375,-80.18879699707031
1629719525,11946020,Y46,0,6537,40.438140869140625,-79.99998474121094
1629719543,4588020,60,0,6538,40.34965133666992,-79.83731079101562
1629719531,11640020,G2,0,6419,40.442665100097656,-79.99901580810547
1629719522,4042020,74,0,6551,40.460697174072266,-79.92771911621094
1629719524,7703020,2,0,6311,40.49734115600586,-79.94390869140625
1629719536,7037020,54,0,6310,40.41426467895508,-79.99422454833984
1629719529,10219020,74,0,6552,40.44835662841797,-79.91043853759766
1629719523,13897020,64,0,6434,40.413841247558594,-79.90497589111328
1629719205,12761020,8,0,6313,40.51724624633789,-80.03605651855469
1629719524,1162020,P68,0,6555,40.43242645263672,-79.79017639160156
1629719529,9105020,2,0,6312,40.52204895019531,-80.00554656982422
1629719524,4948020,57,0,6433,40.41035461425781,-79.91796112060547
1629719491,-1912009237,15,1,6304,40.44581604003906,-79.98947143554688
1629719530,3298020,28X,0,6546,40.4580078125,-79.91394805908203
1629719537,10483020,27,0,6424,40.44367599487305,-80.0272216796875
1629719521,14294020,28X,0,6545,40.447425842285156,-79.94210052490234
1629719520,1525020,17,0,6306,40.456329345703125,-80.0270767211914
1629719540,5246020,77,0,6548,40.46102523803711,-79.8665542602539
1629719507,2952020,G3,0,6427,40.435546875,-80.06764221191406
1629719539,3618020,38,0,6426,40.39917755126953,-80.07398223876953
1629719535,231020,82,0,6547,40.457611083984375,-79.91761779785156
1629719537,7999020,83,0,6429,40.44047164916992,-79.99971008300781
1629719543,3409020,13,0,6307,40.50740432739258,-80.0509033203125
1629719546,7401020,57,0,6428,40.41094207763672,-79.94451141357422
1629719518,7013020,P68,0,6549,40.42905044555664,-79.74901580810547
1629719488,3549020,36,0,6320,40.33820343017578,-80.05731201171875
1629719542,8231020,61A,0,6441,40.43962860107422,-79.95963287353516
1629719505,896020,Y49,0,6440,40.3300666809082,-79.92337799072266
1629719533,1263020,81,0,6443,40.437198638916016,-79.96300506591797
1629719545,9351020,48,0,6321,40.43132400512695,-80.00228118896484
1629719540,445020,2,0,6203,40.52571105957031,-79.96282196044922
1629719544,10697020,21,0,6324,40.485023498535156,-80.07353973388672
1629719533,5444020,61A,0,6445,40.422061920166016,-79.88646697998047
1629719537,12994020,24,0,6323,40.43941116333008,-80.01638793945312
1629719544,10819020,91,0,6202,40.49458312988281,-79.93920135498047
1629719525,3167020,82,0,6557,40.473148345947266,-79.88822174072266
1629719522,12596020,91,0,6315,40.487064361572266,-79.89449310302734
1629719507,12509020,77,0,6556,40.47663879394531,-79.76122283935547
1629719538,13624020,51,0,6438,40.423912048339844,-79.97767639160156
1629719542,12609020,O5,0,6316,40.543678283691406,-79.99250793457031
1629719546,9661020,51,0,6439,40.41871643066406,-79.98625183105469
1629719524,10113020,21,0,6331,40.516563415527344,-80.22175598144531
1629719535,13910020,27,0,6330,40.45420455932617,-80.0785903930664
1629719531,6450020,39,0,6332,40.446006774902344,-79.9890365600586
1629719546,5093020,89,0,6453,40.47230911254883,-79.93737030029297
1629719526,5735020,61D,0,6335,40.444332122802734,-79.95494079589844
1629719260,5993020,67,0,6456,40.43666076660156,-79.7585678100586
1629719533,6541020,41,0,6326,40.38674545288086,-80.04540252685547
1629719523,442020,51,0,6447,40.430747985839844,-80.0009765625
1629719545,7784020,13,0,6204,40.4859619140625,-80.04301452636719
1629719545,11864020,29,0,6325,40.44046401977539,-80.08102416992188
1629719540,7537020,Y45,0,6446,40.41732406616211,-80.01181030273438
1629719538,11759020,56,0,6448,40.35426330566406,-79.91349029541016
1629719543,12181020,15,0,6209,40.45597839355469,-80.0025634765625
1629719523,9934020,14,0,6208,40.589168548583984,-80.22856903076172
1629719524,11349020,29,0,6221,40.433048248291016,-80.19129180908203
1629719518,9388020,Y1,0,6342,40.3084602355957,-79.93656921386719
1629719540,1679020,61D,0,6341,40.41665267944336,-79.92578125
1629719524,10005020,67,0,6462,40.44622039794922,-79.84635925292969
1629719517,8329020,39,0,6223,40.409217834472656,-80.01433563232422
1629719535,9056020,91,0,6102,40.45451354980469,-79.97791290283203
1629719497,2479020,61B,0,6343,40.41343688964844,-79.85386657714844
1629719530,6057020,31,0,6225,40.423709869384766,-80.06655883789062
1629719523,8501020,91,0,6104,40.44523239135742,-79.99322509765625
1629719544,9032020,65,0,6337,40.43446350097656,-79.9537353515625
1629719537,8772020,8,0,6216,40.47208786010742,-80.01028442382812
1629719537,4345020,6,0,6215,40.465660095214844,-79.99250793457031
1629719542,6991020,69,0,6457,40.387420654296875,-79.75701141357422
1629719542,7035020,56,0,6339,40.3425407409668,-79.86225891113281
1629719498,9481020,41,0,6217,40.43184280395508,-80.00405883789062
1629719539,10022020,61A,0,6338,40.41535949707031,-79.87613677978516
1629719527,4537020,P16,0,6459,40.443477630615234,-79.99603271484375
1629719527,3737020,52L,0,6353,40.39670944213867,-79.89038848876953
1629719521,14325020,59,0,6111,40.373802185058594,-79.84481811523438
1629719496,8026020,G31,0,6231,40.44416427612305,-80.06590270996094
1629719543,12759020,53L,0,6113,40.38407516479492,-79.9039535522461
1629719498,4417020,61A,0,6355,40.414268493652344,-79.85540008544922
1629719523,8898020,59,0,6112,40.38825607299805,-79.82413482666016
1629719529,8594020,55,0,6115,40.293460845947266,-79.8881607055664
1629719546,8549020,Y47,0,6235,40.361175537109375,-79.9910659790039
1629719545,3660020,38,0,6108,40.42374038696289,-80.03048706054688
1629719542,6696020,77,0,6362,40.48397445678711,-79.81926727294922
1629719504,11475020,93,0,6241,40.463645935058594,-79.95281982421875
1629719533,1620020,61A,0,6240,40.44230651855469,-79.88737487792969
1629719536,9333020,79,0,6361,40.44416427612305,-79.8761215209961
1629719536,9532020,52L,0,6122,40.4249267578125,-79.95252227783203
1629719525,13915020,8,0,6001,40.44404983520508,-79.99850463867188
1629719544,5146020,82,0,6364,40.44373321533203,-79.98027801513672
1629719518,4990020,P12,0,6363,40.46757507324219,-79.70620727539062
1629719527,6715020,51,0,6124,40.42694854736328,-79.98072814941406
1629719531,9672020,91,0,6003,40.500450134277344,-79.86089324951172
1629719538,6385020,P16,0,6366,40.43952178955078,-79.87370300292969
1629719540,11764020,51,0,6244,40.39106369018555,-79.98651885986328
1629719522,11849020,93,0,6247,40.436588287353516,-79.96244812011719
1629719541,3254020,P68,0,6368,40.45939636230469,-79.92325592041016
1629719541,3194020,55,0,6125,40.32600021362305,-79.93921661376953
1629719526,189020,59,0,6246,40.3682975769043,-79.84835052490234
1629719547,2264020,87,0,6367,40.47834396362305,-79.95568084716797
1629719518,1281020,28X,0,6360,40.49443817138672,-80.25556945800781
1629719547,5004020,71A,0,6359,40.4539680480957,-79.94507598876953
1629719509,3971020,61C,0,6358,40.43840408325195,-79.96134185791016
1629719534,1114020,Y47,0,6237,40.382293701171875,-79.99539947509766
1629719544,14376020,61A,0,6239,40.40233612060547,-79.86834716796875
1629719531,3740020,64,0,6118,40.464202880859375,-79.94987487792969
1629719531,6563020,61B,0,6252,40.42298889160156,-79.89107513427734
1629719506,2990020,51,0,6251,40.344669342041016,-79.93944549560547
1629719546,8749020,16,0,6014,40.448123931884766,-80.00045013427734
1629719539,-558964453,P13,1,6013,40.447364807128906,-80.00011444091797
1629719547,14706020,67,0,6137,40.44450759887695,-79.88562774658203
1629719546,4135020,P68,0,6258,40.39851379394531,-79.841064453125
1629719545,8384020,14,0,6007,40.567726135253906,-80.21143341064453
1629719524,4582020,54,0,6006,40.4521369934082,-80.0064926147461
1629719537,9341020,61B,0,6127,40.44072341918945,-79.99600219726562
1629719507,10102020,12,0,6009,40.586708068847656,-80.03044891357422
1629719542,2103020,21,0,6021,40.472007751464844,-80.06143188476562
1629719522,8522020,67,0,6262,40.439517974853516,-79.87479400634766
1629719524,7889020,86,0,6144,40.46062469482422,-79.91439819335938
1629719504,14689020,G3,0,6023,40.45237731933594,-80.0526123046875
1629719545,7846020,P17,0,6265,40.46369171142578,-79.90276336669922
1629719547,6595020,75,0,6264,40.489112854003906,-79.90210723876953
1629719546,14647020,77,0,6143,40.44563293457031,-79.98953247070312
1629719523,52020,G3,0,6022,40.50389862060547,-80.22465515136719
1629719546,3871020,29,0,6025,40.452186584472656,-80.20146942138672
1629719532,-1385054416,71D,1,6146,40.437782287597656,-79.98750305175781
1629719533,552020,P71,0,6269,40.415184020996094,-79.87940216064453
1629719531,9021020,P78,0,6148,40.50640869140625,-79.84291076660156
1629719545,10903020,75,0,6147,40.488685607910156,-79.90056610107422
1629719541,3523020,87,0,6268,40.46220016479492,-79.9610824584961
1629719547,1749020,87,0,6140,40.48471450805664,-79.92800903320312
1629719537,2904020,P69,0,6261,40.45920944213867,-79.91610717773438
1629719547,9939020,41,0,6018,40.37526321411133,-80.08772277832031
1629719519,8155020,64,0,6139,40.41501235961914,-79.9244384765625
1629719542,4053020,48,0,6017,40.42690658569336,-79.96864318847656
1629719482,5003020,69,0,6259,40.39540481567383,-79.8059310913086
1629719537,11462020,75,0,6138,40.465755462646484,-79.92213439941406
1629719538,2691020,87,0,6153,40.44328308105469,-79.99667358398438
1629719544,5046020,59,0,6031,40.413597106933594,-79.87150573730469
1629719531,13162020,87,0,6152,40.48290252685547,-79.94801330566406
1629719543,13365020,56,0,6034,40.35383987426758,-79.9111328125
1629719537,1676020,64,0,6155,40.45527267456055,-79.932861328125
1629719522,14675020,71C,0,7001,40.46213912963867,-79.92682647705078
1629719529,14694020,93,0,6033,40.48340606689453,-79.94750213623047
1629719535,6350020,P71,0,6154,40.44123077392578,-79.89337158203125
1629719537,13132020,53L,0,6036,40.42491912841797,-79.95232391357422
1629719527,5198020,82,0,6156,40.46121597290039,-79.92424011230469
1629719544,8911020,87,0,6159,40.46294403076172,-79.93099975585938
1629719533,11689020,77,0,6158,40.455955505371094,-79.94195556640625
1629719524,583020,75,0,6272,40.45301055908203,-79.93616485595703
1629719534,10480020,67,0,6271,40.447792053222656,-79.7502212524414
1629719537,1123020,51,0,6029,40.441593170166016,-79.99826049804688
1629719523,11943020,53L,0,6043,40.34770965576172,-79.9334487915039
1629719543,3203020,83,0,6042,40.444278717041016,-79.96380615234375
1629719529,9582020,74,0,6048,40.47035598754883,-79.89738464355469
1629719536,9868020,P67,0,6160,40.43059539794922,-79.79268646240234
1629719542,8752020,11,0,1701,40.44595718383789,-79.98921966552734
1629719509,5160020,4,0,1709,40.50127410888672,-80.02214050292969
1629719546,2814020,11,0,1707,40.44396209716797,-79.99845123291016
1629719536,6154020,11,0,1704,40.44887924194336,-80.00066375732422
1629719536,6714020,7,0,1702,40.49056625366211,-80.0009536743164
1629719535,9863020,71C,0,6056,40.44994354248047,-79.8918228149414
1629719541,3915020,71D,0,6059,40.44699478149414,-79.94841766357422
1629719530,12142020,71C,0,6051,40.44999313354492,-79.8917236328125
1629719541,91020,4,0,1710,40.461944580078125,-79.98419189453125
1629719545,12939020,40,0,1719,40.422462463378906,-80.01227569580078
1629719522,6221020,43,0,1714,40.4156379699707,-80.01161193847656
1629719531,12062020,44,0,1720,40.44536209106445,-79.99014282226562
1629719532,12199020,44,0,1727,40.386112213134766,-79.93916320800781
1629719541,11308020,44,0,1726,40.40852355957031,-79.99117279052734
1629719540,5770020,44,0,1724,40.421630859375,-79.9974136352539
1629719536,14071020,16,0,5907,40.50389862060547,-80.07469940185547
1629719530,11015020,16,0,5908,40.49092483520508,-80.04810333251953
1629719535,7584020,16,0,5909,40.46760940551758,-80.02509307861328
1629719545,12957020,91,0,5901,40.45517349243164,-79.97807312011719
1629719545,423020,6,0,5902,40.444889068603516,-80.00096130371094
1629719529,11417020,54,0,5903,40.45331954956055,-80.00157165527344
1629719538,1394020,48,0,5917,40.42130661010742,-80.00604248046875
1629719501,2297020,31,0,5911,40.44548034667969,-79.98986053466797
1629719532,722020,26,0,5914,40.45827102661133,-80.06395721435547
1629719535,12358020,93,0,5926,40.434608459472656,-79.92399597167969
1629719547,5366020,59,0,5927,40.40882110595703,-79.90692901611328
1629719525,2391020,12,0,5807,40.58544921875,-80.03778839111328
1629719541,11420020,17,0,5809,40.4991455078125,-80.02936553955078
1629719516,2556020,14,0,5804,40.567161560058594,-80.21060943603516
1629719990,11315020,51,0,5816,40.38072204589844,-79.97630310058594
1629720015,6693020,51L,0,5819,40.38356018066406,-79.97733306884766
1629720015,11204020,26,0,5811,40.44184112548828,-80.06884765625
1629720023,2523020,59,0,5815,40.34671401977539,-79.88069152832031
1629720019,183020,13,0,5707,40.45591354370117,-80.00393676757812
1629720015,147020,22,0,5708,40.46826171875,-80.09732818603516
1629720036,13089020,O12,0,3403,40.58673858642578,-80.03119659423828
1629720029,13380020,58,0,5940,40.43292999267578,-79.96266174316406
1629720034,2457020,82,0,5942,40.45265197753906,-79.94957733154297
1629720020,9236020,17,0,5701,40.4958381652832,-80.02301025390625
1629720003,10797020,71B,0,5823,40.479610443115234,-79.92201232910156
1629720007,1524020,71D,0,5944,40.44985580444336,-79.89168548583984
1629720026,4450020,54,0,5703,40.458648681640625,-79.94711303710938
1629720028,6547020,67,0,5945,40.4444465637207,-79.9485092163086
1629720004,2354020,1,0,5705,40.455780029296875,-79.99188995361328
1629720028,11653020,71B,0,3420,40.43989181518555,-79.99420928955078
1629720035,6404020,P2,0,3417,40.44541549682617,-79.88750457763672
1629720037,11068020,28X,0,3416,40.42710876464844,-80.12835693359375
1629720035,6402020,P67,0,3415,40.43976974487305,-79.9964828491211
1629720032,5034020,P1,0,3414,40.41518020629883,-79.87948608398438
1629720033,9596020,P1,0,3411,40.45737838745117,-79.9309310913086
1629720029,1678020,71C,0,3410,40.4379997253418,-79.9928207397461
1629720013,1795020,71C,0,5715,40.443660736083984,-79.88707733154297
1629720019,4198020,P2,0,3419,40.44462203979492,-79.99105834960938
1629720009,9949020,61D,0,3306,40.444087982177734,-79.93978881835938
1629719983,2150020,61C,0,3305,40.36314010620117,-79.8434829711914
1629720034,7322020,71D,0,3424,40.43721389770508,-79.97115325927734
1629720033,5633020,P1,0,3421,40.45916748046875,-79.96723937988281
1629720017,4631020,71B,0,5722,40.45149230957031,-79.92499542236328
1629720034,3960020,15,0,5603,40.445194244384766,-79.99044036865234
1629720012,1717020,2,0,5605,40.52775192260742,-80.0083236694336
1629720020,11284020,61A,0,3309,40.43886184692383,-79.99198913574219
1629720017,4435020,P7,0,3308,40.44105911254883,-79.8826675415039
1629720015,7125020,71C,0,3321,40.44232177734375,-80.00031280517578
1629720001,4263020,P1,0,3320,40.4151496887207,-79.87944030761719
1629720022,7458020,61D,0,3318,40.414066314697266,-79.9229736328125
1629720017,3750020,P76,0,3317,40.4410400390625,-79.99577331542969
1629719983,6764020,P3,0,3314,40.441890716552734,-79.95828247070312
1629719976,4385020,61A,0,3313,40.43794631958008,-79.99236297607422
1629720029,14142020,24,0,5611,40.469268798828125,-80.0692138671875
1629720022,5540020,8,0,5732,40.48899459838867,-80.01786804199219
1629720026,1469020,71D,0,3319,40.442115783691406,-79.99943542480469
1629720009,910020,28X,0,3331,40.436248779296875,-79.9769287109375
1629720036,14130020,71D,0,3330,40.44839859008789,-79.93421173095703
1629720016,10983020,P10,0,3208,40.48643112182617,-79.91429901123047
1629720022,2692020,61C,0,3207,40.43767166137695,-79.98529052734375
1629720028,590020,P1,0,3328,40.415287017822266,-79.8790512084961
1629720010,5671020,61D,0,3206,40.440433502197266,-79.9954833984375
1629720037,1318020,71B,0,3327,40.442718505859375,-79.95714569091797
1629720012,12879020,71A,0,3326,40.43894958496094,-79.9947280883789
1629720029,8589020,61D,0,3204,40.44446563720703,-79.9419937133789
1629720031,3818020,71B,0,3325,40.44723129272461,-79.94579315185547
1629720015,6706020,61A,0,3202,40.44627380371094,-79.95178985595703
1629720032,8267020,71A,0,3323,40.4385871887207,-79.98587799072266
1629720026,13795020,P3,0,3201,40.45050811767578,-79.94883728027344
1629720035,7042020,P1,0,3221,40.45384979248047,-79.93704223632812
1629720019,-1558850228,88,1,3220,40.45883560180664,-79.91940307617188
1629720031,1168020,24,0,6609,40.446468353271484,-80.15257263183594
1629720018,4507020,P12,0,3219,40.439796447753906,-79.8788070678711
1629720035,7462020,19L,0,6608,40.49222946166992,-80.0488052368164
1629720030,13146020,71C,0,3218,40.44720458984375,-79.94912719726562
1629720015,4934020,P10,0,3338,40.44355773925781,-79.99298858642578
1629720020,1916020,86,0,3334,40.45988082885742,-79.96974182128906
1629720035,7380020,88,0,3213,40.44380187988281,-79.99813079833984
1629720027,4674020,71B,0,3212,40.43770217895508,-79.9858169555664
1629720030,9953020,17,0,6603,40.45408248901367,-80.02623748779297
1629720029,1526020,31,0,5634,40.4099235534668,-80.08282470703125
1629719992,8489020,12,0,6602,40.449039459228516,-80.00071716308594
1629720033,10915020,12,0,6604,40.52517318725586,-80.00555419921875
1629720031,4026020,91,0,6607,40.49403762817383,-79.88558197021484
1629720034,4732020,14,0,6606,40.475257873535156,-80.04016876220703
1629720027,3945020,O12,0,3231,40.56753921508789,-80.03778839111328
1629720028,10745020,61C,0,6619,40.44226837158203,-79.99983215332031
1629719983,13911020,71A,0,3226,40.44765090942383,-79.94938659667969
1629720032,4078020,P78,0,3225,40.44218826293945,-79.99501037597656
1629720015,7174020,P1,0,3224,40.44367599487305,-79.99488067626953
1629720025,8601020,20,0,6611,40.46577072143555,-80.06404113769531
1629720025,6824020,20,0,6614,40.47624588012695,-80.1009292602539
1629720033,12291020,51,0,6616,40.42925262451172,-79.99658966064453
1629719978,911020,38,0,6615,40.38573455810547,-80.05388641357422
1629720015,11431020,83,0,6618,40.441871643066406,-79.96288299560547
1629720037,3513020,51,0,5660,40.374088287353516,-79.9755630493164
1629720033,7194020,61B,0,6630,40.43788528442383,-79.93008422851562
1629720033,13239020,15,0,6511,40.456111907958984,-80.01535034179688
1629720019,106020,Y46,0,6631,40.34342575073242,-79.96983337402344
1629720035,4128020,G2,0,3238,40.405521392822266,-80.0907974243164
1629719994,9160020,51L,0,6623,40.44085693359375,-80.00029754638672
1629720031,4368020,91,0,6502,40.46317672729492,-79.96686553955078
1629720008,12604020,1,0,6501,40.60232925415039,-79.7544174194336
1629719988,3916020,Y49,0,5655,40.38273239135742,-79.99684143066406
1629719988,4690020,13,0,6503,40.459495544433594,-80.0179672241211
1629720012,2882020,Y49,0,6624,40.38241195678711,-79.99571990966797
1629719988,14629020,52L,0,6627,40.362091064453125,-79.85877227783203
1629720010,14572020,54,0,6506,40.42842483520508,-79.97459411621094
1629720034,1973020,59,0,6626,40.388179779052734,-79.82357788085938
1629719984,3049020,61C,0,6629,40.438053131103516,-79.92308044433594
1629720008,9279020,83,0,6628,40.43030548095703,-79.9761734008789
1629720031,5674020,71D,0,5670,40.453121185302734,-79.89069366455078
1629720026,13663020,39,0,6520,40.393733978271484,-80.02011108398438
1629720035,11036020,71A,0,6641,40.46592330932617,-79.92920684814453
1629720030,739020,P68,0,6640,40.4144401550293,-79.8531265258789
1629720017,1537020,8,0,6401,40.51641845703125,-80.03752899169922
1629720017,-131915616,P10,1,6643,40.551048278808594,-79.77029418945312
1629720009,5928020,67,0,6642,40.444007873535156,-79.95039367675781
1629720025,1598020,P3,0,3255,40.41539001464844,-79.88054656982422
1629719971,4854020,61B,0,3253,40.43939971923828,-79.96170806884766
1629720020,7052020,61C,0,3252,40.40889358520508,-79.89604187011719
1629719985,11974020,61D,0,3251,40.44300842285156,-79.95391845703125
1629720010,13213020,P76,0,3250,40.32342529296875,-79.83378601074219
1629720030,7702020,P3,0,3248,40.41897964477539,-79.88618469238281
1629720012,12692020,P76,0,3245,40.39468002319336,-79.83853149414062
1629720009,4831020,53L,0,6634,40.42886734008789,-79.94527435302734
1629720017,9303020,51,0,6633,40.38689041137695,-79.982421875
1629720028,11804020,6,0,6512,40.44609069824219,-79.98905181884766
1629720035,3862020,24,0,6515,40.449981689453125,-80.16304016113281
1629720034,7146020,79,0,6636,40.454200744628906,-79.86936950683594
1629720015,3413020,81,0,6635,40.43038558959961,-79.97709655761719
1629720032,13415020,20,0,6517,40.4758415222168,-80.09977722167969
1629720034,2508020,29,0,6519,40.44313049316406,-80.05781555175781
1629720003,2167020,26,0,6518,40.440345764160156,-80.00862121582031
1629720021,9681020,75,0,6650,40.42427062988281,-79.96235656738281
1629720029,1555020,67,0,6652,40.42993927001953,-79.80970764160156
1629720034,14210020,93,0,6531,40.4078254699707,-79.92640686035156
1629719994,14609020,59,0,6530,40.35200119018555,-79.90792083740234
1629720032,3406020,28X,0,6654,40.435550689697266,-80.06764221191406
1629720027,396020,61B,0,6533,40.438385009765625,-79.93363189697266
1629720028,13199020,61B,0,6532,40.441253662109375,-79.99722290039062
1629720035,6744020,71C,0,6653,40.43855285644531,-79.98493957519531
1629720036,5536020,91,0,6411,40.48628616333008,-79.94316864013672
1629720031,12942020,P78,0,3260,40.458160400390625,-79.85551452636719
1629720030,13387020,71A,0,3258,40.442081451416016,-80.0011978149414
1629720025,1758020,61C,0,3257,40.44328308105469,-79.95651245117188
1629720035,8544020,1,0,6403,40.60097122192383,-79.75557708740234
1629720033,8144020,12,0,6402,40.551551818847656,-80.01566314697266
1629720033,7404020,77,0,6644,40.45304489135742,-79.75015258789062
1629720024,8177020,54,0,6405,40.462791442871094,-79.951171875
1629720033,5588020,56,0,6526,40.34590148925781,-79.82865142822266
1629719996,5924020,54,0,6404,40.40890121459961,-79.99153900146484
1629720016,5777020,61A,0,6525,40.441627502441406,-79.8858871459961
1629720024,13665020,71A,0,6646,40.478946685791016,-79.91915893554688
1629720028,5253020,61C,0,6528,40.373294830322266,-79.84642791748047
1629720031,4779020,71A,0,6649,40.4522705078125,-79.95079040527344
1629720017,-2126348028,91,1,6407,40.458984375,-79.9710464477539
1629720033,13210020,8,0,6406,40.51883316040039,-80.02578735351562
1629720036,3495020,P7,0,6527,40.35207748413086,-79.8585205078125
1629719992,6984020,18,0,6408,40.447505950927734,-80.01972961425781
1629720024,9120020,Y46,0,6540,40.278141021728516,-79.88804626464844
1629720029,5415020,36,0,6420,40.3709602355957,-80.05982971191406
1629720023,9751020,61D,0,6541,40.40999984741211,-79.91571807861328
1629720034,5494020,1,0,6302,40.49446105957031,-79.9276123046875
1629720033,6497020,69,0,6544,40.425384521484375,-79.86107635498047
1629720011,8435020,2,0,6301,40.45471954345703,-79.99463653564453
1629720011,13151020,29,0,6422,40.441558837890625,-80.00518798828125
1629720012,8033020,1,0,6414,40.506874084472656,-79.8515625
1629720030,13104020,59,0,6535,40.397361755371094,-79.88115692138672
1629720016,10242020,14,0,6413,40.449554443359375,-80.01902770996094
1629720013,857020,56,0,6534,40.4395751953125,-80.0047836303711
1629720026,11059020,21,0,6416,40.541603088378906,-80.1797866821289
1629720005,11946020,Y46,0,6537,40.41598129272461,-80.01177978515625
1629720030,4588020,60,0,6538,40.35163497924805,-79.8506088256836
1629720036,11640020,G2,0,6419,40.44379806518555,-80.02721405029297
1629719983,4042020,74,0,6551,40.460697174072266,-79.92771911621094
1629720035,7703020,2,0,6311,40.528141021728516,-79.96466827392578
1629720035,7037020,54,0,6310,40.420955657958984,-80.00590515136719
1629720015,3284020,61D,0,6431,40.411136627197266,-79.90630340576172
1629720026,10219020,74,0,6552,40.461402893066406,-79.89472198486328
1629720021,13897020,64,0,6434,40.41130065917969,-79.90565490722656
1629720030,1162020,P68,0,6555,40.42192840576172,-79.79692077636719
1629720032,9105020,2,0,6312,40.54975128173828,-80.02105712890625
1629720036,4948020,57,0,6433,40.40547561645508,-79.93724060058594
1629720007,-1912009237,15,1,6304,40.44556427001953,-79.98983001708984
1629720037,10483020,27,0,6424,40.449581146240234,-80.06429290771484
1629720018,14294020,28X,0,6545,40.445980072021484,-79.95262145996094
1629720034,1525020,17,0,6306,40.45534133911133,-80.00697326660156
1629720030,5246020,77,0,6548,40.458248138427734,-79.90281677246094
1629719982,2952020,G3,0,6427,40.439002990722656,-80.15287780761719
1629720037,3618020,38,0,6426,40.409542083740234,-80.04853057861328
1629720015,231020,82,0,6547,40.472930908203125,-79.88896942138672
1629720035,12021020,83,0,6429,40.44169998168945,-79.99014282226562
1629720036,3409020,13,0,6307,40.48685836791992,-80.04443359375
1629720032,7401020,57,0,6428,40.41044235229492,-79.92514038085938
1629719995,7013020,P68,0,6549,40.42905044555664,-79.74901580810547
1629719979,3549020,36,0,6320,40.33820343017578,-80.05730438232422
1629720031,8231020,61A,0,6441,40.440460205078125,-79.9355697631836
1629720010,8361020,Y47,0,6440,40.33004379272461,-79.92333984375
1629719998,1263020,81,0,6443,40.44562911987305,-79.953125
1629720029,9351020,48,0,6321,40.4282112121582,-79.9713134765625
1629720027,445020,2,0,6203,40.49644470214844,-79.94412994384766
1629719998,10697020,21,0,6324,40.510650634765625,-80.12676239013672
1629720036,5444020,61A,0,6445,40.40813064575195,-79.86536407470703
1629720034,12994020,24,0,6323,40.443641662597656,-80.0267562866211
1629720029,10819020,91,0,6202,40.487266540527344,-79.89546203613281
1629720036,3167020,82,0,6557,40.4697151184082,-79.89459228515625
1629720015,12596020,91,0,6315,40.49118423461914,-79.93805694580078
1629720004,12509020,77,0,6556,40.48529052734375,-79.79991149902344
1629720026,13624020,51,0,6438,40.39663314819336,-79.9876937866211
1629719999,12609020,O5,0,6316,40.506324768066406,-79.98993682861328
1629720035,9661020,51,0,6439,40.42793655395508,-79.98063659667969
1629720023,10113020,21,0,6331,40.5180778503418,-80.1658935546875
1629720033,13910020,27,0,6330,40.448516845703125,-80.06278228759766
1629720037,6450020,39,0,6332,40.446006774902344,-79.9890365600586
1629720037,5093020,89,0,6453,40.45759201049805,-79.91728973388672
1629720026,5735020,61D,0,6335,40.438514709472656,-79.98432159423828
1629720022,6541020,41,0,6326,40.3990478515625,-80.02520751953125
1629720037,442020,51,0,6447,40.440433502197266,-80.00056457519531
1629720032,7784020,13,0,6204,40.50532913208008,-80.05171966552734
1629720017,11864020,29,0,6325,40.44937515258789,-80.14107513427734
1629720030,7537020,Y45,0,6446,40.4362907409668,-80.00118255615234
1629720008,11759020,56,0,6448,40.384220123291016,-79.93180084228516
1629720026,12181020,15,0,6209,40.46327209472656,-80.01988220214844
1629719984,9934020,14,0,6208,40.59193801879883,-80.22744750976562
1629720024,9388020,Y1,0,6342,40.33570861816406,-79.94734191894531
1629720022,1679020,61D,0,6341,40.412635803222656,-79.90287780761719
1629720034,10005020,67,0,6462,40.4427375793457,-79.87906646728516
1629720022,8329020,39,0,6223,40.43585968017578,-80.00147247314453
1629720022,2479020,61B,0,6343,40.41368865966797,-79.85344696044922
1629720028,6057020,31,0,6225,40.39315414428711,-80.0876693725586
1629720027,8180020,91,0,6104,40.44245910644531,-79.99947357177734
1629720036,9032020,65,0,6337,40.435691833496094,-79.91289520263672
1629720034,8772020,8,0,6216,40.454959869384766,-80.0022964477539
1629720030,4345020,6,0,6215,40.44961166381836,-80.00225830078125
1629720027,6991020,69,0,6457,40.397430419921875,-79.79299926757812
1629720009,7035020,56,0,6339,40.34680938720703,-79.88069152832031
1629720027,9481020,41,0,6217,40.39899826049805,-80.02527618408203
1629720028,10022020,61A,0,6338,40.43205642700195,-79.88457489013672
1629720024,4537020,P16,0,6459,40.4426155090332,-79.99459075927734
1629720028,3737020,52L,0,6353,40.40885543823242,-79.90646362304688
1629720028,14325020,59,0,6111,40.384193420410156,-79.86705017089844
1629720001,8026020,G31,0,6231,40.43983840942383,-80.00942993164062
1629720010,12759020,53L,0,6113,40.359127044677734,-79.90821838378906
1629720033,4417020,61A,0,6355,40.41377258300781,-79.85322570800781
1629720010,8898020,59,0,6112,40.38764953613281,-79.82350158691406
1629720033,8594020,55,0,6115,40.3186149597168,-79.92179107666016
1629720023,8549020,Y47,0,6235,40.336124420166016,-79.97642517089844
1629720013,14501020,38,0,6108,40.439613342285156,-80.0049057006836
1629720031,6696020,77,0,6362,40.474857330322266,-79.79155731201172
1629720027,11475020,93,0,6241,40.47539520263672,-79.95767211914062
1629720019,1620020,61A,0,6240,40.43970489501953,-79.89673614501953
1629720035,9333020,79,0,6361,40.45487976074219,-79.86373138427734
1629720033,9532020,52L,0,6122,40.41685104370117,-79.92586517333984
1629720012,5866020,8,0,6001,40.45594024658203,-80.00433349609375
1629719983,5146020,82,0,6364,40.44051742553711,-79.99522399902344
1629720029,13422020,P12,0,6363,40.46208190917969,-79.70591735839844
1629720037,6715020,51,0,6124,40.43007278442383,-79.99900817871094
1629719974,6027020,91,0,6003,40.500518798828125,-79.8608627319336
1629720032,6385020,P16,0,6366,40.4577522277832,-79.91218566894531
1629720008,11764020,51,0,6244,40.41671371459961,-79.98683166503906
1629720031,11849020,93,0,6247,40.43244934082031,-79.92312622070312
1629720010,3254020,P68,0,6368,40.44371795654297,-79.99247741699219
1629720002,3194020,55,0,6125,40.32341003417969,-79.92677307128906
1629720031,189020,59,0,6246,40.37138366699219,-79.84847259521484
1629720022,2264020,87,0,6367,40.48318099975586,-79.94769287109375
1629720028,1281020,28X,0,6360,40.496421813964844,-80.25880432128906
1629720034,5004020,71A,0,6359,40.4709358215332,-79.92652130126953
1629720032,3971020,61C,0,6358,40.440452575683594,-79.9355697631836
1629720030,1114020,Y47,0,6237,40.42133712768555,-80.0067138671875
1629720031,14376020,61A,0,6239,40.402339935302734,-79.86746215820312
1629720001,3740020,64,0,6118,40.467350006103516,-79.96345520019531
1629720028,6563020,61B,0,6252,40.405696868896484,-79.86346435546875
1629720021,9153020,61C,0,6133,40.40717697143555,-79.9107666015625
1629720035,9553020,91,0,6011,40.4886360168457,-79.89142608642578
1629719995,7816020,16,0,6014,40.44368362426758,-80.00346374511719
1629720020,-558964453,P13,1,6013,40.455570220947266,-79.99765014648438
1629720036,14706020,67,0,6137,40.44682693481445,-79.91190338134766
1629720020,4135020,P68,0,6258,40.412784576416016,-79.85635375976562
1629720018,2289020,22,0,6015,40.478084564208984,-80.09391021728516
1629720018,8384020,14,0,6007,40.544029235839844,-80.18582153320312
1629720017,4582020,54,0,6006,40.45214080810547,-80.0064926147461
1629720026,9341020,61B,0,6127,40.437583923339844,-79.98332977294922
1629720031,10102020,12,0,6009,40.57643508911133,-80.0259780883789
1629720031,2103020,21,0,6021,40.45332336425781,-80.03983306884766
1629720006,8522020,67,0,6262,40.438232421875,-79.83057403564453
1629720037,7889020,86,0,6144,40.45176315307617,-79.88475036621094
1629720030,14689020,G3,0,6023,40.441341400146484,-80.00382232666016
1629720011,7846020,P17,0,6265,40.45623016357422,-79.93331146240234
1629720022,6595020,75,0,6264,40.473350524902344,-79.9310073852539
1629720028,14478020,77,0,6143,40.440860748291016,-80.0007095336914
1629720036,52020,G3,0,6022,40.50389862060547,-80.22465515136719
1629720031,3871020,29,0,6025,40.45071792602539,-80.17365264892578
1629720033,-1385054416,71D,1,6146,40.43875503540039,-79.9625015258789
1629720035,11071020,P78,0,6266,40.5311393737793,-79.84874725341797
1629720026,552020,P71,0,6269,40.415184020996094,-79.87940216064453
1629720025,9021020,P78,0,6148,40.53676223754883,-79.83970642089844
1629720015,10903020,75,0,6147,40.48744583129883,-79.8884506225586
1629720037,3523020,87,0,6268,40.4453010559082,-79.99311065673828
1629720021,1749020,87,0,6140,40.462379455566406,-79.93135070800781
1629719970,2904020,P69,0,6261,40.45692443847656,-79.97123718261719
1629720037,9939020,41,0,6018,40.35862731933594,-80.10840606689453
1629720026,8155020,64,0,6139,40.43083572387695,-79.92334747314453
1629720034,4053020,48,0,6017,40.42948913574219,-79.99729919433594
1629720000,5003020,69,0,6259,40.39480972290039,-79.80390167236328
1629720009,11462020,75,0,6138,40.45500564575195,-79.93203735351562
1629720025,2691020,87,0,6153,40.45718002319336,-79.97367095947266
1629720030,5046020,59,0,6031,40.41299819946289,-79.883056640625
1629720018,13162020,87,0,6152,40.47765350341797,-79.94711303710938
1629719990,13365020,56,0,6034,40.35187911987305,-79.86139678955078
1629720035,1676020,64,0,6155,40.43810272216797,-79.91941833496094
1629720027,14675020,71C,0,7001,40.45444107055664,-79.9434814453125
1629720033,14694020,93,0,6033,40.469810485839844,-79.96089935302734
1629720027,6350020,P71,0,6154,40.45798873901367,-79.91300964355469
1629720018,13132020,53L,0,6036,40.413299560546875,-79.9220962524414
1629720028,5198020,82,0,6156,40.45246887207031,-79.95015716552734
1629720037,8911020,87,0,6159,40.4868278503418,-79.92550659179688
1629720034,11689020,77,0,6158,40.458335876464844,-79.91867065429688
1629720019,583020,75,0,6272,40.444278717041016,-79.95502471923828
1629720022,10480020,67,0,6271,40.43863296508789,-79.76253509521484
1629720026,1123020,51,0,6029,40.42948913574219,-79.9972915649414
1629720024,11943020,53L,0,6043,40.35531234741211,-79.91280364990234
1629720028,3203020,83,0,6042,40.4526481628418,-79.96379852294922
1629720020,9582020,74,0,6048,40.47035598754883,-79.89738464355469
1629720034,9868020,P67,0,6160,40.44609832763672,-79.85093688964844
1629720022,8752020,11,0,1701,40.44595718383789,-79.98921966552734
1629720030,5160020,4,0,1709,40.50149154663086,-80.0217056274414
1629720016,304020,11,0,1707,40.44608688354492,-79.98870086669922
1629720034,6154020,11,0,1704,40.460567474365234,-80.00428771972656
1629720034,440020,7,0,1702,40.486114501953125,-80.0050048828125
1629720033,9863020,71C,0,6056,40.44614791870117,-79.89218139648438
1629719990,3915020,71D,0,6059,40.45279312133789,-79.92137908935547
1629720035,2575020,71C,0,6051,40.44999313354492,-79.8917236328125
1629720036,841020,4,0,1710,40.443931579589844,-79.99845123291016
1629720030,12939020,40,0,1719,40.43242263793945,-80.01644134521484
1629720036,6221020,43,0,1714,40.42131805419922,-80.00576782226562
1629720033,6593020,44,0,1720,40.44532012939453,-79.99010467529297
1629720026,12199020,44,0,1727,40.39305114746094,-79.97624969482422
1629720027,11308020,44,0,1726,40.413368225097656,-79.98493194580078
1629720037,5770020,44,0,1724,40.41437911987305,-79.98994445800781
1629720008,14071020,16,0,5907,40.48944854736328,-80.04725646972656
1629720019,11015020,16,0,5908,40.50372314453125,-80.07445526123047
1629720025,7584020,16,0,5909,40.454830169677734,-80.00994873046875
1629720024,5257020,91,0,5901,40.44303512573242,-79.99750518798828
1629719997,423020,6,0,5902,40.45486831665039,-79.99440002441406
1629720011,11417020,54,0,5903,40.456233978271484,-79.9715347290039
1629720002,1394020,48,0,5917,40.421302795410156,-80.00601959228516
1629720020,2297020,31,0,5911,40.44150161743164,-80.00440216064453
1629720033,722020,26,0,5914,40.44051742553711,-80.07015991210938
1629720037,12358020,93,0,5926,40.4359016418457,-79.95875549316406
1629720023,5366020,59,0,5927,40.403751373291016,-79.91980743408203
1629720011,2391020,12,0,5807,40.58538055419922,-80.03607177734375
1629720018,11420020,17,0,5809,40.50128936767578,-80.02136993408203
1629720010,2556020,14,0,5804,40.58659744262695,-80.22737121582031
1629720639,12456020,51,0,5816,40.380615234375,-79.97626495361328
1629720635,7769020,88,0,5937,40.463741302490234,-79.93121337890625
1629720632,6693020,51L,0,5819,40.408119201660156,-79.99140930175781
1629720619,11204020,26,0,5811,40.45634841918945,-80.06207275390625
1629720625,2523020,59,0,5815,40.35295104980469,-79.84162902832031
1629720606,783020,13,0,5707,40.44439697265625,-80.00135040283203
1629720642,147020,22,0,5708,40.467342376708984,-80.09815216064453
1629720621,2944020,O12,0,3403,40.552242279052734,-80.02018737792969
1629720620,10334020,O1,0,3402,40.50879669189453,-80.02944946289062
1629720643,13380020,58,0,5940,40.42512130737305,-79.9381103515625
1629720594,2457020,82,0,5942,40.460819244384766,-79.92314910888672
1629720644,9236020,17,0,5701,40.48366165161133,-80.03560638427734
1629720646,3642020,71D,0,5944,40.44993591308594,-79.89160919189453
1629720644,4450020,54,0,5703,40.456539154052734,-79.97012329101562
1629720641,6547020,67,0,5945,40.450321197509766,-79.90473175048828
1629720648,2354020,1,0,5705,40.495506286621094,-79.9380874633789
1629720623,7998020,71B,0,3420,40.439510345458984,-79.99712371826172
1629720638,10626020,P2,0,3417,40.445247650146484,-79.88776397705078
1629720645,11068020,28X,0,3416,40.45121383666992,-80.05960845947266
1629720635,4784020,P1,0,3414,40.41512680053711,-79.87915802001953
1629720616,1678020,71C,0,3410,40.43998336791992,-79.96080780029297
1629720628,1795020,71C,0,5715,40.44534683227539,-79.8878173828125
1629720645,4198020,P2,0,3419,40.45785903930664,-79.91255950927734
1629720645,9949020,61D,0,3306,40.419639587402344,-79.92758178710938
1629720627,7322020,71D,0,3424,40.44093322753906,-79.99633026123047
1629720626,8719020,P1,0,3421,40.443138122558594,-79.99425506591797
1629720647,4631020,71B,0,5722,40.44590759277344,-79.95272827148438
1629720645,3960020,15,0,5603,40.450828552246094,-80.0010986328125
1629720626,1717020,2,0,5605,40.52775192260742,-80.0083236694336
1629720629,8441020,61A,0,3309,40.44086837768555,-80.00042724609375
1629720640,4435020,P7,0,3308,40.458030700683594,-79.95384979248047
1629720616,384020,71C,0,3321,40.43842315673828,-79.99454498291016
1629720612,4263020,P1,0,3320,40.4194450378418,-79.8863754272461
1629720612,7458020,61D,0,3318,40.433189392089844,-79.92303466796875
1629720619,6764020,P3,0,3314,40.455806732177734,-79.94512176513672
1629720615,4385020,61A,0,3313,40.43981170654297,-79.95939636230469
1629720627,14142020,24,0,5611,40.4451789855957,-80.02984619140625
1629720631,5540020,8,0,5732,40.456939697265625,-80.00711059570312
1629720635,910020,28X,0,3331,40.444618225097656,-79.94415283203125
1629720643,14130020,71D,0,3330,40.44165802001953,-79.95865631103516
1629720618,10983020,P10,0,3208,40.45946502685547,-79.92294311523438
1629720633,2692020,61C,0,3207,40.442325592041016,-79.9559326171875
1629720644,590020,P1,0,3328,40.45939636230469,-79.92325592041016
1629720636,5671020,61D,0,3206,40.437129974365234,-79.97371673583984
1629720644,1318020,71B,0,3327,40.45063400268555,-79.92719268798828
1629720638,12879020,71A,0,3326,40.4364128112793,-79.96837615966797
1629720506,8589020,61D,0,3204,40.444515228271484,-79.95467376708984
1629720646,3818020,71B,0,3325,40.4375114440918,-79.97212982177734
1629720645,6706020,61A,0,3202,40.438026428222656,-79.97462463378906
1629720640,8267020,71A,0,3323,40.44104766845703,-80.0011978149414
1629720630,13795020,P3,0,3201,40.441314697265625,-79.95909881591797
1629720611,7042020,P1,0,3221,40.41897964477539,-79.88619232177734
1629720619,-635394322,88,1,3220,40.4568977355957,-79.91361236572266
1629720632,1168020,24,0,6609,40.4524040222168,-80.15922546386719
1629720641,4507020,P12,0,3219,40.45753860473633,-79.9528579711914
1629720647,7462020,19L,0,6608,40.44992446899414,-80.02689361572266
1629720644,13146020,71C,0,3218,40.4583625793457,-79.93379974365234
1629720645,1916020,86,0,3334,40.45793151855469,-79.94220733642578
1629720643,7380020,88,0,3213,40.44382858276367,-79.99403381347656
1629720624,4674020,71B,0,3212,40.44275665283203,-79.95708465576172
1629720623,9953020,17,0,6603,40.48295593261719,-80.03535461425781
1629720633,1526020,31,0,5634,40.43808364868164,-80.04939270019531
1629720639,8489020,12,0,6602,40.501590728759766,-80.01129913330078
1629720638,11571020,16,0,6605,40.499385833740234,-80.06391906738281
1629720618,10915020,12,0,6604,40.473453521728516,-80.00476837158203
1629720622,4026020,91,0,6607,40.49459457397461,-79.88587188720703
1629720632,4732020,14,0,6606,40.512271881103516,-80.10491943359375
1629720598,4172020,61C,0,6619,40.438819885253906,-79.99475860595703
1629720627,13911020,71A,0,3226,40.43831253051758,-79.97953796386719
1629720619,786020,P78,0,3225,40.446929931640625,-79.9877700805664
1629720638,7174020,P1,0,3224,40.45895004272461,-79.96781921386719
1629720450,8601020,20,0,6611,40.456520080566406,-80.0433120727539
1629720640,6824020,20,0,6614,40.49871826171875,-80.11726379394531
1629720623,12291020,51,0,6616,40.41830062866211,-79.98625946044922
1629720637,911020,38,0,6615,40.40346908569336,-80.05823516845703
1629720622,11431020,83,0,6618,40.430335998535156,-79.97673034667969
1629720626,10206020,59,0,6617,40.33978271484375,-79.95317840576172
1629720636,3513020,51,0,5660,40.34345626831055,-79.97017669677734
1629720586,7194020,61B,0,6630,40.444515228271484,-79.95467376708984
1629720639,13239020,15,0,6511,40.44573974609375,-79.99931335449219
1629720628,106020,Y46,0,6631,40.38154220581055,-79.99472045898438
1629720616,4128020,G2,0,3238,40.425941467285156,-80.07289123535156
1629720639,4368020,91,0,6502,40.4443244934082,-79.99613952636719
1629720630,12604020,1,0,6501,40.60213088989258,-79.7542724609375
1629720642,3916020,Y49,0,5655,40.3631706237793,-79.96880340576172
1629720628,4690020,13,0,6503,40.49174499511719,-80.04781341552734
1629720626,2882020,Y49,0,6624,40.42304992675781,-80.00605010986328
1629720637,14629020,52L,0,6627,40.39696502685547,-79.88975524902344
1629720588,14572020,54,0,6506,40.44310760498047,-79.95652770996094
1629720639,12867020,55,0,6626,40.38373947143555,-79.82856750488281
1629720645,3049020,61C,0,6629,40.44392776489258,-79.95068359375
1629720639,2255020,83,0,6628,40.44154357910156,-79.95698547363281
1629720648,5674020,71D,0,5670,40.452880859375,-79.92072296142578
1629720620,4000020,39,0,6520,40.3919792175293,-80.00425720214844
1629720633,11036020,71A,0,6641,40.45243453979492,-79.95027160644531
1629720639,739020,P68,0,6640,40.40015411376953,-79.84111785888672
1629720643,1537020,8,0,6401,40.50128936767578,-80.02330780029297
1629720644,-131915616,P10,1,6643,40.538848876953125,-79.82953643798828
1629720621,5928020,67,0,6642,40.43809127807617,-79.97531127929688
1629720612,1598020,P3,0,3255,40.460018157958984,-79.91889190673828
1629720645,4854020,61B,0,3253,40.44020080566406,-79.9943618774414
1629720641,7052020,61C,0,3252,40.37125015258789,-79.8456802368164
1629720640,11974020,61D,0,3251,40.42874526977539,-79.92424774169922
1629720636,12742020,P76,0,3250,40.335758209228516,-79.81082916259766
1629720609,7702020,P3,0,3248,40.41476058959961,-79.87879180908203
1629720629,12692020,P76,0,3245,40.42707824707031,-79.86284637451172
1629720618,6167020,53L,0,6634,40.44020462036133,-80.00357818603516
1629720634,9303020,51,0,6633,40.41350555419922,-79.9886474609375
1629720644,14378020,6,0,6512,40.446048736572266,-79.9891128540039
1629720633,3862020,24,0,6515,40.46677780151367,-80.130859375
1629720647,7146020,79,0,6636,40.44486618041992,-79.88531494140625
1629720632,282020,86,0,5667,40.457759857177734,-79.89791870117188
1629720634,3413020,81,0,6635,40.43038558959961,-79.97709655761719
1629720619,13415020,20,0,6517,40.50410079956055,-80.14154052734375
1629720631,2508020,29,0,6519,40.441368103027344,-80.00472259521484
1629720629,2167020,26,0,6518,40.44268035888672,-80.03260040283203
1629720613,9681020,75,0,6650,40.440834045410156,-79.95962524414062
1629720633,1555020,67,0,6652,40.44561767578125,-79.85547637939453
1629720636,14210020,93,0,6531,40.404869079589844,-79.93496704101562
1629720629,14609020,59,0,6530,40.34489059448242,-79.95258331298828
1629720641,3406020,28X,0,6654,40.45277786254883,-80.17235565185547
1629720629,396020,61B,0,6533,40.42786407470703,-79.89134216308594
1629720620,1350020,61B,0,6532,40.43894958496094,-79.9947280883789
1629720634,6744020,71C,0,6653,40.44240951538086,-79.9999771118164
1629720633,5536020,91,0,6411,40.49016571044922,-79.90594482421875
1629720646,12942020,P78,0,3260,40.44532012939453,-79.8866958618164
1629720636,1758020,61C,0,3257,40.438846588134766,-79.99165344238281
1629720622,8544020,1,0,6403,40.602699279785156,-79.75530242919922
1629720648,8144020,12,0,6402,40.5743293762207,-80.01545715332031
1629720638,7404020,77,0,6644,40.45304489135742,-79.75015258789062
1629720626,8177020,54,0,6405,40.44709396362305,-79.9490737915039
1629720635,5588020,56,0,6526,40.35295486450195,-79.8438949584961
1629720623,5924020,54,0,6404,40.41023635864258,-79.99042510986328
1629720638,5777020,61A,0,6525,40.42049026489258,-79.88518524169922
1629720642,6007020,71A,0,6646,40.47891616821289,-79.9190902709961
1629720642,5253020,61C,0,6528,40.409263610839844,-79.89793395996094
1629720645,4779020,71A,0,6649,40.442298889160156,-79.957763671875
1629720646,-2126348028,91,1,6407,40.48136901855469,-79.95379638671875
1629720637,3495020,P7,0,6527,40.37736892700195,-79.85054016113281
1629720639,3726020,18,0,6408,40.4498291015625,-80.0174331665039
1629720636,14450020,Y46,0,6540,40.27302932739258,-79.88455963134766
1629720644,5415020,36,0,6420,40.34661102294922,-80.04875183105469
1629720634,9751020,61D,0,6541,40.419593811035156,-79.92715454101562
1629720647,5494020,1,0,6302,40.47817611694336,-79.96897888183594
1629720609,6497020,69,0,6544,40.399391174316406,-79.81510162353516
1629720646,8435020,2,0,6301,40.489315032958984,-79.97267150878906
1629720640,13151020,29,0,6422,40.44383239746094,-80.02758026123047
1629720634,8033020,1,0,6414,40.540870666503906,-79.80708312988281
1629720623,13104020,59,0,6535,40.38399887084961,-79.86825561523438
1629720626,857020,56,0,6534,40.434959411621094,-79.98113250732422
1629720644,11059020,21,0,6416,40.53734588623047,-80.18498992919922
1629720641,11946020,Y46,0,6537,40.372982025146484,-79.9820327758789
1629720641,9253020,41,0,6415,40.359039306640625,-80.10964965820312
1629720642,4588020,60,0,6538,40.35064697265625,-79.86746978759766
1629720628,4042020,74,0,6551,40.460697174072266,-79.92771911621094
1629720617,7703020,2,0,6311,40.566978454589844,-80.00491333007812
1629720642,4722020,75,0,6553,40.48794174194336,-79.8892593383789
1629720618,7037020,54,0,6310,40.420955657958984,-80.00590515136719
1629720643,3284020,61D,0,6431,40.40768814086914,-79.9138412475586
1629720618,10219020,74,0,6552,40.47003936767578,-79.89702606201172
1629720637,6365020,13,0,6313,40.519901275634766,-80.04303741455078
1629720626,4103020,64,0,6434,40.40901565551758,-79.91224670410156
1629720630,1162020,P68,0,6555,40.405128479003906,-79.82665252685547
1629720642,9105020,2,0,6312,40.56376266479492,-79.9898681640625
1629720637,4948020,57,0,6433,40.43437957763672,-79.96607208251953
1629720444,-1912009237,15,1,6304,40.44558334350586,-79.98977661132812
1629720646,10483020,27,0,6424,40.446495056152344,-80.06831359863281
1629720627,14294020,28X,0,6545,40.43648910522461,-79.96649932861328
1629720596,1525020,17,0,6306,40.443885803222656,-79.99844360351562
1629720628,5246020,77,0,6548,40.46101760864258,-79.92354583740234
1629720635,2952020,G3,0,6427,40.50389862060547,-80.22465515136719
1629720636,3618020,38,0,6426,40.42852020263672,-80.02974700927734
1629720640,7417020,82,0,6547,40.4732666015625,-79.8879165649414
1629720603,12021020,83,0,6429,40.45149612426758,-79.97052001953125
1629720624,3409020,13,0,6307,40.46206283569336,-80.03079986572266
1629720643,7401020,57,0,6428,40.41297149658203,-79.90312194824219
1629720643,6377020,P68,0,6549,40.42911911010742,-79.7490463256836
1629720639,6534020,36,0,6320,40.355323791503906,-80.05046844482422
1629720629,8231020,61A,0,6441,40.441246032714844,-79.89203643798828
1629720630,8361020,Y47,0,6440,40.341209411621094,-79.94500732421875
1629720648,1263020,81,0,6443,40.440792083740234,-79.97408294677734
1629720628,9351020,48,0,6321,40.417152404785156,-79.9759521484375
1629720623,445020,2,0,6203,40.48120880126953,-79.97480010986328
1629720644,10697020,21,0,6324,40.536441802978516,-80.1950912475586
1629720640,5444020,61A,0,6445,40.41439437866211,-79.85530090332031
1629720646,12994020,24,0,6323,40.471954345703125,-80.07274627685547
1629720631,3167020,82,0,6557,40.46013259887695,-79.92118835449219
1629720636,12596020,91,0,6315,40.466678619384766,-79.96439361572266
1629720637,12509020,77,0,6556,40.4666748046875,-79.83284759521484
1629720587,12609020,O5,0,6316,40.44282913208008,-79.99119567871094
1629720632,6278020,31,0,6319,40.379493713378906,-80.09593200683594
1629720620,9661020,51,0,6439,40.43462371826172,-80.0022964477539
1629720622,10113020,21,0,6331,40.50777053833008,-80.11121368408203
1629720633,13910020,27,0,6330,40.44263458251953,-80.02432250976562
1629720131,6450020,39,0,6332,40.446006774902344,-79.9890365600586
1629720629,5093020,89,0,6453,40.46103286743164,-79.9275131225586
1629720637,5735020,61D,0,6335,40.442138671875,-80.0009765625
1629720589,6541020,41,0,6326,40.42190933227539,-80.00630187988281
1629720639,598020,51,0,6447,40.428619384765625,-79.99187469482422
1629720629,11864020,29,0,6325,40.449981689453125,-80.17604064941406
1629720618,11759020,56,0,6448,40.4306526184082,-79.95857238769531
1629720626,9726020,15,0,6209,40.48318862915039,-80.00382995605469
1629720484,9934020,14,0,6208,40.59194564819336,-80.22742462158203
1629720628,9759020,74,0,6463,40.460540771484375,-79.92233276367188
1629720646,9388020,Y1,0,6342,40.3746337890625,-79.98270416259766
1629720644,10005020,67,0,6462,40.44672775268555,-79.91228485107422
1629720634,8329020,39,0,6223,40.44386291503906,-79.9944839477539
1629720631,411020,61A,0,6343,40.414241790771484,-79.85277557373047
1629720642,6057020,31,0,6225,40.35894012451172,-80.11203002929688
1629720633,8180020,91,0,6104,40.46055221557617,-79.96971130371094
1629720631,13168020,65,0,6337,40.42605972290039,-79.91722869873047
1629720637,4577020,8,0,6216,40.45228958129883,-80.00135803222656
1629720622,4345020,6,0,6215,40.44627380371094,-79.98839569091797
1629720626,6991020,69,0,6457,40.40381622314453,-79.82423400878906
1629720636,7035020,56,0,6339,40.369544982910156,-79.91227722167969
1629720643,9481020,41,0,6217,40.381649017333984,-80.05878448486328
1629720632,10022020,61A,0,6338,40.439701080322266,-79.89684295654297
1629720603,3737020,52L,0,6353,40.427860260009766,-79.92823028564453
1629720642,14325020,59,0,6111,40.392520904541016,-79.87786102294922
1629720599,12759020,53L,0,6113,40.34328842163086,-79.94216918945312
1629720641,2923020,61B,0,6355,40.41039276123047,-79.87810516357422
1629720645,8898020,59,0,6112,40.394989013671875,-79.83924102783203
1629720629,8594020,55,0,6115,40.33245849609375,-79.92675018310547
1629720624,8549020,Y47,0,6235,40.341705322265625,-79.94387817382812
1629720634,14501020,38,0,6108,40.44356155395508,-80.02686309814453
1629720628,6696020,77,0,6362,40.45145034790039,-79.75584411621094
1629720634,11475020,93,0,6241,40.48281478881836,-79.94808959960938
1629720615,1620020,61A,0,6240,40.44094467163086,-79.93601989746094
1629720635,1359020,P17,0,6361,40.46982955932617,-79.86138153076172
1629720635,9532020,52L,0,6122,40.40225601196289,-79.88897705078125
1629720647,5866020,8,0,6001,40.486846923828125,-80.01626586914062
1629720645,1480020,82,0,6364,40.44172286987305,-79.9896011352539
1629720648,13422020,P12,0,6363,40.43415451049805,-79.73246765136719
1629720622,6715020,51,0,6124,40.441287994384766,-80.00191497802734
1629720629,6027020,91,0,6003,40.491668701171875,-79.87035369873047
1629720636,6385020,P16,0,6366,40.443267822265625,-79.99673461914062
1629720642,11764020,51,0,6244,40.4286994934082,-79.9883041381836
1629720639,7806020,6,0,6005,40.4836540222168,-80.00382232666016
1629720644,11849020,93,0,6247,40.406349182128906,-79.94193267822266
1629720646,3194020,55,0,6125,40.294090270996094,-79.89164733886719
1629720623,189020,59,0,6246,40.34706115722656,-79.8641128540039
1629720612,7879020,87,0,6367,40.48324966430664,-79.94773864746094
1629720582,727020,28X,0,6360,40.49618911743164,-80.25886535644531
1629720633,5004020,71A,0,6359,40.479278564453125,-79.91883087158203
1629720608,3971020,61C,0,6358,40.41962814331055,-79.92736053466797
1629720615,1114020,Y47,0,6237,40.441253662109375,-80.00164031982422
1629720625,14376020,61A,0,6239,40.417091369628906,-79.88088989257812
1629720643,567020,64,0,6118,40.4674072265625,-79.96067810058594
1629720642,6563020,61B,0,6252,40.41376495361328,-79.85311126708984
1629720643,10123020,51,0,6130,40.3537483215332,-79.93927001953125
1629720625,9153020,61C,0,6133,40.42940902709961,-79.92353820800781
1629720641,9553020,91,0,6011,40.49565887451172,-79.93867492675781
1629720644,7816020,16,0,6014,40.461143493652344,-80.01873016357422
1629720640,14706020,67,0,6137,40.4444694519043,-79.94805908203125
1629720622,4135020,P68,0,6258,40.42518615722656,-79.868896484375
1629720627,2289020,22,0,6015,40.4752197265625,-80.0585708618164
1629720637,8384020,14,0,6007,40.515838623046875,-80.12174224853516
1629720645,9341020,61B,0,6127,40.443580627441406,-79.95198822021484
1629720638,1031020,P16,0,6369,40.46038055419922,-79.8067855834961
1629720642,10102020,12,0,6009,40.558631896972656,-80.02327728271484
1629720624,9058020,21,0,6021,40.44318771362305,-80.00450134277344
1629720630,8522020,67,0,6262,40.42860794067383,-79.79644775390625
1629720641,7889020,86,0,6144,40.44996643066406,-79.89185333251953
1629720628,7846020,P17,0,6265,40.441200256347656,-79.99565887451172
1629720648,6595020,75,0,6264,40.45518112182617,-79.93177032470703
1629720638,14478020,77,0,6143,40.45541000366211,-79.96675872802734
1629720634,8788020,G3,0,6022,40.452091217041016,-80.17301940917969
1629720645,3871020,29,0,6025,40.44667053222656,-80.14359283447266
1629720633,-1385054416,71D,1,6146,40.44725036621094,-79.94476318359375
1629720647,11071020,P78,0,6266,40.48208236694336,-79.83788299560547
1629720620,552020,P71,0,6269,40.415184020996094,-79.87940216064453
1629720561,9021020,P78,0,6148,40.540443420410156,-79.83123016357422
1629720630,10903020,75,0,6147,40.48744583129883,-79.8884506225586
1629720646,2820020,87,0,6268,40.4437141418457,-79.99458312988281
1629720640,1749020,87,0,6140,40.46186447143555,-79.9639663696289
1629720640,9939020,41,0,6018,40.34926986694336,-80.10466766357422
1629720647,8155020,64,0,6139,40.450164794921875,-79.92984771728516
1629720637,4053020,48,0,6017,40.43873977661133,-80.001708984375
1629720643,5003020,69,0,6259,40.388851165771484,-79.76668548583984
1629720525,11462020,75,0,6138,40.444515228271484,-79.95467376708984
1629720628,10910020,71D,0,6274,40.44321823120117,-79.8863525390625
1629720640,2691020,87,0,6153,40.46232986450195,-79.94519805908203
1629720616,5046020,59,0,6031,40.41132354736328,-79.90898895263672
1629720638,13162020,87,0,6152,40.464481353759766,-79.93008422851562
1629720644,13365020,56,0,6034,40.345436096191406,-79.82695007324219
1629720648,1676020,64,0,6155,40.415985107421875,-79.9253158569336
1629720619,14675020,71C,0,7001,40.44316101074219,-79.95655822753906
1629720642,14694020,93,0,6033,40.453556060791016,-79.95306396484375
1629720631,13132020,53L,0,6036,40.40690231323242,-79.91486358642578
1629720646,5198020,82,0,6156,40.444190979003906,-79.97923278808594
1629720628,8911020,87,0,6159,40.483001708984375,-79.94789123535156
1629720642,11689020,77,0,6158,40.45519256591797,-79.8798599243164
1629720637,583020,75,0,6272,40.4266357421875,-79.964111328125
1629720620,10480020,67,0,6271,40.42869186401367,-79.79680633544922
1629720630,1123020,51,0,6029,40.41899108886719,-79.98684692382812
1629720642,11943020,53L,0,6043,40.38655090332031,-79.90265655517578
1629720642,3203020,83,0,6042,40.44101333618164,-79.98603820800781
1629720632,9582020,74,0,6048,40.4642448425293,-79.90096282958984
1629720637,9868020,P67,0,6160,40.447452545166016,-79.88923645019531
1629720626,9797020,11,0,1701,40.444488525390625,-79.99124145507812
1629720440,5160020,4,0,1709,40.50149154663086,-80.0217056274414
1629720634,304020,11,0,1707,40.44608688354492,-79.98870086669922
1629720646,6154020,11,0,1704,40.4599494934082,-80.01065826416016
1629720633,440020,7,0,1702,40.484519958496094,-79.99658966064453
1629720645,9863020,71C,0,6056,40.46116638183594,-79.93209075927734
1629720639,3915020,71D,0,6059,40.44474411010742,-79.88551330566406
1629720628,2575020,71C,0,6051,40.44568634033203,-79.89137268066406
1629720620,841020,4,0,1710,40.45394515991211,-79.99798583984375
1629720635,797020,40,0,1719,40.43223190307617,-80.0164794921875
1629720619,6221020,43,0,1714,40.42131805419922,-80.00576782226562
1629720638,6593020,44,0,1720,40.43722152709961,-80.00056457519531
1629720638,12199020,44,0,1727,40.40644836425781,-79.99229431152344
1629720621,11308020,44,0,1726,40.421199798583984,-79.99738311767578
1629720625,5770020,44,0,1724,40.413291931152344,-79.9876480102539
1629720640,14071020,16,0,5907,40.4593391418457,-80.01651763916016
1629720643,11015020,16,0,5908,40.503868103027344,-80.07485961914062
1629720630,602020,16,0,5909,40.44194030761719,-80.00119018554688
1629720633,5257020,91,0,5901,40.44390106201172,-79.99430847167969
1629720638,423020,6,0,5902,40.47727966308594,-79.99978637695312
1629720619,11417020,54,0,5903,40.458072662353516,-79.9646987915039
1629720647,1394020,48,0,5917,40.42134475708008,-80.00601196289062
1629720638,2297020,31,0,5911,40.44355392456055,-80.0268325805664
1629720616,8190020,27,0,5914,40.44144821166992,-80.06874084472656
1629720618,12358020,93,0,5926,40.44276428222656,-79.95707702636719
1629720631,5366020,59,0,5927,40.41209030151367,-79.87650299072266
1629720626,2391020,12,0,5807,40.586334228515625,-80.03323364257812
1629720632,11420020,17,0,5809,40.50136184692383,-80.0213394165039
1629721474,12456020,51,0,5816,40.40384292602539,-79.99011993408203
1629721489,7769020,88,0,5937,40.45747375488281,-79.97473907470703
1629721464,6693020,51L,0,5819,40.43097686767578,-80.00208282470703
1629721486,13834020,61B,0,5931,40.40822982788086,-79.8764877319336
1629721488,11204020,26,0,5811,40.4394645690918,-80.01649475097656
1629721482,6731020,51L,0,5932,40.38367462158203,-79.97740173339844
1629721503,2523020,59,0,5815,40.373016357421875,-79.84761047363281
1629721504,783020,13,0,5707,40.472564697265625,-80.03761291503906
1629721484,147020,22,0,5708,40.46733856201172,-80.09814453125
1629721505,2944020,O12,0,3403,40.45210266113281,-79.99700927734375
1629721472,10334020,O1,0,3402,40.441898345947266,-80.0019302368164
1629721464,13380020,58,0,5940,40.434261322021484,-79.95191192626953
1629721458,2457020,82,0,5942,40.45674514770508,-79.91360473632812
1629721482,9236020,17,0,5701,40.4551887512207,-80.02006530761719
1629721480,2432020,71A,0,5823,40.45746612548828,-79.93424987792969
1629721486,3642020,71D,0,5944,40.455406188964844,-79.90101623535156
1629721496,4450020,54,0,5703,40.455501556396484,-80.00239562988281
1629721501,6547020,67,0,5945,40.4454345703125,-79.8566665649414
1629721497,2354020,1,0,5705,40.48931121826172,-79.87480163574219
1629721502,7998020,71B,0,3420,40.44121170043945,-79.9591064453125
1629721502,10626020,P2,0,3417,40.45637512207031,-79.9458999633789
1629721482,11068020,28X,0,3416,40.4404411315918,-79.99846649169922
1629721503,4784020,P1,0,3414,40.455413818359375,-79.90515899658203
1629721493,6871020,71B,0,3412,40.47541809082031,-79.91905975341797
1629721488,1678020,71C,0,3410,40.46077346801758,-79.93232727050781
1629721477,4198020,P2,0,3419,40.445377349853516,-79.88738250732422
1629721493,9949020,61D,0,3306,40.411163330078125,-79.90646362304688
1629721496,12724020,71D,0,3424,40.437984466552734,-79.99249267578125
1629721482,8719020,P1,0,3421,40.42560958862305,-79.88578796386719
1629721476,4631020,71B,0,5722,40.43873977661133,-79.98928833007812
1629721490,3960020,15,0,5603,40.47129440307617,-80.0072021484375
1629721456,1717020,2,0,5605,40.52762985229492,-80.00853729248047
1629721467,8441020,61A,0,3309,40.43761444091797,-79.98397064208984
1629721501,4435020,P7,0,3308,40.4415283203125,-80.00247955322266
1629721483,384020,71C,0,3321,40.443946838378906,-79.95540618896484
1629721488,4263020,P1,0,3320,40.45909881591797,-79.96739959716797
1629721494,7458020,61D,0,3318,40.4440803527832,-79.95010375976562
1629721483,4385020,61A,0,3313,40.43800354003906,-79.91203308105469
1629721482,3175020,24,0,5611,40.44343948364258,-80.02615356445312
1629721483,6782020,8,0,5732,40.444889068603516,-80.00096130371094
1629721501,910020,28X,0,3331,40.45798873901367,-79.91287994384766
1629721496,14130020,71D,0,3330,40.44100570678711,-79.99653625488281
1629721499,2692020,61C,0,3207,40.42412185668945,-79.9283447265625
1629721505,12016020,P1,0,3328,40.44233703613281,-79.99712371826172
1629721499,5671020,61D,0,3206,40.43806457519531,-79.92684936523438
1629721465,1318020,71B,0,3327,40.47959518432617,-79.92196655273438
1629721490,12879020,71A,0,3326,40.45693588256836,-79.93511199951172
1629721498,8589020,61D,0,3204,40.44054412841797,-79.99524688720703
1629721484,3818020,71B,0,3325,40.4411506652832,-80.00147247314453
1629721505,10497020,61A,0,3202,40.440738677978516,-80.0003890991211
1629721467,12128020,71A,0,3323,40.437660217285156,-79.98512268066406
1629721474,2969020,P3,0,3201,40.452388763427734,-79.94966888427734
1629721490,13832020,14,0,5627,40.44763946533203,-80.01893615722656
1629721448,4591020,P1,0,3221,40.41512680053711,-79.87915802001953
1629721449,-635394322,88,1,3220,40.4569091796875,-79.91360473632812
1629721496,5431020,24,0,6609,40.4524040222168,-80.15922546386719
1629721475,7462020,19L,0,6608,40.44023895263672,-79.99617004394531
1629721477,13146020,71C,0,3218,40.44734573364258,-79.895751953125
1629721500,1916020,86,0,3334,40.459049224853516,-79.90962982177734
1629721450,7380020,88,0,3213,40.465450286865234,-79.95642852783203
1629721432,4674020,71B,0,3212,40.460941314697266,-79.9249038696289
1629721503,9953020,17,0,6603,40.50143051147461,-80.02338409423828
1629721499,1526020,31,0,5634,40.44328689575195,-79.99667358398438
1629721497,8489020,12,0,6602,40.54549789428711,-80.01966094970703
1629721504,11571020,16,0,6605,40.47661590576172,-80.03173828125
1629721490,9588020,12,0,6604,40.44458770751953,-80.00064086914062
1629721496,8508020,91,0,6607,40.49644088745117,-79.88239288330078
1629721502,4732020,14,0,6606,40.5598258972168,-80.20157623291016
1629721416,9897020,59,0,6621,40.38811492919922,-79.82345581054688
1629721496,4172020,61C,0,6619,40.44426345825195,-79.9493408203125
1629721495,698020,71A,0,3226,40.4398193359375,-79.99793243408203
1629721497,786020,P78,0,3225,40.44070816040039,-79.8780746459961
1629721488,7174020,P1,0,3224,40.415252685546875,-79.88024139404297
1629721477,14673020,20,0,6611,40.44377899169922,-80.02716064453125
1629721475,12291020,51,0,6616,40.38059997558594,-79.97611999511719
1629721475,911020,38,0,6615,40.44241714477539,-80.03104400634766
1629721500,11431020,83,0,6618,40.43035125732422,-79.97705078125
1629721505,10206020,59,0,6617,40.34806823730469,-79.87859344482422
1629721497,3513020,51,0,5660,40.36199951171875,-79.9322280883789
1629721475,7194020,61B,0,6630,40.440406799316406,-79.99464416503906
1629721455,106020,Y46,0,6631,40.43106460571289,-80.0019760131836
1629721502,8913020,13,0,6509,40.51650619506836,-80.03756713867188
1629721479,4128020,G2,0,3238,40.441532135009766,-80.00320434570312
1629721501,12276020,G2,0,3234,40.4412841796875,-80.006103515625
1629721499,12844020,91,0,6502,40.4547119140625,-79.97711944580078
1629721500,12604020,1,0,6501,40.60213088989258,-79.7542724609375
1629721501,13265020,61C,0,6622,40.40814971923828,-79.90880584716797
1629721438,3916020,Y49,0,5655,40.341651916503906,-79.94393157958984
1629721473,4690020,13,0,6503,40.51757049560547,-80.03775787353516
1629721483,2882020,Y49,0,6624,40.44192123413086,-79.99905395507812
1629721497,14629020,52L,0,6627,40.41934585571289,-79.92707061767578
1629721501,14572020,54,0,6506,40.46289825439453,-79.95136260986328
1629721482,12867020,55,0,6626,40.337928771972656,-79.86328125
1629721477,3049020,61C,0,6629,40.438777923583984,-79.99019622802734
1629721480,7466020,19L,0,6507,40.513240814208984,-80.09626007080078
1629721487,2255020,83,0,6628,40.44664764404297,-79.96009826660156
1629721486,5674020,71D,0,5670,40.44145965576172,-79.95891571044922
1629721499,4000020,39,0,6520,40.42144775390625,-80.00659942626953
1629721484,11036020,71A,0,6641,40.43730545043945,-79.97145080566406
1629721504,739020,P68,0,6640,40.42445373535156,-79.79116821289062
1629721503,1537020,8,0,6401,40.46007537841797,-80.01207733154297
1629721477,-131915616,P10,1,6643,40.493858337402344,-79.9024887084961
1629721481,7931020,67,0,6642,40.43946838378906,-80.00467681884766
1629721500,1598020,P3,0,3255,40.44221115112305,-79.95787811279297
1629721467,13600020,61B,0,3253,40.438819885253906,-79.99475860595703
1629721494,11974020,61D,0,3251,40.411136627197266,-79.90630340576172
1629721489,12742020,P76,0,3250,40.38652420043945,-79.82161712646484
1629721477,7702020,P3,0,3248,40.41476058959961,-79.87879180908203
1629721484,12692020,P76,0,3245,40.456634521484375,-79.9327163696289
1629721501,6167020,53L,0,6634,40.42710876464844,-79.93702697753906
1629721489,9303020,51,0,6633,40.42951583862305,-79.99737548828125
1629721503,14378020,6,0,6512,40.45663070678711,-79.99506378173828
1629721487,3862020,24,0,6515,40.474632263183594,-80.07965087890625
1629721489,282020,86,0,5667,40.45881271362305,-79.9288330078125
1629721502,10099020,81,0,6635,40.441219329833984,-79.95744323730469
1629721488,13415020,20,0,6517,40.46623992919922,-80.07628631591797
1629721504,14045020,29,0,6519,40.44402313232422,-79.99205017089844
1629721480,2167020,26,0,6518,40.44184112548828,-80.06922149658203
1629721489,1203020,1,0,6410,40.44364547729492,-79.99347686767578
1629721498,1555020,67,0,6652,40.446319580078125,-79.89266967773438
1629721501,14210020,93,0,6531,40.43367004394531,-79.92296600341797
1629721476,3406020,28X,0,6654,40.49909973144531,-80.25595092773438
1629721497,396020,61B,0,6533,40.41341018676758,-79.85413360595703
1629721499,1350020,61B,0,6532,40.442970275878906,-79.95430755615234
1629721496,2213020,71C,0,6653,40.437896728515625,-79.99011993408203
1629721498,5536020,91,0,6411,40.50041580200195,-79.86093139648438
1629721486,12942020,P78,0,3260,40.44398880004883,-79.9919662475586
1629721501,7929020,61C,0,3257,40.44004821777344,-79.99421691894531
1629721489,8544020,1,0,6403,40.56329345703125,-79.76582336425781
1629721500,14551020,Y49,0,6524,40.34817123413086,-79.94719696044922
1629721440,8144020,12,0,6402,40.58654022216797,-80.02986145019531
1629721504,7632020,77,0,6644,40.48909378051758,-79.77622985839844
1629721500,8177020,54,0,6405,40.42536926269531,-79.98089599609375
1629721481,5588020,56,0,6526,40.35110855102539,-79.87328338623047
1629721482,5924020,54,0,6404,40.428401947021484,-79.97425842285156
1629721500,5777020,61A,0,6525,40.40829086303711,-79.85795593261719
1629721489,6007020,71A,0,6646,40.45606231689453,-79.93816375732422
1629721483,5253020,61C,0,6528,40.43189239501953,-79.92320251464844
1629721492,4779020,71A,0,6649,40.441253662109375,-79.9972152709961
1629721492,-2126348028,91,1,6407,40.48774337768555,-79.88673400878906
1629721485,3495020,P7,0,6527,40.422019958496094,-79.8864974975586
1629721496,3726020,18,0,6408,40.458900451660156,-80.03296661376953
1629721500,14450020,Y46,0,6540,40.29212951660156,-79.8916015625
1629721496,9751020,61D,0,6541,40.436607360839844,-79.92290496826172
1629721505,5494020,1,0,6302,40.443756103515625,-79.99835205078125
1629721495,6497020,69,0,6544,40.39548873901367,-79.80391693115234
1629721504,8435020,2,0,6301,40.544677734375,-79.97236633300781
1629721483,13151020,29,0,6422,40.43859100341797,-80.07080841064453
1629721502,8033020,1,0,6414,40.5823974609375,-79.77838897705078
1629721493,13104020,59,0,6535,40.36924743652344,-79.8487777709961
1629721486,857020,56,0,6534,40.38652038574219,-79.93204498291016
1629721497,13771020,21,0,6416,40.537696838378906,-80.18550109863281
1629721496,11946020,Y46,0,6537,40.31023025512695,-79.93749237060547
1629721499,9253020,41,0,6415,40.37630081176758,-80.06774139404297
1629721492,4588020,60,0,6538,40.32136154174805,-79.83612823486328
1629721483,4042020,74,0,6551,40.460697174072266,-79.92771911621094
1629721502,7703020,2,0,6311,40.54397964477539,-80.01054382324219
1629721478,4722020,75,0,6553,40.47123336791992,-79.92546844482422
1629721475,10077020,54,0,6310,40.42124938964844,-79.99738311767578
1629721471,3284020,61D,0,6431,40.432621002197266,-79.92310333251953
1629721490,10219020,74,0,6552,40.46132278442383,-79.91603088378906
1629721505,6365020,13,0,6313,40.47885513305664,-80.04068756103516
1629721505,4103020,64,0,6434,40.42030334472656,-79.92841339111328
1629721492,1162020,P68,0,6555,40.410308837890625,-79.85116577148438
1629721475,9105020,2,0,6312,40.50200271606445,-79.94682312011719
1629721503,4971020,57,0,6433,40.43606185913086,-79.99578857421875
1629721477,2258020,71B,0,6546,40.45581817626953,-79.92526245117188
1629721485,5598020,26,0,6424,40.44131851196289,-80.0687484741211
1629721464,14294020,28X,0,6545,40.443016052246094,-79.99769592285156
1629721460,235020,17,0,6306,40.45603942871094,-80.00399017333984
1629721450,5246020,77,0,6548,40.45537185668945,-79.9671630859375
1629721500,7417020,82,0,6547,40.46033477783203,-79.91578674316406
1629721477,12021020,83,0,6429,40.441871643066406,-79.96288299560547
1629721505,3409020,13,0,6307,40.44218063354492,-80.00098419189453
1629721504,3382020,57,0,6428,40.41093826293945,-79.90693664550781
1629721501,6377020,P68,0,6549,40.428688049316406,-79.79761505126953
1629721480,6534020,36,0,6320,40.39036560058594,-80.04759216308594
1629721504,8231020,61A,0,6441,40.4122200012207,-79.87013244628906
1629721491,8361020,Y47,0,6440,40.352134704589844,-79.9888687133789
1629721463,1263020,81,0,6443,40.44048309326172,-79.9949722290039
1629721478,9351020,48,0,6321,40.42107009887695,-80.00541687011719
1629721481,10697020,21,0,6324,40.50399398803711,-80.22522735595703
1629721498,5444020,61A,0,6445,40.41377258300781,-79.85322570800781
1629721494,12994020,24,0,6323,40.45872116088867,-80.13809204101562
1629721505,3167020,82,0,6557,40.44721221923828,-79.9674072265625
1629721484,6592020,91,0,6315,40.441184997558594,-80.00025939941406
1629721503,12509020,77,0,6556,40.45783996582031,-79.89826202392578
1629721505,6278020,31,0,6319,40.4163818359375,-80.06697845458984
1629721487,2939020,51,0,6439,40.42866134643555,-79.9901123046875
1629721475,10113020,21,0,6331,40.46432113647461,-80.0577163696289
1629721504,3894020,79,0,6452,40.45361328125,-79.87329864501953
1629721447,2372020,27,0,6330,40.44338607788086,-80.02627563476562
1629721491,9881020,Y45,0,6333,40.318992614746094,-79.99482727050781
1629721428,5093020,89,0,6453,40.46103286743164,-79.9275131225586
1629721494,10571020,61D,0,6335,40.437713623046875,-79.98606872558594
1629721422,1625020,67,0,6456,40.4441032409668,-79.75829315185547
1629721497,7949020,P3,0,6334,40.456520080566406,-79.9463119506836
1629721505,6158020,41,0,6326,40.44099426269531,-79.9980239868164
1629721502,598020,51,0,6447,40.39031219482422,-79.98605346679688
1629721477,9726020,15,0,6209,40.46021270751953,-80.01715087890625
1629721482,4351020,14,0,6208,40.563140869140625,-80.20468139648438
1629721482,9759020,74,0,6463,40.47073745727539,-79.89759063720703
1629721497,9388020,Y1,0,6342,40.4286003112793,-80.00489807128906
1629721487,10005020,67,0,6462,40.4434928894043,-79.95610809326172
1629721490,411020,61A,0,6343,40.415409088134766,-79.87677764892578
1629721478,8180020,91,0,6104,40.48828887939453,-79.93750762939453
1629721503,13168020,65,0,6337,40.43586349487305,-79.9603042602539
1629721505,4577020,8,0,6216,40.480735778808594,-80.01325225830078
1629721503,8950020,6,0,6215,40.445945739746094,-79.9892578125
1629721497,6991020,69,0,6457,40.44121170043945,-79.87777709960938
1629721494,7035020,56,0,6339,40.419288635253906,-79.94841766357422
1629721486,9481020,41,0,6217,40.358341217041016,-80.10527801513672
1629721483,10022020,61A,0,6338,40.440059661865234,-79.9352035522461
1629721501,14325020,59,0,6111,40.41145324707031,-79.90829467773438
1629721456,2923020,61B,0,6355,40.43852996826172,-79.89717102050781
1629721485,8898020,59,0,6112,40.40824508666992,-79.86717987060547
1629721504,8594020,55,0,6115,40.3414421081543,-79.94438171386719
1629721485,14501020,38,0,6108,40.408512115478516,-80.05001068115234
1629721496,12026020,24,0,6107,40.45172119140625,-80.16266632080078
1629721486,6696020,77,0,6362,40.45315170288086,-79.75016784667969
1629721503,111020,93,0,6241,40.480804443359375,-79.9542007446289
1629721503,1620020,61A,0,6240,40.43709945678711,-79.97081756591797
1629721482,1359020,P17,0,6361,40.45622634887695,-79.91011047363281
1629721498,9532020,52L,0,6122,40.362152099609375,-79.85877990722656
1629721492,5866020,8,0,6001,40.51661682128906,-80.03661346435547
1629721490,1480020,82,0,6364,40.45328903198242,-79.94732666015625
1629721466,13422020,P12,0,6363,40.436279296875,-79.8726806640625
1629721495,3014020,51,0,6124,40.428794860839844,-79.98469543457031
1629721487,6027020,91,0,6003,40.49444580078125,-79.92784118652344
1629721480,11764020,51,0,6244,40.440425872802734,-80.00056457519531
1629721495,12767020,51,0,6126,40.42881393432617,-79.98152160644531
1629721492,7806020,6,0,6005,40.45349884033203,-80.00060272216797
1629721489,11849020,93,0,6247,40.407955169677734,-79.92637634277344
1629721498,3194020,55,0,6125,40.32587814331055,-79.89242553710938
1629721488,189020,59,0,6246,40.35231018066406,-79.90454864501953
1629721500,7879020,87,0,6367,40.47567367553711,-79.9309310913086
1629721433,727020,28X,0,6360,40.45088577270508,-80.17448425292969
1629721480,5056020,71A,0,6359,40.47891616821289,-79.9190902709961
1629721492,3971020,61C,0,6358,40.38412857055664,-79.86041259765625
1629721483,8665020,Y47,0,6237,40.411720275878906,-80.00849914550781
1629721491,14376020,61A,0,6239,40.44050598144531,-79.88764190673828
1629721502,567020,64,0,6118,40.452335357666016,-79.93112182617188
1629721331,6563020,61B,0,6252,40.41377258300781,-79.85322570800781
1629721503,10123020,51,0,6130,40.3495979309082,-79.97602844238281
1629721498,9153020,61C,0,6133,40.44620895385742,-79.9522933959961
1629721500,9553020,91,0,6011,40.46141052246094,-79.96902465820312
1629721481,7816020,16,0,6014,40.49839401245117,-80.0613784790039
1629721454,11767020,53L,0,6135,40.3432731628418,-79.94226837158203
1629721494,7233020,51,0,6134,40.36194610595703,-79.92989349365234
1629721499,14706020,67,0,6137,40.43890380859375,-79.99263763427734
1629721501,4135020,P68,0,6258,40.45673751831055,-79.93245697021484
1629721483,2289020,22,0,6015,40.47354507446289,-80.0569076538086
1629721497,8384020,14,0,6007,40.462310791015625,-80.03121948242188
1629721501,8359020,54,0,6006,40.45468521118164,-79.97722625732422
1629721489,9341020,61B,0,6127,40.43589782714844,-79.89606475830078
1629721485,1031020,P16,0,6369,40.44572448730469,-79.85470581054688
1629721501,10102020,12,0,6009,40.54596710205078,-80.0200424194336
1629721500,9058020,21,0,6021,40.473506927490234,-80.06237030029297
1629721494,8522020,67,0,6262,40.4382209777832,-79.7601089477539
1629721488,10023020,71D,0,6144,40.44996643066406,-79.89185333251953
1629721494,6595020,75,0,6264,40.437225341796875,-79.97113037109375
1629721502,14478020,77,0,6143,40.46085739135742,-79.9232406616211
1629721442,8788020,G3,0,6022,40.45267868041992,-80.03914642333984
1629721502,3871020,29,0,6025,40.435123443603516,-80.06551361083984
1629721497,-1385054416,71D,1,6146,40.45060348510742,-79.88449096679688
1629721502,11071020,P78,0,6266,40.44416809082031,-79.8761215209961
1629721505,552020,P71,0,6269,40.415184020996094,-79.87940216064453
1629721487,9021020,P78,0,6148,40.54039001464844,-79.8311767578125
1629721487,758020,75,0,6147,40.487060546875,-79.89447021484375
1629721479,2820020,87,0,6268,40.46231460571289,-79.94465637207031
1629721465,6638020,87,0,6140,40.44163131713867,-80.00210571289062
1629721489,9939020,41,0,6018,40.34920883178711,-80.10366821289062
1629721483,8155020,64,0,6139,40.467323303222656,-79.96342468261719
1629721497,10547020,48,0,6017,40.428794860839844,-79.98470306396484
1629721504,3798020,69,0,6259,40.40122985839844,-79.78113555908203
1629721477,11462020,75,0,6138,40.4244384765625,-79.96220397949219
1629721484,10910020,71D,0,6274,40.45370864868164,-79.91466522216797
1629721501,2691020,87,0,6153,40.48258590698242,-79.95169067382812
1629721500,5046020,59,0,6031,40.397789001464844,-79.8809585571289
1629721493,13162020,87,0,6152,40.45370101928711,-79.97870635986328
1629721488,13365020,56,0,6034,40.3467903137207,-79.82926940917969
1629721501,1676020,64,0,6155,40.412742614746094,-79.90293884277344
1629721457,12637020,69,0,7002,40.44279861450195,-79.88684844970703
1629721495,10836020,71C,0,6275,40.44042205810547,-79.8879165649414
1629721493,14675020,71C,0,7001,40.44104766845703,-79.99665069580078
1629721505,14694020,93,0,6033,40.43418502807617,-79.9520034790039
1629721497,13132020,53L,0,6036,40.38080978393555,-79.90657043457031
1629721502,5254020,82,0,6156,40.44306564331055,-79.99752044677734
1629721453,9315020,87,0,6159,40.48290252685547,-79.94801330566406
1629721504,11689020,77,0,6158,40.47209548950195,-79.81951904296875
1629721483,13540020,75,0,6272,40.42427062988281,-79.96235656738281
1629721495,10480020,67,0,6271,40.44584655761719,-79.84430694580078
1629721491,1123020,51,0,6029,40.38089370727539,-79.97595977783203
1629721489,11943020,53L,0,6043,40.41377639770508,-79.92271423339844
1629721482,1160020,83,0,6042,40.44247055053711,-79.995849609375
1629721483,9582020,74,0,6048,40.4494514465332,-79.90110778808594
1629721505,9868020,P67,0,6160,40.44291305541992,-79.99806213378906
1629721492,9797020,11,0,1701,40.45836639404297,-80.00751495361328
1629721498,304020,11,0,1707,40.44608688354492,-79.98870086669922
1629721498,6154020,11,0,1704,40.44355392456055,-79.99297332763672
1629721503,440020,7,0,1702,40.45158767700195,-80.00112915039062
1629721497,9863020,71C,0,6056,40.44717788696289,-79.94911193847656
1629721500,3915020,71D,0,6059,40.45716857910156,-79.91435241699219
1629721484,2575020,71C,0,6051,40.46346664428711,-79.9304428100586
1629721494,841020,4,0,1710,40.475196838378906,-79.98683166503906
1629721493,797020,40,0,1719,40.42837142944336,-80.00492858886719
1629721501,1622020,43,0,1714,40.42179870605469,-79.99365997314453
1629721503,6593020,44,0,1720,40.41554641723633,-79.99058532714844
1629721503,12199020,44,0,1727,40.416603088378906,-80.00337982177734
1629721450,11308020,44,0,1726,40.44041442871094,-80.00057220458984
1629721487,5770020,44,0,1724,40.3908805847168,-79.97640228271484
1629721461,5742020,16,0,5907,40.44232940673828,-79.99980163574219
1629721480,4219020,16,0,5908,40.503868103027344,-80.07502746582031
1629721490,602020,16,0,5909,40.454158782958984,-80.0134506225586
1629721503,5257020,91,0,5901,40.474517822265625,-79.95771026611328
1629721485,11417020,54,0,5903,40.45246887207031,-79.95015716552734
1629721500,7419020,48,0,5917,40.428199768066406,-79.97113037109375
1629721503,3411020,38,0,5918,40.38037109375,-80.09534454345703
1629721469,8439020,G31,0,5919,40.4146614074707,-80.08291625976562
1629721503,2297020,31,0,5911,40.41036605834961,-80.08219146728516
1629721495,8190020,27,0,5914,40.453556060791016,-80.077880859375
1629721501,12358020,93,0,5926,40.464359283447266,-79.95345306396484
1629721501,5366020,59,0,5927,40.40381622314453,-79.86920928955078
1629721486,11353020,12,0,5807,40.58066940307617,-80.02873992919922
1629721489,2122020,17,0,5809,40.50102996826172,-80.02245330810547
1629721484,11926020,55,0,5921,40.35841751098633,-79.93451690673828
1629721499,6754020,51,0,5923,40.38941955566406,-79.98546600341797
1629722470,12456020,51,0,5816,40.43064880371094,-80.00070190429688
1629722473,-782588880,88,1,5937,40.44623947143555,-79.99018859863281
1629722479,13834020,61B,0,5931,40.43803024291992,-79.91770935058594
1629722450,6035020,26,0,5811,40.44382095336914,-80.02745819091797
1629722454,6731020,51L,0,5932,40.42144775390625,-79.99217987060547
1629722457,2523020,59,0,5815,40.38914489746094,-79.8757553100586
1629722479,783020,13,0,5707,40.52030944824219,-80.0380630493164
1629722456,147020,22,0,5708,40.46732711791992,-80.0981216430664
1629722460,14682020,O12,0,3403,40.48100280761719,-80.0071792602539
1629722464,6266020,79,0,5942,40.472049713134766,-79.86112213134766
1629722478,9236020,17,0,5701,40.44373321533203,-79.99829864501953
1629722447,2432020,71A,0,5823,40.437862396240234,-79.96392059326172
1629722471,3642020,71D,0,5944,40.44657516479492,-79.95176696777344
1629722478,4450020,54,0,5703,40.45219421386719,-80.0064926147461
1629722449,6547020,67,0,5945,40.428165435791016,-79.7978286743164
1629722468,2354020,1,0,5705,40.54096984863281,-79.79580688476562
1629722474,7998020,71B,0,3420,40.464561462402344,-79.92340087890625
1629722455,623020,P2,0,3417,40.45623779296875,-79.93328857421875
1629722450,11068020,28X,0,3416,40.444602966308594,-79.94463348388672
1629722473,1048020,P1,0,3414,40.44169235229492,-79.99520874023438
1629722470,6871020,71B,0,3412,40.44706344604492,-79.9472427368164
1629722453,1678020,71C,0,3410,40.44985580444336,-79.89168548583984
1629722465,7303020,P2,0,3419,40.45917510986328,-79.92411041259766
1629722464,1579020,P78,0,3418,40.44364929199219,-79.9935073852539
1629722420,10760020,61D,0,3306,40.412330627441406,-79.90825653076172
1629722458,12724020,71D,0,3424,40.44692611694336,-79.94906616210938
1629722455,12068020,71B,0,5722,40.43996047973633,-79.99418640136719
1629722479,5562020,6,0,5603,40.484466552734375,-80.0052490234375
1629722476,7325020,2,0,5605,40.54549789428711,-80.01966094970703
1629722478,8441020,61A,0,3309,40.438011169433594,-79.9231948852539
1629722479,384020,71C,0,3321,40.461490631103516,-79.92503356933594
1629722424,1544020,P1,0,3320,40.45688247680664,-79.94744873046875
1629722465,7458020,61D,0,3318,40.43975067138672,-79.99418640136719
1629722470,2241020,61D,0,3317,40.411136627197266,-79.90630340576172
1629722472,4385020,61A,0,3313,40.41624069213867,-79.87944793701172
1629722445,3175020,24,0,5611,40.470489501953125,-80.0943603515625
1629722454,6782020,8,0,5732,40.47845458984375,-80.01200103759766
1629722458,6003020,71D,0,3330,40.43770217895508,-79.98583984375
1629722463,2692020,61C,0,3207,40.382442474365234,-79.85689544677734
1629722466,12016020,P1,0,3328,40.45277404785156,-79.89871215820312
1629722477,5671020,61D,0,3206,40.41318130493164,-79.90763092041016
1629722473,4321020,71B,0,3327,40.47593688964844,-79.92039489746094
1629722463,14329020,61C,0,3205,40.40802001953125,-79.90912628173828
1629722479,12879020,71A,0,3326,40.47914505004883,-79.91897583007812
1629722476,12708020,61D,0,3204,40.4379768371582,-79.99223327636719
1629722475,1309020,71B,0,3325,40.43772888183594,-79.9776611328125
1629722449,10497020,61A,0,3202,40.439693450927734,-79.95953369140625
1629722457,12128020,71A,0,3323,40.44960403442383,-79.95061492919922
1629722453,2969020,P3,0,3201,40.415184020996094,-79.8794937133789
1629722474,13832020,14,0,5627,40.511436462402344,-80.10098266601562
1629722470,4591020,P1,0,3221,40.45573425292969,-79.94503021240234
1629722458,-635394322,88,1,3220,40.464599609375,-79.93795776367188
1629722478,5431020,24,0,6609,40.45205307006836,-80.1340103149414
1629722474,1916020,86,0,3334,40.44920349121094,-79.89111328125
1629722453,4674020,71B,0,3212,40.47917175292969,-79.92002868652344
1629722420,13869020,31,0,5634,40.442893981933594,-80.02494049072266
1629722431,8489020,12,0,6602,40.56825637817383,-80.01646423339844
1629722478,5150020,16,0,6605,40.44234848022461,-80.00035858154297
1629722478,9588020,12,0,6604,40.51885223388672,-80.00476837158203
1629722458,8508020,91,0,6607,40.495296478271484,-79.93951416015625
1629722060,4732020,14,0,6606,40.59321594238281,-80.22943878173828
1629722479,9897020,59,0,6621,40.406707763671875,-79.86092376708984
1629722471,4172020,61C,0,6619,40.40812683105469,-79.91500091552734
1629722476,698020,71A,0,3226,40.43912887573242,-79.96198272705078
1629722472,786020,P78,0,3225,40.503963470458984,-79.84304809570312
1629722478,5916020,P1,0,3224,40.44731140136719,-79.88912963867188
1629722361,14673020,20,0,6611,40.479549407958984,-80.10408020019531
1629722473,2305020,51,0,6616,40.38077163696289,-79.97628021240234
1629722446,12202020,38,0,6615,40.424537658691406,-80.04230499267578
1629722473,13951020,83,0,6618,40.44475555419922,-79.95112609863281
1629722470,10206020,59,0,6617,40.362449645996094,-79.85881805419922
1629722472,3513020,51,0,5660,40.36164093017578,-79.93014526367188
1629722463,14264020,61B,0,6630,40.438026428222656,-79.99373626708984
1629722421,2197020,Y46,0,6631,40.4315185546875,-80.00423431396484
1629722465,8913020,13,0,6509,40.48088073730469,-80.04132843017578
1629722461,8558020,G2,0,3238,40.44197082519531,-80.02237701416016
1629722475,12276020,G2,0,3234,40.42601776123047,-80.07298278808594
1629722438,12844020,91,0,6502,40.491241455078125,-79.93802642822266
1629722471,7437020,1,0,6501,40.60210037231445,-79.75665283203125
1629722474,13265020,61C,0,6622,40.43257522583008,-79.92311096191406
1629722456,3916020,Y49,0,5655,40.33016586303711,-79.92344665527344
1629722461,4690020,13,0,6503,40.517539978027344,-80.0368881225586
1629722478,5804020,Y49,0,6624,40.38263702392578,-79.99653625488281
1629722474,14572020,54,0,6506,40.454219818115234,-79.99657440185547
1629722428,12867020,55,0,6626,40.312965393066406,-79.88711547851562
1629722460,394020,61C,0,6629,40.43842315673828,-79.99454498291016
1629722463,7466020,19L,0,6507,40.48783493041992,-80.05206298828125
1629722448,2255020,83,0,6628,40.440059661865234,-79.99384307861328
1629722467,5674020,71D,0,5670,40.44099807739258,-80.00106048583984
1629722461,7375020,71A,0,6641,40.4400520324707,-79.99855041503906
1629722478,739020,P68,0,6640,40.433563232421875,-79.76286315917969
1629722450,-773634223,8,1,6401,40.4509391784668,-80.00092315673828
1629722446,-131915616,P10,1,6643,40.459938049316406,-79.96311950683594
1629722471,7931020,67,0,6642,40.44404220581055,-79.93841552734375
1629722475,13715020,P3,0,3255,40.45872497558594,-79.92626953125
1629722462,13600020,61B,0,3253,40.44462966918945,-79.9439697265625
1629722416,11974020,61D,0,3251,40.41106414794922,-79.90647888183594
1629722459,12742020,P76,0,3250,40.4411506652832,-79.88282012939453
1629722473,1024020,P3,0,3248,40.45461654663086,-79.94329833984375
1629722443,6167020,53L,0,6634,40.406349182128906,-79.91268157958984
1629722410,1837020,51,0,6633,40.4323844909668,-80.00375366210938
1629722479,3862020,24,0,6515,40.445125579833984,-80.02976989746094
1629722392,679020,75,0,6636,40.48684310913086,-79.91307830810547
1629722479,282020,86,0,5667,40.453330993652344,-79.979248046875
1629722466,10099020,81,0,6635,40.440757751464844,-79.97415924072266
1629722461,13415020,20,0,6517,40.43960189819336,-80.0050277709961
1629722467,9873020,39,0,6516,40.44168472290039,-79.99761199951172
1629722475,14045020,29,0,6519,40.44194030761719,-80.04905700683594
1629722463,5838020,27,0,6518,40.441043853759766,-80.06879425048828
1629722477,1203020,1,0,6410,40.47837448120117,-79.9682846069336
1629722412,1555020,67,0,6652,40.44401550292969,-79.95036315917969
1629722460,14210020,93,0,6531,40.43903350830078,-79.96211242675781
1629722478,5370020,P68,0,6651,40.45921325683594,-79.91610717773438
1629722476,2561020,28X,0,6654,40.49276351928711,-80.25614929199219
1629722463,8187020,61A,0,6533,40.41432189941406,-79.8528823852539
1629722445,1350020,61B,0,6532,40.423789978027344,-79.89093017578125
1629722470,2213020,71C,0,6653,40.449710845947266,-79.95068359375
1629722450,8891020,91,0,6411,40.50041580200195,-79.86093139648438
1629722462,7929020,61C,0,3257,40.44426345825195,-79.94933319091797
1629722468,8544020,1,0,6403,40.53557205200195,-79.84222412109375
1629722473,14551020,Y49,0,6524,40.37846755981445,-79.9923095703125
1629722465,8144020,12,0,6402,40.586578369140625,-80.02921295166016
1629722474,944020,31,0,6523,40.35842514038086,-80.11225128173828
1629722450,7632020,77,0,6644,40.46039962768555,-79.84243774414062
1629722453,5588020,56,0,6526,40.37377166748047,-79.91985321044922
1629722454,1592020,77,0,6647,40.44274139404297,-79.99657440185547
1629722478,5924020,54,0,6404,40.451698303222656,-79.951904296875
1629722464,5354020,61B,0,6525,40.41375732421875,-79.85319519042969
1629722473,6007020,71A,0,6646,40.43815231323242,-79.97599792480469
1629722470,5253020,61C,0,6528,40.444000244140625,-79.95540618896484
1629722452,-2126348028,91,1,6407,40.4947509765625,-79.88638305664062
1629722451,3495020,P7,0,6527,40.45502853393555,-79.94405364990234
1629722469,14450020,Y46,0,6540,40.33797073364258,-79.95207977294922
1629722471,9751020,61D,0,6541,40.43645095825195,-79.96879577636719
1629722471,6016020,54,0,6302,40.456199645996094,-79.97361755371094
1629722474,6497020,69,0,6544,40.3889045715332,-79.76599884033203
1629722457,8435020,2,0,6301,40.542816162109375,-80.01371765136719
1629722446,13151020,29,0,6422,40.45198059082031,-80.17269897460938
1629722459,8033020,1,0,6414,40.600616455078125,-79.75719451904297
1629722474,13104020,59,0,6535,40.35160446166992,-79.86494445800781
1629722478,857020,56,0,6534,40.35177993774414,-79.86247253417969
1629722462,13771020,21,0,6416,40.51010513305664,-80.12483215332031
1629722467,11946020,Y46,0,6537,40.29245376586914,-79.87604522705078
1629722467,9253020,41,0,6415,40.41653060913086,-80.01184844970703
1629722471,9332020,60,0,6538,40.35026931762695,-79.86482238769531
1629722466,4042020,74,0,6551,40.460697174072266,-79.92771911621094
1629722441,7703020,2,0,6311,40.52775192260742,-80.0083236694336
1629722477,4722020,75,0,6553,40.451534271240234,-79.94023895263672
1629722463,10077020,54,0,6310,40.42841720581055,-79.97445678710938
1629722450,3284020,61D,0,6431,40.442359924316406,-79.95768737792969
1629722459,10219020,74,0,6552,40.46039581298828,-79.92692565917969
1629722453,6365020,13,0,6313,40.445526123046875,-79.99919128417969
1629722469,4103020,64,0,6434,40.450740814208984,-79.92693328857422
1629722451,1162020,P68,0,6555,40.45038986206055,-79.89295959472656
1629722471,9105020,2,0,6312,40.46479415893555,-79.97992706298828
1629722465,4971020,57,0,6433,40.40684127807617,-79.92752838134766
1629722471,-609954979,15,1,6304,40.4544563293457,-80.01471710205078
1629722476,2258020,71B,0,6546,40.441524505615234,-79.95883178710938
1629722477,5598020,26,0,6424,40.457183837890625,-80.06298065185547
1629722432,14294020,28X,0,6545,40.452816009521484,-80.05406951904297
1629722431,235020,17,0,6306,40.47739028930664,-80.03351593017578
1629722477,7237020,8,0,6305,40.5176887512207,-80.0307846069336
1629722475,7417020,82,0,6547,40.4516716003418,-79.95262908935547
1629722459,2880020,13,0,6307,40.45936965942383,-80.01656341552734
1629722439,3382020,57,0,6428,40.41404342651367,-79.92308807373047
1629722471,6377020,P68,0,6549,40.40313720703125,-79.83122253417969
1629722479,6676020,36,0,6320,40.44107437133789,-80.00397491455078
1629722466,8361020,Y47,0,6440,40.42133712768555,-80.0067138671875
1629722463,5318020,81,0,6443,40.444847106933594,-79.97590637207031
1629722477,8774020,48,0,6321,40.42029571533203,-79.99085998535156
1629722463,10069020,61B,0,6445,40.408729553222656,-79.87702941894531
1629722456,3167020,82,0,6557,40.440956115722656,-79.99702453613281
1629722467,6592020,91,0,6315,40.469459533691406,-79.96134185791016
1629722461,12509020,77,0,6556,40.45827865600586,-79.93406677246094
1629722473,6278020,31,0,6319,40.441368103027344,-80.00453186035156
1629722460,2939020,51,0,6439,40.39330291748047,-79.98656463623047
1629722474,10113020,21,0,6331,40.44231033325195,-80.00411224365234
1629722458,3894020,79,0,6452,40.45000457763672,-79.89176177978516
1629722479,2372020,27,0,6330,40.458255767822266,-80.07903289794922
1629722450,9881020,Y45,0,6333,40.35570526123047,-80.00276947021484
1629722455,5418020,89,0,6453,40.4690055847168,-79.92816925048828
1629722474,10571020,61D,0,6335,40.4379997253418,-79.92826843261719
1629721958,1625020,67,0,6456,40.43218994140625,-79.79073333740234
1629722468,5234020,P3,0,6334,40.43873596191406,-79.96253204345703
1629722474,12335020,15,0,6205,40.47471237182617,-80.00205993652344
1629722475,6158020,41,0,6326,40.39101028442383,-80.03945922851562
1629722475,598020,51,0,6447,40.380638122558594,-79.97620391845703
1629722471,9520020,29,0,6327,40.439178466796875,-80.2116470336914
1629722447,9726020,15,0,6209,40.44596862792969,-79.98919677734375
1629722445,4351020,14,0,6208,40.51807403564453,-80.13228607177734
1629722453,10106020,61D,0,6340,40.43806076049805,-79.9271240234375
1629722467,9759020,74,0,6463,40.461578369140625,-79.89241027832031
1629722455,10005020,67,0,6462,40.44026565551758,-79.99913024902344
1629722473,411020,61A,0,6343,40.44097900390625,-79.89076232910156
1629722469,2844020,65,0,6337,40.43912887573242,-80.00377655029297
1629722447,4577020,8,0,6216,40.516658782958984,-80.03862762451172
1629722472,8950020,6,0,6215,40.44519805908203,-79.99908447265625
1629722430,6991020,69,0,6457,40.45004653930664,-79.89176940917969
1629722470,10579020,56,0,6339,40.43947982788086,-80.00159454345703
1629722457,9481020,41,0,6217,40.350433349609375,-80.10494995117188
1629722477,10022020,61A,0,6338,40.438514709472656,-79.98429870605469
1629722479,3338020,82,0,6459,40.4703254699707,-79.89322662353516
1629722465,6566020,20,0,6219,40.46875,-80.09808349609375
1629722471,14325020,59,0,6111,40.41373062133789,-79.8837890625
1629722443,2923020,61B,0,6355,40.44236373901367,-79.95767974853516
1629722479,8898020,59,0,6112,40.41228485107422,-79.91083526611328
1629722459,14501020,38,0,6108,40.38050842285156,-80.04300689697266
1629722474,12026020,24,0,6107,40.468711853027344,-80.09812927246094
1629722468,6696020,77,0,6362,40.45315170288086,-79.75016784667969
1629722479,111020,93,0,6241,40.45023727416992,-79.95100402832031
1629722456,4052020,61A,0,6240,40.43952178955078,-79.99715423583984
1629722441,1359020,P17,0,6361,40.440799713134766,-80.00054931640625
1629722457,9532020,52L,0,6122,40.371646881103516,-79.84471130371094
1629722466,5866020,8,0,6001,40.51716613769531,-80.03604125976562
1629722478,1480020,82,0,6364,40.469966888427734,-79.89412689208984
1629722450,13422020,P12,0,6363,40.44884490966797,-79.98484802246094
1629722473,3014020,51,0,6124,40.38686752319336,-79.98167419433594
1629722473,6027020,91,0,6003,40.4622688293457,-79.96775817871094
1629722474,2833020,51,0,6244,40.42483139038086,-79.9797592163086
1629722454,12767020,51,0,6126,40.441505432128906,-80.0024185180664
1629722464,7806020,6,0,6005,40.44615936279297,-79.98866271972656
1629722469,222020,93,0,6247,40.40947723388672,-79.94393920898438
1629722471,3194020,55,0,6125,40.35709762573242,-79.83677673339844
1629722451,189020,59,0,6246,40.33604431152344,-79.94782257080078
1629722479,7879020,87,0,6367,40.45491409301758,-79.9769515991211
1629722442,727020,28X,0,6360,40.449180603027344,-80.06230163574219
1629722463,5056020,71A,0,6359,40.45606994628906,-79.93817138671875
1629722465,8665020,Y47,0,6237,40.342037200927734,-79.98139953613281
1629722476,14376020,61A,0,6239,40.44267654418945,-79.93761444091797
1629722468,567020,64,0,6118,40.41977310180664,-79.92822265625
1629722457,11127020,61A,0,6252,40.4158821105957,-79.87887573242188
1629722469,10123020,51,0,6130,40.4040641784668,-79.99022674560547
1629722460,9153020,61C,0,6133,40.43893814086914,-79.99449920654297
1629722456,1819020,91,0,6011,40.442474365234375,-79.99993133544922
1629722477,11767020,53L,0,6135,40.38968276977539,-79.90095520019531
1629722459,7233020,51,0,6134,40.3476676940918,-79.94762420654297
1629722456,2289020,22,0,6015,40.448551177978516,-80.03395080566406
1629722472,8384020,14,0,6007,40.4466552734375,-80.0191650390625
1629722456,1338020,P3,0,6249,40.41535568237305,-79.88047790527344
1629722479,8359020,54,0,6006,40.454429626464844,-79.94767761230469
1629722478,9341020,61B,0,6127,40.412166595458984,-79.85626220703125
1629722460,1031020,P16,0,6369,40.455989837646484,-79.94536590576172
1629722473,10102020,12,0,6009,40.462677001953125,-79.99890899658203
1629722472,9058020,21,0,6021,40.520877838134766,-80.17028045654297
1629722468,8522020,67,0,6262,40.45283126831055,-79.75042724609375
1629722455,10023020,71D,0,6144,40.45711135864258,-79.90846252441406
1629722444,6595020,75,0,6264,40.42612838745117,-79.96299743652344
1629722477,14478020,77,0,6143,40.46086502075195,-79.8671646118164
1629722465,3871020,29,0,6025,40.44234085083008,-80.000244140625
1629722461,-1385054416,71D,1,6146,40.45720672607422,-79.91422271728516
1629722428,11071020,P78,0,6266,40.44371032714844,-79.99360656738281
1629722466,79020,P71,0,6269,40.42268371582031,-79.89088439941406
1629722473,5270020,P78,0,6148,40.54048156738281,-79.83103942871094
1629722471,758020,75,0,6147,40.465003967285156,-79.91991424560547
1629722450,2820020,87,0,6268,40.48875427246094,-79.93623352050781
1629722458,6638020,87,0,6140,40.463165283203125,-79.95526123046875
1629722458,11538020,75,0,6260,40.493160247802734,-79.91011810302734
1629722471,3460020,41,0,6018,40.37495803833008,-80.07172393798828
1629722466,8155020,64,0,6139,40.467323303222656,-79.96342468261719
1629722415,10547020,48,0,6017,40.417564392089844,-79.9857406616211
1629722477,3798020,69,0,6259,40.400962829589844,-79.8331527709961
1629722471,7566020,75,0,6138,40.439125061035156,-79.96199035644531
1629722465,10910020,71D,0,6274,40.44316101074219,-79.95655822753906
1629722473,3600020,87,0,6153,40.4831657409668,-79.94783020019531
1629722478,5046020,59,0,6031,40.38426208496094,-79.86787414550781
1629722465,12962020,87,0,6152,40.44520950317383,-79.99183654785156
1629722467,7892020,56,0,6034,40.35346984863281,-79.84522247314453
1629722459,4347020,64,0,6155,40.41246795654297,-79.90831756591797
1629722468,12637020,69,0,7002,40.40511703491211,-79.82661437988281
1629722477,12263020,71C,0,7001,40.43743133544922,-79.97772216796875
1629722459,10836020,71C,0,6275,40.46340560913086,-79.9302749633789
1629722472,14694020,93,0,6033,40.405616760253906,-79.9376220703125
1629722475,13132020,53L,0,6036,40.34410095214844,-79.94445037841797
1629722468,9708020,71,0,6157,40.4405632019043,-79.88953399658203
1629722475,5254020,82,0,6156,40.45216369628906,-79.95111846923828
1629722477,9315020,87,0,6159,40.463539123535156,-79.93064880371094
1629722459,11689020,77,0,6158,40.46146774291992,-79.75973510742188
1629722479,13540020,75,0,6272,40.44664764404297,-79.95165252685547
1629722476,10480020,67,0,6271,40.446598052978516,-79.91312408447266
1629722471,1123020,51,0,6029,40.344425201416016,-79.94804382324219
1629722475,11943020,53L,0,6043,40.4393424987793,-80.00434112548828
1629722462,1160020,83,0,6042,40.45146179199219,-79.95733642578125
1629722453,8175020,86,0,6045,40.456382751464844,-79.8918228149414
1629722412,1470020,74,0,6048,40.42792892456055,-79.91870880126953
1629722466,9797020,11,0,1701,40.46029281616211,-80.01301574707031
1629722466,1039020,4,0,1709,40.48217010498047,-79.98961639404297
1629722471,304020,11,0,1707,40.44608688354492,-79.98870086669922
1629722477,7318020,11,0,1704,40.44615936279297,-79.98866271972656
1629722473,3573020,7,0,1702,40.453460693359375,-80.00080871582031
1629722476,9863020,71C,0,6056,40.43989562988281,-79.99420928955078
1629722462,14497020,71C,0,6059,40.44692611694336,-79.89449310302734
1629722462,2575020,71C,0,6051,40.44209289550781,-79.9580307006836
1629722480,7213020,43,0,1714,40.43680953979492,-80.0008773803711
1629722451,14006020,40,0,1723,40.44432830810547,-79.99152374267578
1629722475,6593020,44,0,1720,40.39649963378906,-79.97489166259766
1629722477,12199020,44,0,1727,40.44146728515625,-80.00228118896484
1629722410,10540020,44,0,1726,40.44351577758789,-79.9956283569336
1629722467,9699020,44,0,1724,40.38567352294922,-79.97140502929688
1629722475,5742020,16,0,5907,40.46171569824219,-80.01898956298828
1629722453,4219020,16,0,5908,40.47346878051758,-80.02861785888672
1629722472,602020,16,0,5909,40.49623489379883,-80.05694580078125
1629722468,5257020,91,0,5901,40.490028381347656,-79.90543365478516
1629722470,11417020,54,0,5903,40.43144989013672,-79.97396850585938
1629722467,7419020,48,0,5917,40.44158172607422,-79.99980163574219
1629722478,3411020,38,0,5918,40.40017318725586,-80.06448364257812
1629722469,8439020,G31,0,5919,40.443050384521484,-79.99656677246094
1629722476,8190020,27,0,5914,40.44011688232422,-80.01777648925781
1629722471,12358020,93,0,5926,40.48290252685547,-79.94801330566406
1629722476,5366020,59,0,5927,40.3958854675293,-79.83799743652344
1629722478,11353020,12,0,5807,40.54985809326172,-80.01509094238281
1629722452,2122020,17,0,5809,40.474178314208984,-80.03170776367188
1629722463,11926020,55,0,5921,40.3411750793457,-79.94548797607422
1629722461,6754020,51,0,5923,40.4264030456543,-79.98079681396484
1629722446,6977020,61D,0,5925,40.4091911315918,-79.9167709350586
1629723376,1134020,51,0,5816,40.431854248046875,-80.00333404541016
1629723395,-782588880,88,1,5937,40.46455383300781,-79.93889617919922
1629723379,13834020,61B,0,5931,40.4437141418457,-79.95580291748047
1629723399,6035020,26,0,5811,40.444358825683594,-80.06610107421875
1629723381,2523020,59,0,5815,40.4122428894043,-79.9082260131836
1629723371,2709020,22,0,5708,40.470218658447266,-80.10003662109375
1629723382,14682020,O12,0,3403,40.54520797729492,-80.03590393066406
1629723394,6266020,79,0,5942,40.44464874267578,-79.88478088378906
1629723393,5756020,17,0,5701,40.454566955566406,-80.0113296508789
1629723355,3642020,71D,0,5944,40.43893814086914,-79.99449920654297
1629723399,3651020,54,0,5703,40.45386505126953,-79.99859619140625
1629723395,6547020,67,0,5945,40.44546127319336,-79.74585723876953
1629723389,2354020,1,0,5705,40.59463882446289,-79.76924133300781
1629723383,7998020,71B,0,3420,40.47948455810547,-79.92171478271484
1629723372,623020,P2,0,3417,40.44545364379883,-79.88743591308594
1629723387,1048020,P1,0,3414,40.447967529296875,-79.88971710205078
1629723395,6871020,71B,0,3412,40.438690185546875,-79.98828125
1629723386,4739020,86,0,3410,40.44985580444336,-79.89168548583984
1629723396,8700020,P78,0,3418,40.45561981201172,-79.9448013305664
1629723397,10760020,61D,0,3306,40.41992950439453,-79.92829895019531
1629723397,12724020,71D,0,3424,40.45062255859375,-79.8844985961914
1629723394,12068020,71B,0,5722,40.4411735534668,-79.95914459228516
1629723390,5562020,6,0,5603,40.44954299926758,-80.00093078613281
1629723398,7325020,2,0,5605,40.54576873779297,-79.9723892211914
1629723389,8441020,61A,0,3309,40.43458557128906,-79.88308715820312
1629723392,1544020,P1,0,3320,40.41510009765625,-79.87944793701172
1629723388,8287020,61D,0,3318,40.43798065185547,-79.99236297607422
1629723400,2241020,61D,0,3317,40.40367126464844,-79.91970825195312
1629723396,4385020,61A,0,3313,40.4136848449707,-79.85350799560547
1629723348,3175020,24,0,5611,40.44851303100586,-80.15770721435547
1629723383,6782020,8,0,5732,40.51728057861328,-80.0386734008789
1629723382,6003020,71D,0,3330,40.446720123291016,-79.95121765136719
1629723372,11734020,P1,0,3329,40.45552444458008,-79.90538787841797
1629723377,134020,P1,0,3328,40.4150276184082,-79.87947845458984
1629723392,4321020,71B,0,3327,40.44763946533203,-79.93949127197266
1629723375,14329020,61C,0,3205,40.4290885925293,-79.92385864257812
1629723396,7097020,71A,0,3326,40.476531982421875,-79.92048645019531
1629723368,12708020,61D,0,3204,40.44377136230469,-79.9512710571289
1629723394,1309020,71B,0,3325,40.4477653503418,-79.93778228759766
1629723376,10497020,61A,0,3202,40.43800354003906,-79.91203308105469
1629723395,12128020,71A,0,3323,40.47667694091797,-79.92233276367188
1629723384,262020,P3,0,3201,40.41512680053711,-79.87915802001953
1629723391,13832020,14,0,5627,40.56386947631836,-80.20549011230469
1629723396,5660020,P1,0,3221,40.45427703857422,-79.97531127929688
1629723386,-635394322,88,1,3220,40.45112228393555,-79.98248291015625
1629723378,5431020,24,0,6609,40.46821594238281,-80.09852600097656
1629723395,4214020,86,0,3339,40.4554443359375,-79.88777923583984
1629723368,8165020,71D,0,3334,40.444705963134766,-79.88494873046875
1629723384,6283020,71B,0,3212,40.4682502746582,-79.92173767089844
1629723399,13869020,31,0,5634,40.41938018798828,-80.06660461425781
1629723363,5150020,16,0,6605,40.45478057861328,-80.01040649414062
1629723398,9588020,12,0,6604,40.545501708984375,-80.01966857910156
1629723392,8508020,91,0,6607,40.456878662109375,-79.9756088256836
1629723392,768020,14,0,6606,40.5890998840332,-80.22920227050781
1629723400,9897020,59,0,6621,40.41552734375,-79.88317108154297
1629723383,4172020,61C,0,6619,40.371280670166016,-79.84616088867188
1629723390,698020,71A,0,3226,40.45383834838867,-79.94551086425781
1629723372,786020,P78,0,3225,40.53990936279297,-79.83084869384766
1629723382,14673020,20,0,6611,40.46982955932617,-80.09970092773438
1629723390,2305020,51,0,6616,40.41680145263672,-79.9867935180664
1629723390,12202020,38,0,6615,40.386024475097656,-80.07499694824219
1629723374,13951020,83,0,6618,40.4455451965332,-79.96184539794922
1629723387,10206020,59,0,6617,40.3839111328125,-79.86837768554688
1629723398,3513020,51,0,5660,40.36170196533203,-79.93017578125
1629723359,14264020,61B,0,6630,40.44357681274414,-79.9520034790039
1629723399,2197020,Y46,0,6631,40.350341796875,-79.9765853881836
1629723399,8913020,13,0,6509,40.45537567138672,-80.00679016113281
1629723394,8558020,G2,0,3238,40.43007278442383,-80.06940460205078
1629723397,11214020,G2,0,3234,40.426422119140625,-80.07244110107422
1629723400,12844020,91,0,6502,40.4904670715332,-79.86931610107422
1629723391,7437020,1,0,6501,40.54581832885742,-79.77052307128906
1629723379,13265020,61C,0,6622,40.445613861083984,-79.95149993896484
1629723360,7121020,Y47,0,5655,40.34463882446289,-79.93984985351562
1629723379,11717020,8,0,6503,40.517539978027344,-80.0368881225586
1629723390,5804020,Y49,0,6624,40.36443328857422,-79.96463012695312
1629723371,12867020,55,0,6626,40.322837829589844,-79.92959594726562
1629723322,394020,61C,0,6629,40.4422492980957,-79.9560317993164
1629723385,7466020,19L,0,6507,40.44297790527344,-80.00223541259766
1629723378,14012020,83,0,6628,40.44252014160156,-79.98247528076172
1629723396,12326020,71D,0,5670,40.43681716918945,-79.97005462646484
1629723395,7375020,71A,0,6641,40.4364128112793,-79.96836853027344
1629723390,739020,P68,0,6640,40.42909622192383,-79.7490005493164
1629723396,-773634223,8,1,6401,40.48509979248047,-80.0156478881836
1629723386,-131915616,P10,1,6643,40.44575119018555,-79.98951721191406
1629723388,7931020,67,0,6642,40.43992614746094,-79.87629699707031
1629723397,13600020,61B,0,3253,40.41434097290039,-79.88350677490234
1629723393,8480020,61D,0,3251,40.41107940673828,-79.90642547607422
1629723391,12742020,P76,0,3250,40.44234848022461,-79.99490356445312
1629723375,7936020,21,0,6513,40.53116989135742,-80.20469665527344
1629723400,6167020,53L,0,6634,40.37207794189453,-79.91236114501953
1629723394,1837020,51,0,6633,40.40381622314453,-79.99015808105469
1629723377,13390020,24,0,6515,40.44356918334961,-80.02655029296875
1629723393,679020,75,0,6636,40.487632751464844,-79.92019653320312
1629723397,14221020,86,0,5667,40.44443893432617,-79.99301147460938
1629723323,10099020,81,0,6635,40.4405403137207,-79.9905014038086
1629723401,7888020,20,0,6517,40.444271087646484,-80.0280990600586
1629723356,9873020,39,0,6516,40.398048400878906,-80.02273559570312
1629723378,1246020,67,0,6637,40.43565368652344,-79.96390533447266
1629723399,14045020,29,0,6519,40.450904846191406,-80.13844299316406
1629723390,5838020,27,0,6518,40.4585075378418,-80.07638549804688
1629723386,1203020,1,0,6410,40.48884963989258,-79.90116882324219
1629723357,1555020,67,0,6652,40.438629150390625,-79.98695373535156
1629723392,14210020,93,0,6531,40.4592170715332,-79.95675659179688
1629723384,5370020,P68,0,6651,40.42247772216797,-79.86406707763672
1629723395,10062020,19L,0,6412,40.503456115722656,-80.07398986816406
1629723387,2561020,28X,0,6654,40.450035095214844,-80.16302490234375
1629723386,8187020,61A,0,6533,40.414573669433594,-79.8734359741211
1629723377,2213020,71C,0,6653,40.45289993286133,-79.9107666015625
1629723395,8891020,91,0,6411,40.48929977416992,-79.90277862548828
1629723370,7929020,61C,0,3257,40.40904998779297,-79.91622924804688
1629723393,8544020,1,0,6403,40.487274169921875,-79.89408111572266
1629723346,14551020,Y49,0,6524,40.42155838012695,-80.00648498535156
1629723375,3366020,12,0,6402,40.5720100402832,-80.01660919189453
1629723378,944020,31,0,6523,40.40819549560547,-80.08365631103516
1629723392,7632020,77,0,6644,40.45832824707031,-79.91661834716797
1629723357,5588020,56,0,6526,40.43400955200195,-79.9652099609375
1629723401,1592020,77,0,6647,40.46237564086914,-79.92747497558594
1629723378,5924020,54,0,6404,40.4559440612793,-79.97236633300781
1629723399,5354020,61B,0,6525,40.409950256347656,-79.87745666503906
1629723373,1864020,71A,0,6646,40.43973922729492,-79.99771881103516
1629723372,5253020,61C,0,6528,40.4405403137207,-79.99523162841797
1629722811,-2126348028,91,1,6407,40.4947509765625,-79.88638305664062
1629723390,14450020,Y46,0,6540,40.3824462890625,-79.99583435058594
1629723382,8979020,61D,0,6541,40.44083023071289,-80.0006332397461
1629723366,6016020,54,0,6302,40.45863342285156,-79.94719696044922
1629723387,14053020,69,0,6544,40.39324951171875,-79.80864715576172
1629723381,8033020,1,0,6414,40.600616455078125,-79.75719451904297
1629723381,13104020,59,0,6535,40.35237121582031,-79.90300750732422
1629723399,857020,56,0,6534,40.346702575683594,-79.82971954345703
1629723375,13771020,21,0,6416,40.465572357177734,-80.06122589111328
1629723396,5895020,41,0,6415,40.43925476074219,-79.99921417236328
1629723400,6621020,60,0,6538,40.346370697021484,-79.84934997558594
1629723357,4042020,74,0,6551,40.460697174072266,-79.92771911621094
1629723393,14734020,2,0,6311,40.52775192260742,-80.0083236694336
1629723388,4722020,75,0,6553,40.42826843261719,-79.9722671508789
1629723394,10077020,54,0,6310,40.447509765625,-79.94930267333984
1629723370,3284020,61D,0,6431,40.442020416259766,-80.00142669677734
1629723399,8294020,74,0,6552,40.48052215576172,-79.90211486816406
1629723313,7169020,13,0,6313,40.45597839355469,-80.00421142578125
1629723377,4103020,64,0,6434,40.46550750732422,-79.95608520507812
1629723383,792020,2,0,6312,40.44599533081055,-79.99935150146484
1629723394,4971020,57,0,6433,40.412330627441406,-79.90825653076172
1629723375,-2018403853,6,1,6304,40.48217010498047,-80.00277709960938
1629723388,2258020,71B,0,6546,40.44143295288086,-79.99755096435547
1629723397,5598020,26,0,6424,40.44307327270508,-80.00447845458984
1629723396,14294020,28X,0,6545,40.45256042480469,-80.16986083984375
1629723374,235020,17,0,6306,40.50046157836914,-80.0221939086914
1629723391,7237020,8,0,6305,40.480010986328125,-80.01216888427734
1629723370,7417020,82,0,6547,40.438961029052734,-79.99539184570312
1629723381,2880020,13,0,6307,40.500736236572266,-80.05392456054688
1629723397,3382020,57,0,6428,40.43115997314453,-79.95921325683594
1629723381,6377020,P68,0,6549,40.41480255126953,-79.85488891601562
1629723398,6676020,36,0,6320,40.38856887817383,-80.0500259399414
1629723387,8361020,Y47,0,6440,40.441490173339844,-80.00223541259766
1629723396,5318020,81,0,6443,40.43741989135742,-79.9727554321289
1629723366,8774020,48,0,6321,40.428565979003906,-79.97604370117188
1629723398,10069020,61B,0,6445,40.43803024291992,-79.91294860839844
1629723383,2994020,82,0,6557,40.44517517089844,-79.97406768798828
1629723399,6592020,91,0,6315,40.494239807128906,-79.9308853149414
1629723390,8640020,16,0,6314,40.49878692626953,-80.0623779296875
1629723389,12509020,77,0,6556,40.43989944458008,-79.99813842773438
1629723376,4735020,31,0,6319,40.4445915222168,-79.99110412597656
1629723380,2939020,51,0,6439,40.34676742553711,-79.9736328125
1629723379,5055020,21,0,6331,40.46699905395508,-80.0603256225586
1629723394,9312020,79,0,6452,40.4410285949707,-79.87788391113281
1629723398,804020,26,0,6330,40.440773010253906,-80.0688247680664
1629723377,9881020,Y45,0,6333,40.41732406616211,-80.01181030273438
1629723391,13237020,89,0,6453,40.465545654296875,-79.92143249511719
1629723391,10571020,61D,0,6335,40.41135025024414,-79.90885162353516
1629723175,1625020,67,0,6456,40.4457893371582,-79.854248046875
1629723373,5234020,P3,0,6334,40.459774017333984,-79.9214859008789
1629723392,12335020,15,0,6205,40.45175552368164,-80.00117492675781
1629723389,6158020,41,0,6326,40.3671760559082,-80.08550262451172
1629723400,11945020,51,0,6447,40.392765045166016,-79.986572265625
1629723384,9520020,29,0,6327,40.44889450073242,-80.16283416748047
1629723368,9726020,15,0,6209,40.44596862792969,-79.98919677734375
1629723386,4351020,14,0,6208,40.46138000488281,-80.03144073486328
1629723377,10106020,61D,0,6340,40.438079833984375,-79.96344757080078
1629723388,9759020,74,0,6463,40.43804168701172,-79.92011260986328
1629723399,411020,61A,0,6343,40.44395065307617,-79.93903350830078
1629723389,12131020,Y1,0,6346,40.29335021972656,-79.91668701171875
1629723381,10747020,13,0,6216,40.517520904541016,-80.03711700439453
1629723395,2844020,65,0,6337,40.434783935546875,-79.922607421875
1629723389,8950020,6,0,6215,40.48265075683594,-80.0031967163086
1629723391,8077020,69,0,6457,40.442230224609375,-79.88323974609375
1629723398,10579020,56,0,6339,40.410457611083984,-79.94426727294922
1629723378,9481020,41,0,6217,40.350433349609375,-80.10494995117188
1629723343,2559020,61A,0,6338,40.43894958496094,-79.9947280883789
1629723371,3338020,82,0,6459,40.45745086669922,-79.93341064453125
1629723381,6566020,20,0,6219,40.489418029785156,-80.11946868896484
1629723398,14325020,59,0,6111,40.40584182739258,-79.85901641845703
1629723400,2923020,61B,0,6355,40.441768646240234,-79.99856567382812
1629723389,8898020,59,0,6112,40.404380798339844,-79.89087677001953
1629723397,4751020,59,0,6357,40.356040954589844,-79.8993911743164
1629723374,8315020,38,0,6108,40.38240051269531,-80.04345703125
1629723391,12026020,24,0,6107,40.45294952392578,-80.0394515991211
1629723389,10256020,77,0,6362,40.47663879394531,-79.76122283935547
1629723379,111020,93,0,6241,40.436279296875,-79.96206665039062
1629723389,4052020,61A,0,6240,40.439754486083984,-79.95947265625
1629723359,10552020,13,0,6001,40.497196197509766,-80.05442810058594
1629723384,2359020,52L,0,6122,40.37177276611328,-79.84428405761719
1629723363,884020,82,0,6364,40.473148345947266,-79.88822174072266
1629723315,3014020,51,0,6124,40.380706787109375,-79.97628784179688
1629723394,6544020,91,0,6003,40.442317962646484,-79.99946594238281
1629723367,6109020,15,0,6005,40.44301986694336,-79.9976806640625
1629723396,6048020,51,0,6126,40.42878723144531,-79.98106384277344
1629723386,13514020,67,0,6368,40.45082092285156,-79.90624237060547
1629723394,222020,93,0,6247,40.434593200683594,-79.94861602783203
1629723397,5749020,59,0,6125,40.387569427490234,-79.82341003417969
1629723378,11407020,87,0,6367,40.443809509277344,-79.99369049072266
1629723383,727020,28X,0,6360,40.4369010925293,-79.96282958984375
1629723396,5056020,71A,0,6359,40.44154739379883,-79.95880126953125
1629723400,8665020,Y47,0,6237,40.333396911621094,-79.9347152709961
1629723397,14376020,61A,0,6239,40.436710357666016,-79.96961975097656
1629723396,567020,64,0,6118,40.41099166870117,-79.90666198730469
1629723401,11127020,61A,0,6252,40.440956115722656,-79.89070129394531
1629723389,10123020,51,0,6130,40.431922912597656,-80.00340270996094
1629723395,7607020,61C,0,6251,40.408973693847656,-79.90461730957031
1629723400,12560020,61C,0,6133,40.43894958496094,-79.9947280883789
1629723388,1819020,91,0,6011,40.478271484375,-79.95577239990234
1629723400,11767020,53L,0,6135,40.42084884643555,-79.92748260498047
1629723365,7233020,51,0,6134,40.378116607666016,-79.97542572021484
1629723389,11181020,22,0,6015,40.44356918334961,-80.02655029296875
1629723382,8131020,14,0,6007,40.46195983886719,-80.03050231933594
1629723356,1338020,P3,0,6249,40.45392608642578,-79.93682861328125
1629723346,8359020,54,0,6006,40.437435150146484,-79.97187805175781
1629723396,9341020,61B,0,6127,40.41370391845703,-79.85333251953125
1629723375,1031020,P16,0,6369,40.44027328491211,-79.99615478515625
1629723359,10750020,Y46,0,6248,40.292606353759766,-79.88910675048828
1629723380,1650020,12,0,6009,40.449676513671875,-80.0009765625
1629723399,12860020,67,0,6262,40.44894790649414,-79.75146484375
1629723385,10023020,71D,0,6144,40.442989349365234,-79.956787109375
1629723380,11996020,75,0,6264,40.44029235839844,-79.96038055419922
1629723383,14478020,77,0,6143,40.48490905761719,-79.81761932373047
1629723398,10357020,29,0,6025,40.442626953125,-79.99918365478516
1629723383,-1385054416,71D,1,6146,40.45720672607422,-79.91422271728516
1629723398,79020,P71,0,6269,40.440799713134766,-79.89445495605469
1629723398,5270020,P78,0,6148,40.47789764404297,-79.84227752685547
1629723392,758020,75,0,6147,40.44672775268555,-79.95113372802734
1629723332,11228020,87,0,6268,40.48303985595703,-79.94795227050781
1629723393,9176020,28X,0,6261,40.447940826416016,-79.9356689453125
1629723396,6638020,87,0,6140,40.47807312011719,-79.94851684570312
1629723388,11538020,75,0,6260,40.45923614501953,-79.92259216308594
1629723378,3460020,41,0,6018,40.399173736572266,-80.02503967285156
1629723386,6571020,64,0,6139,40.45094299316406,-79.93030548095703
1629723394,10547020,48,0,6017,40.42095184326172,-80.0057601928711
1629723392,3798020,69,0,6259,40.44514465332031,-79.88626861572266
1629723398,7566020,75,0,6138,40.455196380615234,-79.9317398071289
1629723392,10910020,71D,0,6274,40.44068145751953,-79.9957046508789
1629723367,3600020,87,0,6153,40.46592712402344,-79.92920684814453
1629723396,5046020,59,0,6031,40.36651611328125,-79.85718536376953
1629723373,12962020,87,0,6152,40.46091842651367,-79.93307495117188
1629723395,7892020,56,0,6034,40.34754180908203,-79.89035034179688
1629723382,4347020,64,0,6155,40.43472671508789,-79.92282104492188
1629723399,12637020,69,0,7002,40.39250183105469,-79.80860137939453
1629723372,12263020,71C,0,7001,40.45197677612305,-79.95175170898438
1629723378,10836020,71C,0,6275,40.444515228271484,-79.95467376708984
1629723342,14694020,93,0,6033,40.40834426879883,-79.9263916015625
1629723368,13132020,53L,0,6036,40.361942291259766,-79.9299545288086
1629723400,9708020,71,0,6157,40.42086410522461,-79.89961242675781
1629723386,5254020,82,0,6156,40.46083068847656,-79.91058349609375
1629723368,14003020,81,0,6038,40.428375244140625,-79.9738998413086
1629723400,9315020,87,0,6159,40.44710922241211,-79.9887466430664
1629723394,11689020,77,0,6158,40.445858001708984,-79.75980377197266
1629723389,10480020,67,0,6271,40.44184112548828,-79.95841217041016
1629723371,7541020,53L,0,6043,40.42621994018555,-79.93917846679688
1629723393,1160020,83,0,6042,40.436920166015625,-79.97027587890625
1629723391,8175020,86,0,6045,40.456024169921875,-79.93817901611328
1629723375,10152020,75,0,6046,40.490108489990234,-79.8699951171875
1629723365,2558020,71D,0,6049,40.44998550415039,-79.92914581298828
1629723398,1470020,74,0,6048,40.460853576660156,-79.88981628417969
1629723400,1039020,4,0,1709,40.45542907714844,-79.99441528320312
1629723376,8526020,11,0,1707,40.45588302612305,-80.00460815429688
1629723400,7318020,11,0,1704,40.44615936279297,-79.98866271972656
1629723397,1686020,71C,0,6056,40.43781661987305,-79.98831176757812
1629723398,14497020,71C,0,6059,40.460472106933594,-79.93251037597656
1629723371,2575020,71C,0,6051,40.4414176940918,-79.99766540527344
1629723387,7213020,43,0,1714,40.41572952270508,-80.01264190673828
1629723384,14006020,40,0,1723,40.42454528808594,-80.01025390625
1629723371,6593020,44,0,1720,40.3858528137207,-79.93648529052734
1629723392,10540020,44,0,1726,40.41781234741211,-80.005126953125
1629723372,9699020,44,0,1724,40.40940856933594,-79.99076843261719
1629723304,5742020,16,0,5907,40.497833251953125,-80.05998992919922
1629723359,4219020,16,0,5908,40.444061279296875,-79.99846649169922
1629723312,11417020,54,0,5903,40.408912658691406,-79.99158477783203
1629723382,1585020,48,0,5917,40.42876052856445,-79.98069763183594
1629723354,3411020,38,0,5918,40.43196105957031,-80.02406311035156
1629723392,14389020,27,0,5914,40.44369125366211,-80.0272216796875
1629723394,11632020,93,0,5926,40.48253631591797,-79.9517822265625
1629723374,5366020,59,0,5927,40.38821029663086,-79.82365417480469
1629723399,11353020,12,0,5807,40.528316497802734,-80.00723266601562
1629723394,2122020,17,0,5809,40.454002380371094,-80.01406860351562
1629723393,11926020,55,0,5921,40.332359313964844,-79.93402099609375
1629723378,6754020,51,0,5923,40.439971923828125,-80.0008773803711
1629723376,10353020,1,0,5803,40.44511413574219,-79.99931335449219
1629723398,6977020,61D,0,5925,40.43751525878906,-79.92294311523438
1629724144,1134020,51,0,5816,40.40896224975586,-79.99101257324219
1629724161,-782588880,88,1,5937,40.457027435302734,-79.91387939453125
1629724165,13834020,61B,0,5931,40.43973159790039,-79.99424743652344
1629724075,6035020,26,0,5811,40.440773010253906,-80.0688247680664
1629724119,2523020,59,0,5815,40.41059875488281,-79.87535858154297
1629724165,2709020,22,0,5708,40.47480010986328,-80.05792999267578
1629724153,5756020,17,0,5701,40.4732780456543,-80.03142547607422
1629724156,3770020,54,0,5702,40.45219421386719,-80.00762176513672
1629724138,3651020,54,0,5703,40.46700668334961,-79.96414947509766
1629724156,2354020,1,0,5705,40.601497650146484,-79.7556381225586
1629724148,10900020,71B,0,3420,40.46298599243164,-79.92414093017578
1629724159,12272020,P2,0,3417,40.44279861450195,-79.88687896728516
1629724142,1048020,P1,0,3414,40.41472625732422,-79.87863159179688
1629724163,13837020,71B,0,3412,40.44010925292969,-79.99870300292969
1629724156,4739020,86,0,3410,40.46012496948242,-79.91291809082031
1629724160,8700020,P78,0,3418,40.443328857421875,-79.8765869140625
1629724153,10760020,61D,0,3306,40.4378547668457,-79.93049621582031
1629724142,6934020,71D,0,3424,40.45000457763672,-79.89177703857422
1629724161,12068020,71B,0,5722,40.45664596557617,-79.92522430419922
1629724147,7325020,2,0,5605,40.494266510009766,-79.95830535888672
1629724140,8441020,61A,0,3309,40.402099609375,-79.86103820800781
1629724154,1994020,P1,0,3320,40.415008544921875,-79.87924194335938
1629724154,8287020,61D,0,3318,40.44463348388672,-79.94391632080078
1629724162,2241020,61D,0,3317,40.433189392089844,-79.92303466796875
1629724163,4385020,61A,0,3313,40.4136848449707,-79.85347747802734
1629724164,6003020,71D,0,3330,40.45337677001953,-79.89208221435547
1629724148,6405020,P1,0,3329,40.443416595458984,-79.99407196044922
1629724138,134020,P1,0,3328,40.455989837646484,-79.94536590576172
1629724165,4321020,71B,0,3327,40.43645095825195,-79.96879577636719
1629724146,14329020,61C,0,3205,40.444480895996094,-79.947509765625
1629724157,7097020,71A,0,3326,40.457763671875,-79.93415832519531
1629724155,12708020,61D,0,3204,40.426551818847656,-79.92733764648438
1629724157,10497020,61A,0,3202,40.4229621887207,-79.88633728027344
1629724155,262020,P3,0,3201,40.453712463378906,-79.93748474121094
1629724158,13832020,14,0,5627,40.5914421081543,-80.22747802734375
1629724154,5660020,P1,0,3221,40.4254150390625,-79.88585662841797
1629724147,-319721701,88,1,3220,40.44382858276367,-79.99461364746094
1629724154,5431020,24,0,6609,40.465980529785156,-80.06645202636719
1629724142,4214020,86,0,3339,40.44950485229492,-79.89148712158203
1629724150,8165020,71D,0,3334,40.453712463378906,-79.91520690917969
1629724164,6283020,71B,0,3212,40.44718551635742,-79.94693756103516
1629723643,12104020,17,0,6603,40.4958381652832,-80.02301025390625
1629724135,13869020,31,0,5634,40.38163757324219,-80.09443664550781
1629724141,5150020,16,0,6605,40.48737335205078,-80.03956604003906
1629724137,9588020,12,0,6604,40.55834197998047,-80.02302551269531
1629724154,768020,14,0,6606,40.54676055908203,-80.18931579589844
1629724142,9897020,59,0,6621,40.41116714477539,-79.91324615478516
1629724162,698020,71A,0,3226,40.47928237915039,-79.91883850097656
1629724097,786020,P78,0,3225,40.53990936279297,-79.83084869384766
1629724158,2305020,51,0,6616,40.43576431274414,-80.00153350830078
1629724144,12202020,38,0,6615,40.36739730834961,-80.10891723632812
1629724154,13951020,83,0,6618,40.44670104980469,-79.9819564819336
1629724141,10206020,59,0,6617,40.397186279296875,-79.88174438476562
1629724152,748020,51,0,5660,40.346153259277344,-79.95713806152344
1629724159,14264020,61B,0,6630,40.43233871459961,-79.89373779296875
1629724163,2197020,Y46,0,6631,40.31109619140625,-79.93778228759766
1629724153,9306020,13,0,6509,40.4427490234375,-80.00434112548828
1629724161,10526020,G2,0,3238,40.41329574584961,-80.08460998535156
1629724165,11214020,G2,0,3234,40.441341400146484,-80.00498962402344
1629724163,7437020,1,0,6501,40.53034591674805,-79.84941864013672
1629724162,13265020,61C,0,6622,40.43865203857422,-79.98753356933594
1629724163,7121020,Y47,0,5655,40.337181091308594,-79.97907257080078
1629724158,11717020,8,0,6503,40.50905990600586,-80.0292739868164
1629724165,5804020,Y49,0,6624,40.342647552490234,-79.93831634521484
1629724158,9107020,16,0,6505,40.50278854370117,-80.07160186767578
1629724159,12867020,55,0,6626,40.32412338256836,-79.94013214111328
1629724143,394020,61C,0,6629,40.43010711669922,-79.92344665527344
1629724159,14012020,83,0,6628,40.4487419128418,-79.95796966552734
1629724137,12326020,71D,0,5670,40.453590393066406,-79.91546630859375
1629724128,7375020,71A,0,6641,40.45417022705078,-79.94440460205078
1629724146,13755020,P68,0,6640,40.42911911010742,-79.7490463256836
1629724161,-773634223,8,1,6401,40.51768112182617,-80.03072357177734
1629724153,-131915616,P10,1,6643,40.44985580444336,-79.89154052734375
1629724155,7931020,67,0,6642,40.43040084838867,-79.80628204345703
1629724138,13600020,61B,0,3253,40.413639068603516,-79.8537368774414
1629724164,8480020,61D,0,3251,40.40934753417969,-79.91661834716797
1629724161,7936020,21,0,6513,40.5119743347168,-80.1314697265625
1629724163,6167020,53L,0,6634,40.341468811035156,-79.9443588256836
1629724163,1837020,51,0,6633,40.380767822265625,-79.97626495361328
1629724161,13390020,24,0,6515,40.4749870300293,-80.08070373535156
1629724155,679020,75,0,6636,40.45758819580078,-79.91731262207031
1629724161,14221020,86,0,5667,40.459129333496094,-79.94432067871094
1629724156,5577020,81,0,6635,40.442386627197266,-79.99126434326172
1629724165,7888020,20,0,6517,40.48166275024414,-80.10745239257812
1629724164,11392020,39,0,6516,40.39226150512695,-80.00514221191406
1629724004,1246020,67,0,6637,40.44537353515625,-79.93392944335938
1629724160,14045020,29,0,6519,40.456092834472656,-80.19406127929688
1629724146,5838020,27,0,6518,40.442237854003906,-80.0338363647461
1629724161,1203020,1,0,6410,40.52566146850586,-79.85115814208984
1629724157,3744020,67,0,6652,40.434940338134766,-79.98739624023438
1629724136,14210020,93,0,6531,40.4830322265625,-79.94789123535156
1629724165,5370020,P68,0,6651,40.39665985107422,-79.84131622314453
1629724149,10062020,19L,0,6412,40.489219665527344,-80.05032348632812
1629724160,2561020,28X,0,6654,40.43658447265625,-80.06745910644531
1629724150,8187020,61A,0,6533,40.44176483154297,-79.88465118408203
1629724153,8891020,91,0,6411,40.476314544677734,-79.95751190185547
1629724160,7929020,61C,0,3257,40.38434600830078,-79.86105346679688
1629724138,8544020,1,0,6403,40.478172302246094,-79.96898651123047
1629724138,14551020,Y49,0,6524,40.441558837890625,-80.00241088867188
1629724143,3366020,12,0,6402,40.55025100708008,-80.0174789428711
1629724160,944020,31,0,6523,40.441646575927734,-80.0328369140625
1629724146,7632020,77,0,6644,40.455867767333984,-79.96564483642578
1629724135,10683020,56,0,6526,40.43874740600586,-79.99958801269531
1629724122,1592020,77,0,6647,40.4550666809082,-79.88605499267578
1629724126,5924020,54,0,6404,40.452518463134766,-80.00890350341797
1629724144,5354020,61B,0,6525,40.43954849243164,-79.8995132446289
1629724163,1864020,71A,0,6646,40.436527252197266,-79.9691162109375
1629724129,1762020,61C,0,6528,40.43803024291992,-79.99401092529297
1629724148,-1460287393,91,1,6407,40.48974609375,-79.8828125
1629724163,14450020,Y46,0,6540,40.43105697631836,-80.00198364257812
1629724149,8979020,61D,0,6541,40.43693923950195,-79.9719467163086
1629724151,6016020,54,0,6302,40.44490051269531,-79.95413208007812
1629724110,14053020,69,0,6544,40.40409851074219,-79.82459259033203
1629724134,14336020,1,0,6414,40.60206604003906,-79.75274658203125
1629724148,13104020,59,0,6535,40.34721755981445,-79.95044708251953
1629724146,857020,56,0,6534,40.346702575683594,-79.82971954345703
1629724157,10381020,21,0,6416,40.44272994995117,-80.00433349609375
1629724166,5895020,41,0,6415,40.4002799987793,-80.02362060546875
1629724159,6621020,60,0,6538,40.3506965637207,-79.8670654296875
1629724163,4042020,74,0,6551,40.460697174072266,-79.92771911621094
1629724164,14734020,2,0,6311,40.54182815551758,-80.01268768310547
1629724140,901020,61D,0,6432,40.40930938720703,-79.91659545898438
1629724147,14480020,75,0,6553,40.42427062988281,-79.96235656738281
1629724153,10077020,54,0,6310,40.46556091308594,-79.95577239990234
1629724159,8294020,74,0,6552,40.45644760131836,-79.89666748046875
1629724146,7169020,13,0,6313,40.48650360107422,-80.04375457763672
1629724152,13591020,64,0,6434,40.467498779296875,-79.96359252929688
1629724144,792020,2,0,6312,40.482479095458984,-79.97354888916016
1629724141,9502020,57,0,6433,40.41120910644531,-79.90625
1629724153,-2018403853,6,1,6304,40.46900177001953,-79.99504852294922
1629724160,11857020,26,0,6424,40.443870544433594,-80.02764892578125
1629724161,14294020,28X,0,6545,40.49094009399414,-80.26038360595703
1629724138,235020,17,0,6306,40.500450134277344,-80.02239227294922
1629724161,7237020,8,0,6305,40.45358657836914,-80.00177764892578
1629724159,1858020,82,0,6547,40.44403839111328,-79.97959899902344
1629724157,2880020,13,0,6307,40.51759338378906,-80.03691101074219
1629724143,4176020,57,0,6428,40.43760299682617,-79.99652862548828
1629724149,6377020,P68,0,6549,40.441978454589844,-79.88530731201172
1629724140,6676020,36,0,6320,40.35517883300781,-80.05046081542969
1629724146,2964020,Y47,0,6440,40.408817291259766,-80.00592803955078
1629724070,8774020,48,0,6321,40.4373664855957,-80.0026626586914
1629724160,10714020,61B,0,6442,40.440975189208984,-79.99678039550781
1629724148,10069020,61B,0,6445,40.445899963378906,-79.9527359008789
1629724137,2994020,82,0,6557,40.46172332763672,-79.92708587646484
1629724160,8640020,16,0,6314,40.46760177612305,-80.02509307861328
1629724158,2771020,77,0,6556,40.45534133911133,-79.96698760986328
1629724160,4735020,31,0,6319,40.44330978393555,-80.02603912353516
1629724139,2939020,51,0,6439,40.34326934814453,-79.9425048828125
1629724143,5055020,21,0,6331,40.510921478271484,-80.1277084350586
1629724158,4228020,79,0,6452,40.461551666259766,-79.86619567871094
1629724027,804020,26,0,6330,40.440773010253906,-80.0688247680664
1629724132,13237020,89,0,6453,40.46088790893555,-79.92759704589844
1629724088,10571020,61D,0,6335,40.4112548828125,-79.90589141845703
1629724155,5234020,P3,0,6334,40.415164947509766,-79.8794937133789
1629724041,12335020,15,0,6205,40.44615936279297,-79.98866271972656
1629724146,6158020,41,0,6326,40.34919357299805,-80.10466003417969
1629724146,11945020,51,0,6447,40.42853546142578,-79.98057556152344
1629724163,12145020,71C,0,6449,40.457298278808594,-79.91716003417969
1629724161,9520020,29,0,6327,40.43901062011719,-80.07307434082031
1629724155,5985020,54,0,6206,40.421451568603516,-80.00460815429688
1629724148,12057020,6,0,6209,40.444488525390625,-79.99124145507812
1629724135,10106020,61D,0,6340,40.44041061401367,-79.99483489990234
1629724165,3374020,74,0,6463,40.44149398803711,-79.92329406738281
1629724150,7892020,56,0,6341,40.383480072021484,-79.93085479736328
1629724157,411020,61A,0,6343,40.4373664855957,-79.965576171875
1629724149,12131020,Y1,0,6346,40.34170150756836,-79.96581268310547
1629724164,10747020,13,0,6216,40.517784118652344,-80.03105926513672
1629724053,13529020,65,0,6337,40.433311462402344,-79.9145736694336
1629724157,344020,15,0,6215,40.481201171875,-80.00231170654297
1629724145,8077020,69,0,6457,40.40530014038086,-79.82803344726562
1629724158,10579020,56,0,6339,40.3665771484375,-79.90968322753906
1629724156,4276020,41,0,6217,40.371055603027344,-80.08809661865234
1629724163,2559020,61A,0,6338,40.443199157714844,-79.95343017578125
1629724149,3338020,82,0,6459,40.44516372680664,-79.9769287109375
1629724156,6566020,20,0,6219,40.464908599853516,-80.07036590576172
1629724158,14325020,59,0,6111,40.400508880615234,-79.83356475830078
1629724158,11519020,31,0,6231,40.36252975463867,-80.1104736328125
1629724161,615020,61B,0,6355,40.437583923339844,-79.98331451416016
1629724149,8898020,59,0,6112,40.38371658325195,-79.86732482910156
1629724138,8725020,59,0,6115,40.337364196777344,-79.9506607055664
1629724155,4751020,59,0,6357,40.363731384277344,-79.84285736083984
1629724158,9506020,61D,0,6235,40.41189956665039,-79.91178894042969
1629724145,8315020,38,0,6108,40.38740158081055,-80.05497741699219
1629724147,984020,39,0,6229,40.446258544921875,-79.98870086669922
1629724153,10256020,77,0,6362,40.48448181152344,-79.81886291503906
1629724163,111020,93,0,6241,40.41984939575195,-79.92835235595703
1629724129,4052020,61A,0,6240,40.4379997253418,-79.9129638671875
1629724137,10552020,13,0,6001,40.466304779052734,-80.03447723388672
1629724159,2359020,52L,0,6122,40.362239837646484,-79.86949157714844
1629724155,884020,82,0,6364,40.46040344238281,-79.91375732421875
1629724140,5680020,51,0,6124,40.3820686340332,-79.97655487060547
1629724144,6544020,91,0,6003,40.468544006347656,-79.96250915527344
1629724130,6109020,15,0,6005,40.45492172241211,-80.00946044921875
1629724158,6048020,51,0,6126,40.38933181762695,-79.98542022705078
1629724159,13514020,67,0,6368,40.4444694519043,-79.94786071777344
1629724163,222020,93,0,6247,40.44113540649414,-79.95919036865234
1629724142,5749020,59,0,6125,40.4046745300293,-79.82569122314453
1629724160,11407020,87,0,6367,40.46357345581055,-79.9489974975586
1629724162,727020,28X,0,6360,40.453582763671875,-79.91552734375
1629724152,5056020,71A,0,6359,40.4404182434082,-79.99463653564453
1629724148,14410020,Y49,0,6237,40.33015441894531,-79.92350006103516
1629724148,14376020,61A,0,6239,40.44215774536133,-79.99954223632812
1629724151,3609020,64,0,6118,40.412330627441406,-79.90825653076172
1629724143,11127020,61A,0,6252,40.440467834472656,-79.93558502197266
1629724150,10123020,51,0,6130,40.44192123413086,-79.99905395507812
1629724118,7607020,61C,0,6251,40.4265022277832,-79.92739868164062
1629724139,12560020,61C,0,6133,40.4434814453125,-79.952392578125
1629724141,1819020,91,0,6011,40.493385314941406,-79.91432189941406
1629724160,11767020,53L,0,6135,40.439064025878906,-80.00360870361328
1629724138,7233020,51,0,6134,40.415287017822266,-79.9874267578125
1629724140,11181020,22,0,6015,40.4792366027832,-80.07335662841797
1629724162,8131020,14,0,6007,40.515445709228516,-80.11925506591797
1629724063,1338020,P3,0,6249,40.44394302368164,-79.95549011230469
1629724147,8359020,54,0,6006,40.41501235961914,-79.9980697631836
1629724157,10750020,Y46,0,6248,40.307640075683594,-79.93604278564453
1629724163,1650020,12,0,6009,40.50590133666992,-80.00788116455078
1629724163,12860020,67,0,6262,40.4376106262207,-79.77778625488281
1629724156,10023020,71D,0,6144,40.440303802490234,-79.9945297241211
1629724166,11996020,75,0,6264,40.45849609375,-79.9266357421875
1629724147,14478020,77,0,6143,40.475791931152344,-79.75938415527344
1629724127,10357020,29,0,6025,40.44374084472656,-80.02732849121094
1629724166,-1385054416,71D,1,6146,40.45720672607422,-79.91422271728516
1629724163,4530020,88,0,6267,40.46475601196289,-79.94119262695312
1629724152,79020,P71,0,6269,40.457332611083984,-79.95174407958984
1629724164,5270020,P78,0,6148,40.44237518310547,-79.8779525756836
1629724146,758020,75,0,6147,40.42784118652344,-79.96984100341797
1629724163,11228020,87,0,6268,40.46775817871094,-79.92810821533203
1629724138,9176020,28X,0,6261,40.438087463378906,-79.96343994140625
1629724148,11538020,75,0,6260,40.44660568237305,-79.95171356201172
1629724157,3460020,41,0,6018,40.4362907409668,-80.00118255615234
1629724157,6571020,64,0,6139,40.432456970214844,-79.92312622070312
1629724159,12451020,48,0,6017,40.42146301269531,-79.99812316894531
1629724142,3798020,69,0,6259,40.449974060058594,-79.89158630371094
1629724145,7566020,75,0,6138,40.47910690307617,-79.9288101196289
1629724126,8892020,71D,0,6274,40.4379768371582,-79.99223327636719
1629724165,3600020,87,0,6153,40.45567321777344,-79.97586059570312
1629724118,5046020,59,0,6031,40.34849166870117,-79.86442565917969
1629724163,12962020,87,0,6152,40.48323059082031,-79.94944763183594
1629724160,4347020,64,0,6155,40.450294494628906,-79.92992401123047
1629724160,12637020,69,0,7002,40.38887023925781,-79.76676177978516
1629724140,12263020,71C,0,7001,40.45883560180664,-79.91940307617188
1629724145,10836020,71C,0,6275,40.43861770629883,-79.98665618896484
1629724151,6398020,93,0,6033,40.40800094604492,-79.9263687133789
1629724150,4424020,53L,0,6036,40.36180114746094,-79.93134307861328
1629724157,5856020,71,0,6157,40.41780471801758,-79.88787841796875
1629724153,5254020,82,0,6156,40.472984313964844,-79.88861846923828
1629724155,14003020,81,0,6038,40.442344665527344,-79.95816802978516
1629724150,9045020,87,0,6159,40.443912506103516,-79.99420166015625
1629724141,11689020,77,0,6158,40.45314025878906,-79.75015258789062
1629724158,6313020,71D,0,6272,40.4427375793457,-79.88660430908203
1629724137,10480020,67,0,6271,40.439414978027344,-79.99700927734375
1629724141,7541020,53L,0,6043,40.41132354736328,-79.90898895263672
1629724151,1160020,83,0,6042,40.43038558959961,-79.97704315185547
1629724156,8175020,86,0,6045,40.45439529418945,-79.97769927978516
1629724153,10152020,75,0,6046,40.487613677978516,-79.9190444946289
1629724157,2558020,71D,0,6049,40.441650390625,-79.95866394042969
1629724152,1470020,74,0,6048,40.468990325927734,-79.90082550048828
1629724078,10343020,4,0,1709,40.448699951171875,-80.00062561035156
1629724158,8526020,11,0,1707,40.464176177978516,-80.012451171875
1629724137,8088020,11,0,1704,40.44615936279297,-79.98866271972656
1629724157,1686020,71C,0,6056,40.444889068603516,-79.95413970947266
1629724156,14497020,71C,0,6059,40.446842193603516,-79.94985961914062
1629724145,11662020,71C,0,6051,40.437660217285156,-79.9851303100586
1629724157,7213020,43,0,1714,40.42139434814453,-80.00545501708984
1629724161,13670020,40,0,1723,40.43818664550781,-80.01893615722656
1629724111,11091020,44,0,1720,40.394779205322266,-79.9665298461914
1629724150,5833020,44,0,1728,40.44152069091797,-79.99771881103516
1629724158,10540020,44,0,1726,40.41227722167969,-79.98957061767578
1629724162,9699020,44,0,1724,40.416446685791016,-79.99610137939453
1629724136,5742020,16,0,5907,40.5038948059082,-80.07452392578125
1629724162,13878020,16,0,5908,40.45560836791992,-80.00617218017578
1629724106,11417020,54,0,5903,40.408931732177734,-79.99150848388672
1629724161,1585020,48,0,5917,40.42022705078125,-79.9908447265625
1629724155,1954020,38,0,5918,40.443294525146484,-80.02600860595703
1629724136,12944020,24,0,5919,40.4556770324707,-80.16879272460938
1629724159,14389020,27,0,5914,40.45638656616211,-80.06659698486328
1629724166,11632020,93,0,5926,40.45304870605469,-79.95280456542969
1629724136,7797020,55,0,5927,40.3876953125,-79.82240295410156
1629724140,11353020,12,0,5807,40.47472381591797,-80.00527954101562
1629724152,2122020,17,0,5809,40.4429931640625,-79.99801635742188
1629724143,11926020,55,0,5921,40.29411697387695,-79.89179992675781
1629724153,11423020,51,0,5923,40.42868423461914,-79.98888397216797
1629724149,10353020,1,0,5803,40.48316955566406,-79.96215057373047
1629724142,6977020,61D,0,5925,40.44620895385742,-79.9522933959961
1629724922,1134020,51,0,5816,40.38064956665039,-79.97625732421875
1629724927,-782588880,88,1,5937,40.45745849609375,-79.9146957397461
1629724919,6354020,61C,0,5817,40.40715026855469,-79.9107666015625
1629724899,2366020,21,0,5810,40.53697204589844,-80.18529510498047
1629724894,12642020,61B,0,5931,40.441043853759766,-79.9951400756836
1629724912,2106020,27,0,5811,40.443138122558594,-80.06751251220703
1629724922,2523020,59,0,5815,40.406280517578125,-79.86629486083984
1629724914,2709020,22,0,5708,40.44089126586914,-80.004150390625
1629724903,5756020,17,0,5701,40.49948501586914,-80.03018951416016
1629724903,3770020,54,0,5702,40.45564651489258,-79.97283172607422
1629724890,3651020,54,0,5703,40.452232360839844,-79.95091247558594
1629724924,2354020,1,0,5705,40.60132598876953,-79.75617980957031
1629724904,10900020,71B,0,3420,40.447479248046875,-79.94178009033203
1629724894,12272020,P2,0,3417,40.44580841064453,-79.98949432373047
1629724928,2214020,P1,0,3414,40.414756774902344,-79.87882995605469
1629724920,13837020,71B,0,3412,40.437984466552734,-79.97441101074219
1629724884,4739020,86,0,3410,40.457454681396484,-79.93340301513672
1629724928,6818020,71C,0,5715,40.45146560668945,-79.90804290771484
1629724928,8700020,P78,0,3418,40.49510955810547,-79.836669921875
1629724911,10760020,61D,0,3306,40.439308166503906,-79.96183013916016
1629724908,6934020,71D,0,3424,40.44461441040039,-79.88467407226562
1629724912,7325020,2,0,5605,40.46511459350586,-79.9797134399414
1629724928,8441020,61A,0,3309,40.41372299194336,-79.85347747802734
1629724923,1994020,P1,0,3320,40.45915603637695,-79.92403411865234
1629724928,8287020,61D,0,3318,40.424224853515625,-79.92831420898438
1629724900,2241020,61D,0,3317,40.44482421875,-79.95423889160156
1629724923,4385020,61A,0,3313,40.41377258300781,-79.85322570800781
1629724910,6405020,P1,0,3329,40.45539855957031,-79.9444808959961
1629724917,2632020,P1,0,3328,40.44078063964844,-79.99594116210938
1629724922,4321020,71B,0,3327,40.44099807739258,-80.00106811523438
1629724928,14329020,61C,0,3205,40.43815612792969,-79.97607421875
1629724926,7097020,71A,0,3326,40.44700622558594,-79.94904327392578
1629724881,262020,P3,0,3201,40.44234848022461,-79.95781707763672
1629724902,12073020,14,0,5627,40.59305953979492,-80.2287368774414
1629724899,5660020,P1,0,3221,40.414791107177734,-79.87890625
1629724871,-319721701,88,1,3220,40.467010498046875,-79.96292114257812
1629724927,8661020,24,0,6609,40.44343948364258,-80.0046157836914
1629724868,4214020,86,0,3339,40.44950485229492,-79.89148712158203
1629724924,8165020,71D,0,3334,40.44386672973633,-79.9555892944336
1629724919,6283020,71B,0,3212,40.438419342041016,-79.98011016845703
1629724840,12104020,17,0,6603,40.45743942260742,-80.02742767333984
1629724909,9588020,12,0,6604,40.58673095703125,-80.04102325439453
1629724923,768020,14,0,6606,40.51555252075195,-80.120361328125
1629724925,9897020,59,0,6621,40.4080924987793,-79.89434814453125
1629724916,9530020,61D,0,6620,40.411136627197266,-79.90630340576172
1629724869,786020,P78,0,3225,40.53993225097656,-79.83081817626953
1629724891,5305020,51,0,6616,40.44092559814453,-79.9980697631836
1629724927,2451020,83,0,6618,40.44221878051758,-80.00028991699219
1629724902,10206020,59,0,6617,40.41132354736328,-79.90898895263672
1629724902,748020,51,0,5660,40.3752555847168,-79.97554016113281
1629724881,13290020,16,0,6510,40.450523376464844,-80.00122833251953
1629724928,2197020,Y46,0,6631,40.29233169555664,-79.87487030029297
1629724902,9306020,13,0,6509,40.4554557800293,-80.01510620117188
1629724926,10526020,G2,0,3238,40.440364837646484,-80.01830291748047
1629724917,6759020,G2,0,3234,40.44178009033203,-80.00250244140625
1629724924,3678020,91,0,6502,40.49924850463867,-79.8673324584961
1629724908,7437020,1,0,6501,40.487205505371094,-79.88655090332031
1629724911,12417020,61C,0,6622,40.44047164916992,-79.99613952636719
1629724910,7121020,Y47,0,5655,40.378177642822266,-79.99363708496094
1629724915,11717020,8,0,6503,40.47050476074219,-80.0084228515625
1629724919,9107020,16,0,6505,40.48003387451172,-80.03135681152344
1629724920,12867020,55,0,6626,40.34634017944336,-79.93840026855469
1629724913,394020,61C,0,6629,40.39971160888672,-79.87857055664062
1629724926,14012020,83,0,6628,40.437355041503906,-79.96558380126953
1629724920,12326020,71D,0,5670,40.44366455078125,-79.8860855102539
1629724926,13755020,P68,0,6640,40.43381118774414,-79.76362609863281
1629724903,-773634223,8,1,6401,40.51716995239258,-80.03678894042969
1629724889,-131915616,P10,1,6643,40.449981689453125,-79.89179229736328
1629724924,7931020,67,0,6642,40.43666076660156,-79.75863647460938
1629724865,13600020,61B,0,3253,40.41377258300781,-79.85322570800781
1629724904,8480020,61D,0,3251,40.43758773803711,-79.9229507446289
1629724902,9999020,61D,0,3245,40.4122200012207,-79.91101837158203
1629724919,7936020,21,0,6513,40.48231887817383,-80.06996154785156
1629724926,6086020,51,0,6633,40.38330078125,-79.97708892822266
1629724918,13390020,24,0,6515,40.460079193115234,-80.13938903808594
1629724922,679020,75,0,6636,40.44451904296875,-79.95467376708984
1629724910,14221020,86,0,5667,40.460208892822266,-79.91561126708984
1629724928,5577020,81,0,6635,40.44015121459961,-79.96973419189453
1629724919,7888020,20,0,6517,40.48455810546875,-80.11251831054688
1629724928,11392020,39,0,6516,40.411827087402344,-80.00902557373047
1629724911,1246020,67,0,6637,40.43953323364258,-79.87541198730469
1629724888,14045020,29,0,6519,40.44137954711914,-80.19336700439453
1629724916,14322020,27,0,6518,40.443748474121094,-80.02730560302734
1629724901,1203020,1,0,6410,40.55134201049805,-79.77035522460938
1629724910,3744020,67,0,6652,40.44384765625,-79.93878173828125
1629724926,12063020,93,0,6531,40.482994079589844,-79.94793701171875
1629724912,5370020,P68,0,6651,40.421199798583984,-79.79978942871094
1629724909,10062020,19L,0,6412,40.442649841308594,-80.00440979003906
1629724911,2561020,28X,0,6654,40.44224166870117,-80.00054931640625
1629724926,8187020,61A,0,6533,40.43814468383789,-79.92273712158203
1629724914,8891020,91,0,6411,40.454620361328125,-79.97804260253906
1629724910,8544020,1,0,6403,40.450050354003906,-80.00110626220703
1629724925,8692020,Y49,0,6524,40.40559005737305,-80.0049819946289
1629724920,3366020,12,0,6402,40.54533004760742,-80.00634002685547
1629724923,11613020,31,0,6523,40.446163177490234,-79.98870086669922
1629724917,7632020,77,0,6644,40.44119644165039,-80.0015869140625
1629724921,10683020,56,0,6526,40.40650177001953,-79.94308471679688
1629724920,1592020,77,0,6647,40.46745681762695,-79.82554626464844
1629724922,5354020,61B,0,6525,40.44443893432617,-79.94864654541016
1629724901,1864020,71A,0,6646,40.45417404174805,-79.94439697265625
1629724905,1762020,61C,0,6528,40.44426345825195,-79.9493408203125
1629724910,-1460287393,91,1,6407,40.49459457397461,-79.93376922607422
1629724894,3505020,Y46,0,6540,40.436580657958984,-80.00102233886719
1629724914,8979020,61D,0,6541,40.43751525878906,-79.92294311523438
1629724898,6016020,54,0,6302,40.42832565307617,-79.9805908203125
1629724927,14053020,69,0,6544,40.44073486328125,-79.87805938720703
1629724892,14336020,1,0,6414,40.565223693847656,-79.76641845703125
1629724877,9487020,1,0,6413,40.443641662597656,-79.99347686767578
1629724914,10646020,56,0,6534,40.355037689208984,-79.83511352539062
1629724915,10381020,21,0,6416,40.4638557434082,-80.05724334716797
1629724928,5895020,41,0,6415,40.37361145019531,-80.07525634765625
1629724917,6621020,60,0,6538,40.332210540771484,-79.84568786621094
1629724928,8442020,71A,0,6551,40.46881866455078,-79.92745971679688
1629724889,14734020,2,0,6311,40.55403137207031,-80.0216064453125
1629724925,901020,61D,0,6432,40.43586730957031,-79.9228744506836
1629724911,14480020,75,0,6553,40.44274139404297,-79.95710754394531
1629724898,10077020,54,0,6310,40.45341491699219,-79.99295806884766
1629724925,8294020,74,0,6552,40.43041229248047,-79.91780853271484
1629724872,7169020,13,0,6313,40.520240783691406,-80.04188537597656
1629724922,13591020,64,0,6434,40.456932067871094,-79.93512725830078
1629724910,792020,2,0,6312,40.503658294677734,-79.94855499267578
1629724912,9502020,57,0,6433,40.41259765625,-79.90837860107422
1629724911,-2018403853,6,1,6304,40.44306564331055,-79.99752044677734
1629724918,11857020,26,0,6424,40.453365325927734,-80.0653305053711
1629724898,12285020,28X,0,6545,40.49647521972656,-80.25567626953125
1629724870,235020,17,0,6306,40.500450134277344,-80.02239227294922
1629724907,13661020,8,0,6305,40.453983306884766,-80.00190734863281
1629724902,1858020,82,0,6547,40.456512451171875,-79.93663024902344
1629724920,2880020,13,0,6307,40.51759338378906,-80.03691101074219
1629724915,4176020,57,0,6428,40.41129684448242,-79.94482421875
1629724899,6377020,P68,0,6549,40.450111389160156,-79.98255920410156
1629724923,2964020,Y47,0,6440,40.35020065307617,-79.98782348632812
1629724926,8448020,12,0,6201,40.58631896972656,-80.04192352294922
1629724908,2004020,48,0,6321,40.432350158691406,-80.00386810302734
1629724915,1881020,61B,0,6442,40.437461853027344,-79.98056030273438
1629724928,10069020,61B,0,6445,40.438777923583984,-79.9902114868164
1629724927,2994020,82,0,6557,40.471351623535156,-79.89176940917969
1629724900,8640020,16,0,6314,40.44434356689453,-79.99861907958984
1629724927,2771020,77,0,6556,40.46144104003906,-79.92489624023438
1629724922,12693020,91,0,6316,40.462120056152344,-79.96797180175781
1629724927,4735020,31,0,6319,40.419395446777344,-80.06660461425781
1629724904,103020,28X,0,6450,40.44758224487305,-79.93988037109375
1629724921,5055020,21,0,6331,40.5159912109375,-80.2222671508789
1629724928,4228020,79,0,6452,40.44429016113281,-79.88370513916016
1629724910,4280020,14,0,6212,40.4480094909668,-80.02091217041016
1629724904,13237020,89,0,6453,40.46088790893555,-79.92759704589844
1629724917,6224020,P3,0,6334,40.415008544921875,-79.87924194335938
1629724904,7387020,15,0,6205,40.44615936279297,-79.98866271972656
1629724667,6158020,41,0,6326,40.34919357299805,-80.10466003417969
1629724908,11945020,51,0,6447,40.44205856323242,-79.99940490722656
1629724909,12145020,71C,0,6449,40.45613098144531,-79.93780517578125
1629724919,9520020,29,0,6327,40.44277572631836,-80.04240417480469
1629724927,5985020,54,0,6206,40.423736572265625,-79.9776611328125
1629724925,12057020,6,0,6209,40.45669174194336,-79.99507904052734
1629724897,12701020,61D,0,6340,40.437950134277344,-79.9912338256836
1629724924,3374020,74,0,6463,40.461849212646484,-79.89437103271484
1629724905,7892020,56,0,6341,40.42253494262695,-79.95048522949219
1629724921,411020,61A,0,6343,40.44198989868164,-80.00154876708984
1629724909,12131020,Y1,0,6346,40.40393829345703,-80.00281524658203
1629724921,10747020,13,0,6216,40.49085235595703,-80.04827880859375
1629724928,13529020,65,0,6337,40.433616638183594,-79.9315414428711
1629724911,344020,15,0,6215,40.4537239074707,-80.00181579589844
1629724921,8077020,69,0,6457,40.39542007446289,-79.80606842041016
1629724920,13601020,36,0,6218,40.367774963378906,-80.06129455566406
1629724922,4276020,41,0,6217,40.38685607910156,-80.04444885253906
1629724926,2559020,61A,0,6338,40.43972396850586,-79.89651489257812
1629724916,11252020,82,0,6459,40.442100524902344,-80.00112915039062
1629724902,6566020,20,0,6219,40.44002151489258,-80.00474548339844
1629724922,12895020,61C,0,6351,40.3717041015625,-79.8443832397461
1629724927,11519020,31,0,6231,40.396244049072266,-80.08589172363281
1629724927,615020,61B,0,6355,40.439239501953125,-79.9344253540039
1629724911,8898020,59,0,6112,40.37731170654297,-79.85063934326172
1629724926,8725020,59,0,6115,40.354225158691406,-79.91268920898438
1629724926,4751020,59,0,6357,40.3726921081543,-79.84904479980469
1629724926,13386020,55,0,6114,40.35873794555664,-79.93429565429688
1629724911,9506020,61D,0,6235,40.42099380493164,-79.92860412597656
1629724921,8315020,38,0,6108,40.435874938964844,-80.03375244140625
1629724920,984020,39,0,6229,40.43955612182617,-79.99905395507812
1629724919,10256020,77,0,6362,40.4609375,-79.86698913574219
1629724906,111020,93,0,6241,40.408016204833984,-79.92640686035156
1629724925,4052020,61A,0,6240,40.42394256591797,-79.88619232177734
1629724871,10552020,13,0,6001,40.446044921875,-79.99947357177734
1629724928,2359020,52L,0,6122,40.4033317565918,-79.89016723632812
1629724914,884020,82,0,6364,40.45743942260742,-79.93345642089844
1629724900,12048020,51,0,6242,40.36167907714844,-79.92900848388672
1629724929,5680020,51,0,6124,40.421443939208984,-79.98451232910156
1629724919,6544020,91,0,6003,40.49502182006836,-79.936767578125
1629724922,6109020,15,0,6005,40.482208251953125,-80.00288391113281
1629724912,6048020,51,0,6126,40.34996795654297,-79.97633361816406
1629724920,13514020,67,0,6368,40.43855285644531,-79.98495483398438
1629724899,222020,93,0,6247,40.46391296386719,-79.95284271240234
1629724911,5749020,59,0,6125,40.413089752197266,-79.85587310791016
1629724927,-301751878,87,1,6367,40.47760009765625,-79.95039367675781
1629724928,7767020,71A,0,6359,40.438541412353516,-79.99461364746094
1629724924,14410020,Y49,0,6237,40.34463119506836,-79.9387435913086
1629724927,842020,61A,0,6239,40.43765640258789,-79.98499298095703
1629724913,3609020,64,0,6118,40.42502212524414,-79.92804718017578
1629724928,11127020,61A,0,6252,40.44139862060547,-79.95899200439453
1629724924,10067020,51,0,6130,40.42794418334961,-79.98065948486328
1629724926,7607020,61C,0,6251,40.44468688964844,-79.94375610351562
1629724917,12560020,61C,0,6133,40.424015045166016,-79.92837524414062
1629724914,11683020,61A,0,6253,40.41709518432617,-79.88089752197266
1629724899,1819020,91,0,6011,40.49470901489258,-79.88639831542969
1629724921,10610020,53L,0,6135,40.43538284301758,-79.97834777832031
1629724928,7233020,51,0,6134,40.429317474365234,-79.99676513671875
1629724906,11181020,22,0,6015,40.468196868896484,-80.09825134277344
1629724924,8131020,14,0,6007,40.555030822753906,-80.19541931152344
1629724924,2476020,P3,0,6249,40.44601821899414,-79.95257568359375
1629724912,1779020,61B,0,6127,40.41480255126953,-79.88326263427734
1629724919,10750020,Y46,0,6248,40.34400939941406,-79.97149658203125
1629724898,1650020,12,0,6009,40.542179107666016,-80.0127182006836
1629724908,12860020,67,0,6262,40.42640686035156,-79.8115005493164
1629724907,6005020,71D,0,6144,40.43894958496094,-79.9947280883789
1629724923,3809020,G2,0,6023,40.40546798706055,-80.0908203125
1629724919,11996020,75,0,6264,40.479095458984375,-79.9288101196289
1629724916,14478020,77,0,6143,40.45320510864258,-79.75025177001953
1629724916,10357020,29,0,6025,40.43887710571289,-80.07232666015625
1629724913,4530020,88,0,6267,40.45638656616211,-79.97632598876953
1629724881,5270020,P78,0,6148,40.459136962890625,-79.96719360351562
1629724899,11285020,75,0,6147,40.42427062988281,-79.96235656738281
1629724923,11228020,87,0,6268,40.461666107177734,-79.96617126464844
1629724928,9176020,28X,0,6261,40.4417839050293,-80.00251007080078
1629724928,11538020,75,0,6260,40.42829895019531,-79.9679946899414
1629724902,6661020,41,0,6018,40.42531967163086,-80.00556945800781
1629724913,6571020,64,0,6139,40.413238525390625,-79.90740203857422
1629724906,12451020,48,0,6017,40.42438888549805,-79.96981811523438
1629724917,479020,69,0,6259,40.449974060058594,-79.89158630371094
1629724925,7566020,75,0,6138,40.487091064453125,-79.88609313964844
1629724909,8892020,71D,0,6274,40.44278335571289,-79.95704650878906
1629724914,10851020,87,0,6153,40.44684982299805,-79.98920440673828
1629724916,5046020,59,0,6031,40.35356903076172,-79.89689636230469
1629724925,4347020,64,0,6155,40.465370178222656,-79.9568862915039
1629724913,1088020,69,0,7002,40.39118957519531,-79.7651596069336
1629724907,10836020,71C,0,6275,40.43861770629883,-79.98665618896484
1629724926,6398020,93,0,6033,40.425514221191406,-79.92788696289062
1629724902,4424020,53L,0,6036,40.3416633605957,-79.94391632080078
1629724913,5856020,71,0,6157,40.427310943603516,-79.88742065429688
1629724919,10653020,82,0,6156,40.46997833251953,-79.89409637451172
1629724901,14003020,81,0,6038,40.44417953491211,-79.9761962890625
1629724921,13313020,77,0,6158,40.45047378540039,-79.76158905029297
1629724892,6313020,71D,0,6272,40.45700454711914,-79.90799713134766
1629724918,7932020,67,0,6149,40.43488311767578,-79.9882583618164
1629724897,7541020,53L,0,6043,40.39781951904297,-79.9017562866211
1629724924,4775020,81,0,6042,40.430419921875,-79.9771957397461
1629724898,1414020,86,0,6045,40.44234848022461,-79.99944305419922
1629724915,10152020,75,0,6046,40.45832824707031,-79.91661834716797
1629724848,2558020,71D,0,6049,40.440773010253906,-79.99591827392578
1629724923,10343020,4,0,1709,40.47343444824219,-79.98373413085938
1629724922,8526020,11,0,1707,40.443443298339844,-79.99606323242188
1629724891,8088020,11,0,1704,40.44880676269531,-80.00066375732422
1629724926,1686020,71C,0,6056,40.46295166015625,-79.93099975585938
1629724889,14497020,71C,0,6059,40.43848419189453,-79.9833984375
1629724924,11662020,71C,0,6051,40.446014404296875,-79.95258331298828
1629724928,13637020,43,0,1714,40.41587829589844,-80.01305389404297
1629724838,13670020,40,0,1723,40.41697692871094,-80.01140594482422
1629724915,11091020,44,0,1720,40.4121208190918,-79.97711181640625
1629724917,5833020,44,0,1728,40.4210319519043,-80.00122833251953
1629724925,10540020,44,0,1726,40.389957427978516,-79.97622680664062
1629724895,9699020,44,0,1724,40.43332290649414,-80.00315856933594
1629724929,8145020,16,0,5907,40.50386047363281,-80.07451629638672
1629724923,13878020,16,0,5908,40.48728942871094,-80.03887176513672
1629724920,10015020,54,0,5903,40.40943145751953,-79.99944305419922
1629724884,1954020,38,0,5918,40.39574432373047,-80.06634521484375
1629724919,12944020,24,0,5919,40.45588684082031,-80.13682556152344
1629724903,14389020,27,0,5914,40.44114685058594,-80.0687026977539
1629724920,11632020,93,0,5926,40.43936538696289,-79.96175384521484
1629724922,7797020,55,0,5927,40.35221862792969,-79.85765075683594
1629724913,324020,8,0,5806,40.51757049560547,-80.03775787353516
1629724928,7583020,12,0,5807,40.442543029785156,-79.99996185302734
1629724928,10502020,17,0,5809,40.452293395996094,-80.00135803222656
1629724925,11926020,55,0,5921,40.325531005859375,-79.89247131347656
1629724923,11423020,51,0,5923,40.39662551879883,-79.98768615722656
1629724925,10353020,1,0,5803,40.48884963989258,-79.90116882324219
1629724920,6977020,61D,0,5925,40.43860626220703,-79.98638153076172
1629725553,10130020,51,0,5816,40.380615234375,-79.97626495361328
1629725544,-1800029096,88,1,5937,40.455711364746094,-79.91060638427734
1629725570,6354020,61C,0,5817,40.43357849121094,-79.92292022705078
1629725561,2366020,21,0,5810,40.51390838623047,-80.15482330322266
1629725565,12642020,61B,0,5931,40.439693450927734,-79.95953369140625
1629725573,2106020,27,0,5811,40.452728271484375,-80.06564331054688
1629725566,2523020,59,0,5815,40.41413879394531,-79.85005950927734
1629725554,1617020,22,0,5708,40.443851470947266,-80.0273666381836
1629725548,3770020,54,0,5702,40.46162033081055,-79.9489974975586
1629725553,3651020,54,0,5703,40.439422607421875,-79.961669921875
1629725557,2354020,1,0,5705,40.60132598876953,-79.75621032714844
1629725568,10900020,71B,0,3420,40.43745422363281,-79.97193145751953
1629725553,2214020,P1,0,3414,40.45827865600586,-79.91374969482422
1629725545,13837020,71B,0,3412,40.44686508178711,-79.94957733154297
1629725566,4739020,86,0,3410,40.461639404296875,-79.96638488769531
1629725546,6818020,71C,0,5715,40.46116638183594,-79.93209075927734
1629725559,8700020,P78,0,3418,40.53384780883789,-79.8448257446289
1629725563,10760020,61D,0,3306,40.4404182434082,-79.99463653564453
1629725550,6934020,71D,0,3424,40.457130432128906,-79.90853881835938
1629725572,5367020,71A,0,5722,40.47895050048828,-79.91912078857422
1629725517,8441020,61A,0,3309,40.413753509521484,-79.85315704345703
1629725553,12839020,P1,0,3320,40.443809509277344,-79.99488830566406
1629725549,2241020,61D,0,3317,40.43846130371094,-79.98286437988281
1629725570,8071020,61B,0,3313,40.40380096435547,-79.86929321289062
1629725555,6405020,P1,0,3329,40.43684005737305,-79.88569641113281
1629725538,2632020,P1,0,3328,40.459747314453125,-79.92157745361328
1629725563,4265020,71B,0,3327,40.43798065185547,-79.99236297607422
1629725569,14329020,61C,0,3205,40.4422721862793,-79.99983215332031
1629725558,7097020,71A,0,3326,40.43833923339844,-79.98018646240234
1629725563,12563020,P3,0,3201,40.44189453125,-79.95828247070312
1629725567,12073020,14,0,5627,40.556793212890625,-80.19759368896484
1629725502,6681020,P1,0,3221,40.414756774902344,-79.87882995605469
1629725548,-319721701,88,1,3220,40.46257400512695,-79.9281234741211
1629725553,8661020,24,0,6609,40.46395492553711,-80.05284118652344
1629725569,1029020,71C,0,3339,40.44371032714844,-79.89225769042969
1629725556,8165020,71D,0,3334,40.43861770629883,-79.98418426513672
1629725568,6283020,71B,0,3212,40.44228744506836,-80.00043487548828
1629725568,12104020,17,0,6603,40.4515495300293,-80.00111389160156
1629725558,9588020,12,0,6604,40.586788177490234,-80.03247833251953
1629725551,768020,14,0,6606,40.47763442993164,-80.04218292236328
1629725559,9897020,59,0,6621,40.3851432800293,-79.87390899658203
1629725556,9530020,61D,0,6620,40.408050537109375,-79.9133529663086
1629725571,9836020,P78,0,3225,40.51963424682617,-79.8429183959961
1629725568,5305020,51,0,6616,40.42879867553711,-79.98123168945312
1629725567,2451020,83,0,6618,40.44816207885742,-79.97838592529297
1629725569,10206020,59,0,6617,40.40480041503906,-79.88189697265625
1629725546,748020,51,0,5660,40.401004791259766,-79.9892349243164
1629725571,13290020,16,0,6510,40.47643280029297,-80.0317153930664
1629725566,9306020,13,0,6509,40.48568344116211,-80.04257202148438
1629725545,1255020,G2,0,3238,40.44329071044922,-79.99431610107422
1629725550,6759020,G2,0,3234,40.444271087646484,-80.0280990600586
1629725556,3678020,91,0,6502,40.487552642822266,-79.89395904541016
1629725569,7437020,1,0,6501,40.49422836303711,-79.93104553222656
1629725543,12417020,61C,0,6622,40.437156677246094,-79.97427368164062
1629725565,7121020,Y47,0,5655,40.414546966552734,-80.01126098632812
1629725569,11717020,8,0,6503,40.4487190246582,-80.00066375732422
1629725571,9107020,16,0,6505,40.45525360107422,-80.00745391845703
1629725559,12867020,55,0,6626,40.34965133666992,-79.93299102783203
1629725558,394020,61C,0,6629,40.35228729248047,-79.85664367675781
1629725552,13755020,P68,0,6640,40.430519104003906,-79.7923812866211
1629725563,-1858856385,71D,1,6643,40.44362258911133,-79.88723754882812
1629725561,7931020,67,0,6642,40.45269012451172,-79.75096893310547
1629725568,60020,61A,0,3253,40.414920806884766,-79.8541030883789
1629725548,8480020,61D,0,3251,40.44316864013672,-79.95655059814453
1629725550,9999020,61D,0,3245,40.422706604003906,-79.92878723144531
1629725555,7936020,21,0,6513,40.45704650878906,-80.04398345947266
1629725567,6086020,51,0,6633,40.41569137573242,-79.98725128173828
1629725570,13390020,24,0,6515,40.454044342041016,-80.1603012084961
1629725566,679020,75,0,6636,40.42748260498047,-79.96846008300781
1629725572,14221020,86,0,5667,40.4446907043457,-79.88489532470703
1629725564,5577020,81,0,6635,40.42948532104492,-79.9735336303711
1629725220,7888020,20,0,6517,40.46862030029297,-80.09821319580078
1629725561,11392020,39,0,6516,40.43635940551758,-80.00113677978516
1629725402,1246020,67,0,6637,40.43773651123047,-79.82953643798828
1629725551,14045020,29,0,6519,40.4263916015625,-80.1879653930664
1629725570,14322020,27,0,6518,40.45261764526367,-80.0656967163086
1629725569,1203020,1,0,6410,40.58567428588867,-79.77700805664062
1629725562,3744020,67,0,6652,40.44375228881836,-79.88684844970703
1629725568,12063020,93,0,6531,40.478702545166016,-79.95548248291016
1629725563,5370020,P68,0,6651,40.43056869506836,-79.78623962402344
1629725555,10062020,19L,0,6412,40.442073822021484,-79.99498748779297
1629725568,2561020,28X,0,6654,40.438480377197266,-79.96125030517578
1629725568,8187020,61A,0,6533,40.44593048095703,-79.95165252685547
1629725546,9299020,91,0,6411,40.44084548950195,-80.00065612792969
1629725571,8692020,Y49,0,6524,40.36389923095703,-79.98418426513672
1629725562,3366020,12,0,6402,40.493385314941406,-80.01152038574219
1629725550,11613020,31,0,6523,40.44155502319336,-80.00519561767578
1629725533,10683020,56,0,6526,40.371036529541016,-79.91493225097656
1629725557,1592020,77,0,6647,40.48483657836914,-79.76798248291016
1629725568,5354020,61B,0,6525,40.43831253051758,-79.9795150756836
1629725570,1864020,71A,0,6646,40.47907257080078,-79.91788482666016
1629725561,1762020,61C,0,6528,40.423648834228516,-79.92849731445312
1629725568,-1460287393,91,1,6407,40.46941375732422,-79.9614028930664
1629725563,3958020,2,0,6406,40.44335174560547,-79.99819946289062
1629725554,3505020,Y46,0,6540,40.40287399291992,-80.00230407714844
1629725559,8973020,P68,0,6542,40.453128814697266,-79.9770736694336
1629725545,8979020,61D,0,6541,40.41090774536133,-79.91868591308594
1629725516,6016020,54,0,6302,40.40877151489258,-79.99121856689453
1629725567,14336020,1,0,6414,40.541297912597656,-79.79792785644531
1629725551,9487020,1,0,6413,40.45594024658203,-79.99159240722656
1629725548,10646020,56,0,6534,40.33905029296875,-79.86119079589844
1629725543,10381020,21,0,6416,40.505393981933594,-80.10496520996094
1629725571,5895020,41,0,6415,40.35875701904297,-80.10858917236328
1629725573,2404020,60,0,6538,40.321285247802734,-79.83624267578125
1629725525,8442020,71A,0,6551,40.45243453979492,-79.95026397705078
1629725563,14734020,2,0,6311,40.54920196533203,-79.97183990478516
1629725551,901020,61D,0,6432,40.444515228271484,-79.95468139648438
1629725566,14480020,75,0,6553,40.457767486572266,-79.92829132080078
1629725564,11488020,74,0,6552,40.43804931640625,-79.92070770263672
1629725551,13591020,64,0,6434,40.438087463378906,-79.91941833496094
1629725548,792020,2,0,6312,40.557926177978516,-79.9754409790039
1629725559,9502020,57,0,6433,40.40678024291992,-79.92748260498047
1629725546,-2018403853,6,1,6304,40.452171325683594,-79.99573516845703
1629725569,12285020,28X,0,6545,40.45427322387695,-80.18175506591797
1629725572,235020,17,0,6306,40.500450134277344,-80.02239227294922
1629725571,13661020,8,0,6305,40.47151184082031,-80.0091323852539
1629725565,1858020,82,0,6547,40.4604606628418,-79.9139175415039
1629725141,2880020,13,0,6307,40.51759338378906,-80.03691101074219
1629725557,4176020,57,0,6428,40.41526794433594,-79.9249496459961
1629725520,2964020,Y47,0,6440,40.34746170043945,-79.94905090332031
1629725540,8448020,12,0,6201,40.56966018676758,-80.01631927490234
1629725571,2004020,48,0,6321,40.4245719909668,-79.96975708007812
1629725566,1881020,61B,0,6442,40.444091796875,-79.93981170654297
1629725515,7413020,61B,0,6445,40.440059661865234,-79.99856567382812
1629725571,6106020,79,0,6557,40.4680061340332,-79.86479949951172
1629725565,-1131712756,16,1,6314,40.45574188232422,-80.00245666503906
1629725520,2771020,77,0,6556,40.45703887939453,-79.9113540649414
1629725562,12693020,91,0,6316,40.48807144165039,-79.93814086914062
1629725571,4735020,31,0,6319,40.387760162353516,-80.09070587158203
1629725558,103020,28X,0,6450,40.44162368774414,-79.95870208740234
1629725551,4228020,79,0,6452,40.44998550415039,-79.89163970947266
1629725571,4280020,14,0,6212,40.493228912353516,-80.0628662109375
1629725557,12447020,74,0,6453,40.46864700317383,-79.9017562866211
1629725331,1625020,67,0,6456,40.43785858154297,-79.96394348144531
1629725560,6224020,P3,0,6334,40.458534240722656,-79.91439819335938
1629725557,7387020,15,0,6205,40.441715240478516,-80.00386047363281
1629725556,10523020,41,0,6326,40.356414794921875,-80.11026000976562
1629725566,9706020,51,0,6447,40.428749084472656,-79.9864730834961
1629725565,12145020,71C,0,6449,40.44224166870117,-79.95783996582031
1629725552,9520020,29,0,6327,40.44239807128906,-80.0000228881836
1629725559,5985020,54,0,6206,40.44082260131836,-79.95964050292969
1629725571,12057020,6,0,6209,40.481689453125,-80.00260925292969
1629725566,12701020,61D,0,6340,40.441341400146484,-79.957275390625
1629725571,13541020,75,0,6461,40.488121032714844,-79.89369201660156
1629725565,3374020,74,0,6463,40.476749420166016,-79.89857482910156
1629725565,13135020,56,0,6341,40.44021224975586,-80.00350952148438
1629725536,6809020,61A,0,6343,40.43804168701172,-79.99424743652344
1629725566,7362020,20,0,6225,40.467472076416016,-80.09831237792969
1629725572,12131020,Y1,0,6346,40.4362907409668,-80.00118255615234
1629725571,7492020,38,0,6224,40.381080627441406,-80.09483337402344
1629725565,10747020,13,0,6216,40.46156692504883,-80.02994537353516
1629725560,13529020,65,0,6337,40.43724060058594,-79.986572265625
1629725553,344020,15,0,6215,40.4461555480957,-79.98907470703125
1629725565,8077020,69,0,6457,40.394412994384766,-79.80020904541016
1629725558,13601020,36,0,6218,40.4130859375,-80.0305404663086
1629725565,4276020,41,0,6217,40.41653060913086,-80.01184844970703
1629725571,2559020,61A,0,6338,40.42667007446289,-79.88529205322266
1629725518,11252020,82,0,6459,40.44352340698242,-79.98046875
1629725534,3821020,20,0,6219,40.44356918334961,-80.02655029296875
1629725573,12895020,61C,0,6351,40.405941009521484,-79.8863754272461
1629725568,11519020,31,0,6231,40.42671585083008,-80.05635833740234
1629725554,615020,61B,0,6355,40.42763900756836,-79.89120483398438
1629725567,8898020,59,0,6112,40.371761322021484,-79.8465576171875
1629725569,8725020,59,0,6115,40.35247802734375,-79.85105895996094
1629725542,4751020,59,0,6357,40.38374328613281,-79.86859130859375
1629725569,13386020,55,0,6114,40.3411750793457,-79.91564178466797
1629725552,9506020,61D,0,6235,40.43806076049805,-79.9271240234375
1629725568,4023020,38,0,6108,40.44120407104492,-80.00389862060547
1629725568,984020,39,0,6229,40.402000427246094,-80.01627349853516
1629725566,10256020,77,0,6362,40.45905303955078,-79.90963745117188
1629725562,111020,93,0,6241,40.408016204833984,-79.92640686035156
1629725572,4052020,61A,0,6240,40.40184783935547,-79.86662292480469
1629725554,4194020,13,0,6001,40.45564651489258,-80.00588989257812
1629725564,2359020,52L,0,6122,40.41857147216797,-79.92646026611328
1629725571,884020,82,0,6364,40.44886779785156,-79.96482849121094
1629725554,12048020,51,0,6242,40.348575592041016,-79.94470977783203
1629725565,5680020,51,0,6124,40.43064880371094,-80.0007095336914
1629725508,6544020,91,0,6003,40.488059997558594,-79.88973236083984
1629725560,6048020,51,0,6126,40.341712951660156,-79.9438705444336
1629725572,11860020,6,0,6005,40.473838806152344,-80.00296783447266
1629725541,8100020,67,0,6368,40.44062423706055,-80.00458526611328
1629725549,222020,93,0,6247,40.48290252685547,-79.94801330566406
1629725559,5749020,59,0,6125,40.41539001464844,-79.87650299072266
1629725509,-301751878,87,1,6367,40.48944854736328,-79.92695617675781
1629725558,7767020,71A,0,6359,40.43912887573242,-79.96198272705078
1629725559,14410020,Y49,0,6237,40.36247634887695,-79.96337890625
1629725562,842020,61A,0,6239,40.444610595703125,-79.94437408447266
1629725565,3609020,64,0,6118,40.443599700927734,-79.92042541503906
1629725501,11127020,61A,0,6252,40.438880920410156,-79.99264526367188
1629725566,10067020,51,0,6130,40.39301681518555,-79.98652648925781
1629725554,7607020,61C,0,6251,40.440704345703125,-79.9599380493164
1629725550,12560020,61C,0,6133,40.409263610839844,-79.89900970458984
1629725558,11683020,61A,0,6253,40.4398307800293,-79.88056182861328
1629725546,1819020,91,0,6011,40.49465560913086,-79.8858871459961
1629725542,10610020,53L,0,6135,40.41640853881836,-79.92569732666016
1629725573,7233020,51,0,6134,40.44178009033203,-80.00226593017578
1629725547,11181020,22,0,6015,40.468196868896484,-80.09825134277344
1629725566,8131020,14,0,6007,40.59318923950195,-80.22956848144531
1629725568,2476020,P3,0,6249,40.45532989501953,-79.90501403808594
1629725573,1779020,61B,0,6127,40.436424255371094,-79.896240234375
1629725571,10750020,Y46,0,6248,40.382476806640625,-79.9959487915039
1629725545,1650020,12,0,6009,40.55104064941406,-80.01532745361328
1629725566,12860020,67,0,6262,40.443748474121094,-79.86542510986328
1629725555,6005020,71D,0,6144,40.43913650512695,-79.96197509765625
1629725541,10250020,79,0,6265,40.443260192871094,-79.88713073730469
1629725566,3809020,G2,0,6023,40.43387222290039,-80.0675048828125
1629725572,11996020,75,0,6264,40.488101959228516,-79.8936996459961
1629725560,14478020,77,0,6143,40.45320510864258,-79.75025177001953
1629725513,10357020,29,0,6025,40.451507568359375,-80.13118743896484
1629725566,365020,77,0,6146,40.441829681396484,-80.00212860107422
1629725549,245020,88,0,6267,40.440879821777344,-80.00017547607422
1629725565,11285020,75,0,6147,40.44082260131836,-79.95964050292969
1629725544,11228020,87,0,6268,40.44393539428711,-79.99763488769531
1629725545,9176020,28X,0,6261,40.44392013549805,-80.02751922607422
1629725552,1804020,75,0,6260,40.4243049621582,-79.96231079101562
1629725537,6661020,41,0,6018,40.389583587646484,-80.04151916503906
1629725556,8636020,64,0,6139,40.411136627197266,-79.90630340576172
1629725560,12451020,48,0,6017,40.430362701416016,-79.9998550415039
1629725558,479020,69,0,6259,40.43345642089844,-79.86700439453125
1629725564,8892020,71D,0,6274,40.45328140258789,-79.91778564453125
1629725567,10851020,87,0,6153,40.46492004394531,-79.95086669921875
1629725567,5046020,59,0,6031,40.34328842163086,-79.9421615600586
1629725566,1088020,69,0,7002,40.39555740356445,-79.80521392822266
1629725568,10836020,71C,0,6275,40.443382263183594,-79.99404907226562
1629725558,5798020,87,0,6154,40.4850959777832,-79.94649505615234
1629725545,6398020,93,0,6033,40.43495559692383,-79.95587921142578
1629725571,4424020,53L,0,6036,40.35626983642578,-79.91154479980469
1629725521,5856020,71,0,6157,40.443260192871094,-79.88494873046875
1629725559,10653020,82,0,6156,40.46051025390625,-79.92205810546875
1629725563,14003020,81,0,6038,40.44016647338867,-79.99437713623047
1629725547,13313020,77,0,6158,40.49393844604492,-79.78691101074219
1629725568,6313020,71D,0,6272,40.448455810546875,-79.93401336669922
1629725546,3269020,Y46,0,6029,40.27309036254883,-79.88567352294922
1629725527,7932020,67,0,6149,40.44456481933594,-79.9453125
1629725565,7541020,53L,0,6043,40.35395050048828,-79.914794921875
1629725565,4775020,81,0,6042,40.42839431762695,-79.97416687011719
1629725561,1414020,86,0,6045,40.462162017822266,-79.96143341064453
1629725567,10152020,75,0,6046,40.44771194458008,-79.94757080078125
1629725545,5301020,71D,0,6049,40.43804168701172,-79.99424743652344
1629725569,10343020,4,0,1709,40.50210189819336,-80.02239990234375
1629725563,8088020,11,0,1704,40.46548843383789,-80.0048599243164
1629725570,2062020,4,0,1702,40.5007209777832,-80.02234649658203
1629725542,1686020,71C,0,6056,40.44711685180664,-79.89508056640625
1629725547,14497020,71C,0,6059,40.44107437133789,-80.00126647949219
1629725572,11662020,71C,0,6051,40.45710372924805,-79.93456268310547
1629725550,13637020,43,0,1714,40.42356491088867,-79.98896026611328
1629725569,13670020,40,0,1723,40.44029235839844,-80.00064086914062
1629725567,11091020,44,0,1720,40.42153549194336,-80.006103515625
1629725537,5833020,44,0,1728,40.41441345214844,-79.98883819580078
1629725520,2522020,44,0,1726,40.386138916015625,-79.93878936767578
1629725538,9699020,44,0,1724,40.44424819946289,-79.9915771484375
1629725554,5715020,16,0,5904,40.50382995605469,-80.07450866699219
1629725561,8145020,16,0,5907,40.49177932739258,-80.04788208007812
1629725567,5446020,17,0,5902,40.49958038330078,-80.03047180175781
1629725565,10015020,54,0,5903,40.42107009887695,-79.98147583007812
1629725549,1954020,38,0,5918,40.381858825683594,-80.04315948486328
1629725573,12944020,24,0,5919,40.47465896606445,-80.09587097167969
1629725572,7142020,26,0,5914,40.44129180908203,-80.06851196289062
1629725570,11632020,93,0,5926,40.433963775634766,-79.92293548583984
1629725559,7797020,55,0,5927,40.34688949584961,-79.88075256347656
1629725560,324020,8,0,5806,40.498939514160156,-80.0206069946289
1629725569,7583020,12,0,5807,40.45811080932617,-79.99811553955078
1629725557,10502020,17,0,5809,40.45381546020508,-80.02754974365234
1629725565,11926020,55,0,5921,40.35226058959961,-79.85569763183594
1629725554,11423020,51,0,5923,40.38071823120117,-79.976318359375
1629725540,10353020,1,0,5803,40.50038146972656,-79.85234832763672
1629725523,6977020,61D,0,5925,40.44083023071289,-80.0006332397461
1629726080,10130020,51,0,5816,40.38411331176758,-79.97754669189453
1629726047,-1800029096,88,1,5937,40.46385955810547,-79.93157196044922
1629726089,6354020,61C,0,5817,40.44390869140625,-79.93885040283203
1629726062,2366020,21,0,5810,40.508888244628906,-80.11801147460938
1629726070,12642020,61B,0,5931,40.43794631958008,-79.92913055419922
1629726086,2106020,27,0,5811,40.44116973876953,-80.04000091552734
1629726089,2523020,59,0,5815,40.40050506591797,-79.83357238769531
1629726070,1617020,22,0,5708,40.475685119628906,-80.07283020019531
1629726079,3770020,54,0,5702,40.4501838684082,-79.95097351074219
1629726088,3651020,54,0,5703,40.42778778076172,-79.98064422607422
1629726087,9603020,1,0,5705,40.602230072021484,-79.75225830078125
1629726083,10900020,71B,0,3420,40.43942642211914,-79.99443054199219
1629726075,2214020,P1,0,3414,40.454368591308594,-79.94275665283203
1629726073,13837020,71B,0,3412,40.459136962890625,-79.92504119873047
1629726059,4739020,86,0,3410,40.44532775878906,-79.99884796142578
1629726061,6818020,71C,0,5715,40.45201873779297,-79.95161437988281
1629726076,8700020,P78,0,3418,40.54053497314453,-79.83125305175781
1629726060,6934020,71D,0,3424,40.447479248046875,-79.94178009033203
1629726062,12932020,71D,0,3421,40.450008392333984,-79.89177703857422
1629726087,5367020,71A,0,5722,40.466583251953125,-79.92880249023438
1629726061,12250020,61B,0,3309,40.41379928588867,-79.85314178466797
1629726066,12839020,P1,0,3320,40.448516845703125,-79.98531341552734
1629726057,2241020,61D,0,3317,40.44142150878906,-79.99767303466797
1629726075,8071020,61B,0,3313,40.421810150146484,-79.89033508300781
1629726088,4315020,61D,0,5614,40.41073226928711,-79.90719604492188
1629726068,6405020,P1,0,3329,40.415157318115234,-79.87952423095703
1629726069,4265020,71B,0,3327,40.43876266479492,-79.96249389648438
1629726083,1852020,61C,0,3205,40.438899993896484,-79.9947509765625
1629726086,7097020,71A,0,3326,40.439918518066406,-79.99420166015625
1629726058,12563020,P3,0,3201,40.45411682128906,-79.9501953125
1629726085,12073020,14,0,5627,40.5301628112793,-80.1659927368164
1629726063,6681020,P1,0,3221,40.44697570800781,-79.88874816894531
1629726087,-319721701,88,1,3220,40.45429611206055,-79.9128189086914
1629726064,8661020,24,0,6609,40.47538375854492,-80.08185577392578
1629726042,1029020,71C,0,3339,40.45748519897461,-79.91727447509766
1629726081,8165020,71D,0,3334,40.44221878051758,-79.9997329711914
1629726085,6283020,71B,0,3212,40.44108963012695,-80.00074768066406
1629726080,9588020,12,0,6604,40.586788177490234,-80.03247833251953
1629726073,768020,14,0,6606,40.44928741455078,-80.02055358886719
1629726059,9897020,59,0,6621,40.3839111328125,-79.86837768554688
1629726013,9530020,61D,0,6620,40.427825927734375,-79.92576599121094
1629726082,9836020,P78,0,3225,40.47785949707031,-79.84500122070312
1629726086,5305020,51,0,6616,40.41204071044922,-79.98961639404297
1629726084,2451020,83,0,6618,40.450130462646484,-79.95714569091797
1629726086,10206020,59,0,6617,40.420257568359375,-79.88468170166016
1629726088,748020,51,0,5660,40.42684555053711,-79.98074340820312
1629726073,13290020,16,0,6510,40.496315002441406,-80.05709838867188
1629726087,9306020,13,0,6509,40.51205062866211,-80.04521179199219
1629726082,1255020,G2,0,3238,40.44288635253906,-80.02493286132812
1629726079,3678020,91,0,6502,40.49462127685547,-79.93453216552734
1629726044,7437020,1,0,6501,40.47724533081055,-79.96893310546875
1629726059,12417020,61C,0,6622,40.44463348388672,-79.94392395019531
1629726080,7121020,Y47,0,5655,40.43710708618164,-80.00189208984375
1629726085,2602020,8,0,6503,40.45260238647461,-80.00145721435547
1629726067,9793020,16,0,6505,40.44243240356445,-80.00001525878906
1629726088,13755020,P68,0,6640,40.410789489746094,-79.81880950927734
1629726084,-1858856385,71D,1,6643,40.456260681152344,-79.90474700927734
1629726083,7931020,67,0,6642,40.45268249511719,-79.75098419189453
1629726089,60020,61A,0,3253,40.4051513671875,-79.86217498779297
1629726072,8480020,61D,0,3251,40.43869400024414,-79.9871826171875
1629726067,9999020,61D,0,3245,40.43586730957031,-79.9228744506836
1629726086,7936020,21,0,6513,40.442317962646484,-80.00411224365234
1629726079,6086020,51,0,6633,40.42866516113281,-79.98992156982422
1629726061,1680020,75,0,6636,40.42434310913086,-79.9622573852539
1629726061,11392020,39,0,6516,40.4438362121582,-79.99457550048828
1629726086,1246020,67,0,6637,40.42873001098633,-79.79695129394531
1629726071,1205020,29,0,6519,40.42551040649414,-80.19013977050781
1629726078,14322020,27,0,6518,40.44253921508789,-80.06781768798828
1629726085,11832020,86,0,6650,40.46039581298828,-79.9157943725586
1629726059,1203020,1,0,6410,40.601226806640625,-79.7562484741211
1629726080,3744020,67,0,6652,40.44512176513672,-79.85868835449219
1629726071,12063020,93,0,6531,40.46399688720703,-79.95304107666016
1629726074,5370020,P68,0,6651,40.42795181274414,-79.75128173828125
1629726058,2561020,28X,0,6654,40.447200775146484,-79.94239807128906
1629726077,8187020,61A,0,6533,40.43817901611328,-79.97664642333984
1629726073,8692020,Y49,0,6524,40.367122650146484,-79.96402740478516
1629726070,3366020,12,0,6402,40.45864486694336,-79.99850463867188
1629726072,11613020,31,0,6523,40.444305419921875,-80.02912139892578
1629726062,10683020,56,0,6526,40.34640121459961,-79.88825225830078
1629726064,1592020,77,0,6647,40.45265579223633,-79.7508316040039
1629726082,5354020,61B,0,6525,40.44070816040039,-79.99577331542969
1629726073,1864020,71A,0,6646,40.47898483276367,-79.91905212402344
1629726087,1762020,61C,0,6528,40.407989501953125,-79.90892791748047
1629726077,-1460287393,91,1,6407,40.45687484741211,-79.9756088256836
1629726051,3958020,2,0,6406,40.4538688659668,-79.99856567382812
1629726066,3505020,Y46,0,6540,40.37105941772461,-79.98217010498047
1629726085,8973020,P68,0,6542,40.45604705810547,-79.93354034423828
1629726068,8979020,61D,0,6541,40.412574768066406,-79.90284729003906
1629726069,6016020,54,0,6302,40.40877151489258,-79.99121856689453
1629726074,14336020,1,0,6414,40.53044891357422,-79.8493423461914
1629726084,9487020,1,0,6413,40.49540710449219,-79.9454116821289
1629726057,10646020,56,0,6534,40.34543991088867,-79.88262176513672
1629726083,10381020,21,0,6416,40.514713287353516,-80.15302276611328
1629726078,2404020,60,0,6538,40.35219192504883,-79.85664367675781
1629726064,1477020,48,0,6419,40.421783447265625,-79.99435424804688
1629726087,8442020,71A,0,6551,40.43645095825195,-79.96809387207031
1629726079,14734020,2,0,6311,40.50200271606445,-79.94683074951172
1629726077,901020,61D,0,6432,40.43844223022461,-79.98252868652344
1629726087,14480020,75,0,6553,40.46881866455078,-79.92144012451172
1629726079,11488020,74,0,6552,40.44738006591797,-79.90259552001953
1629726073,13591020,64,0,6434,40.42020034790039,-79.92840576171875
1629726081,792020,2,0,6312,40.550537109375,-80.02374267578125
1629726060,9502020,57,0,6433,40.42483901977539,-79.9542007446289
1629726084,-2018403853,6,1,6304,40.50162124633789,-80.02179718017578
1629726061,12285020,28X,0,6545,40.447784423828125,-80.16397857666016
1629726064,235020,17,0,6306,40.500450134277344,-80.02239227294922
1629726088,6360020,G2,0,6427,40.40777587890625,-80.08965301513672
1629726069,13661020,8,0,6305,40.493629455566406,-80.02218627929688
1629726081,12815020,13,0,6307,40.517642974853516,-80.03144836425781
1629726078,2964020,Y47,0,6440,40.33330154418945,-79.93463134765625
1629726075,8448020,12,0,6201,40.55104064941406,-80.01532745361328
1629726079,2004020,48,0,6321,40.41762924194336,-79.98359680175781
1629726081,1881020,61B,0,6442,40.42525100708008,-79.89154052734375
1629726066,7413020,61B,0,6445,40.437538146972656,-79.9824447631836
1629726087,6106020,79,0,6557,40.456573486328125,-79.87188720703125
1629726060,6832020,16,0,6314,40.46375274658203,-80.02254486083984
1629726081,2771020,77,0,6556,40.45508575439453,-79.88114929199219
1629726084,12693020,91,0,6316,40.488407135009766,-79.89952850341797
1629726074,4735020,31,0,6319,40.360145568847656,-80.11152648925781
1629726080,103020,28X,0,6450,40.438812255859375,-79.9916763305664
1629726023,4228020,79,0,6452,40.45005798339844,-79.89178466796875
1629726083,4280020,14,0,6212,40.51765060424805,-80.1296615600586
1629726084,12447020,74,0,6453,40.467098236083984,-79.89093017578125
1629726043,6224020,P3,0,6334,40.454280853271484,-79.94255065917969
1629726084,7387020,15,0,6205,40.4554443359375,-80.01509857177734
1629726056,10523020,41,0,6326,40.376976013183594,-80.09284973144531
1629726075,9706020,51,0,6447,40.4139404296875,-79.98834228515625
1629726071,8507020,59,0,6446,40.33557891845703,-79.94645690917969
1629726075,12145020,71C,0,6449,40.438629150390625,-79.9869384765625
1629726069,4602020,29,0,6327,40.446075439453125,-79.98906707763672
1629726073,5985020,54,0,6206,40.44935607910156,-79.95045471191406
1629726084,4490020,15,0,6209,40.47361755371094,-80.00299835205078
1629726076,12701020,61D,0,6340,40.43803405761719,-79.92780303955078
1629726088,13541020,75,0,6461,40.48418045043945,-79.92819213867188
1629726084,13135020,56,0,6341,40.43301010131836,-79.96285247802734
1629726082,7005020,14,0,6102,40.59244918823242,-80.22814178466797
1629726087,6809020,61A,0,6343,40.439453125,-79.95986938476562
1629726060,7362020,20,0,6225,40.50332260131836,-80.12899780273438
1629726074,7492020,38,0,6224,40.386680603027344,-80.07303619384766
1629726015,10747020,13,0,6216,40.4561767578125,-80.00299072265625
1629726076,344020,15,0,6215,40.4461555480957,-79.98907470703125
1629726067,8077020,69,0,6457,40.398834228515625,-79.77054595947266
1629726082,12099020,36,0,6218,40.44239044189453,-80.00418090820312
1629726073,4276020,41,0,6217,40.4371337890625,-80.00202941894531
1629726084,2559020,61A,0,6338,40.40690231323242,-79.86376190185547
1629726080,11252020,82,0,6459,40.45216369628906,-79.95111846923828
1629726085,3821020,20,0,6219,40.465415954589844,-80.07474517822266
1629726089,12895020,61C,0,6351,40.407325744628906,-79.910400390625
1629726077,11519020,31,0,6231,40.44196319580078,-80.03192901611328
1629726073,8898020,59,0,6112,40.34576416015625,-79.86382293701172
1629726082,8725020,59,0,6115,40.37080383300781,-79.85110473632812
1629726082,4751020,59,0,6357,40.397762298583984,-79.88082122802734
1629726065,13386020,55,0,6114,40.34468460083008,-79.9485092163086
1629726058,9506020,61D,0,6235,40.44472122192383,-79.95438385009766
1629726067,4023020,38,0,6108,40.41871643066406,-80.04582977294922
1629726068,984020,39,0,6229,40.388282775878906,-80.00762939453125
1629726065,10256020,77,0,6362,40.46344757080078,-79.93038177490234
1629726059,2983020,93,0,6241,40.40800094604492,-79.9263687133789
1629726084,4052020,61A,0,6240,40.414485931396484,-79.855224609375
1629726084,4194020,13,0,6001,40.470314025878906,-80.03604888916016
1629726068,2359020,52L,0,6122,40.43474578857422,-79.99207305908203
1629726084,884020,82,0,6364,40.4405517578125,-79.98963928222656
1629726085,12048020,51,0,6242,40.346153259277344,-79.95713806152344
1629726068,5680020,51,0,6124,40.44005584716797,-80.00082397460938
1629726066,6544020,91,0,6003,40.500465393066406,-79.86093139648438
1629726063,6048020,51,0,6126,40.36186599731445,-79.92996215820312
1629726088,11860020,6,0,6005,40.45448684692383,-79.99546813964844
1629726083,8100020,67,0,6368,40.4392204284668,-79.9601821899414
1629726071,222020,93,0,6247,40.48290252685547,-79.94801330566406
1629726080,5749020,59,0,6125,40.4078254699707,-79.87820434570312
1629726080,7767020,71A,0,6359,40.44935607910156,-79.95045471191406
1629726081,14410020,Y49,0,6237,40.360076904296875,-79.98114776611328
1629726082,842020,61A,0,6239,40.4379997253418,-79.91294860839844
1629726060,3609020,64,0,6118,40.45659255981445,-79.93364715576172
1629726077,12863020,61A,0,6252,40.440250396728516,-79.99908447265625
1629726061,10067020,51,0,6130,40.382713317871094,-79.97675323486328
1629726083,7607020,61C,0,6251,40.43880844116211,-79.99082946777344
1629726086,12560020,61C,0,6133,40.37406921386719,-79.8476791381836
1629726076,11683020,61A,0,6253,40.439701080322266,-79.8968505859375
1629726064,10610020,53L,0,6135,40.412452697753906,-79.9103012084961
1629726078,1206020,51,0,6134,40.432132720947266,-80.00389099121094
1629726064,2358020,22,0,6015,40.468238830566406,-80.09851837158203
1629726084,8131020,14,0,6007,40.59153366088867,-80.22747802734375
1629726076,2476020,P3,0,6249,40.41520309448242,-79.87944030761719
1629726069,1779020,61B,0,6127,40.43806076049805,-79.92378997802734
1629726079,10750020,Y46,0,6248,40.41898727416992,-80.01049041748047
1629726075,1650020,12,0,6009,40.56966781616211,-80.01629638671875
1629726075,9730020,71B,0,6263,40.457130432128906,-79.92520141601562
1629726078,12860020,67,0,6262,40.448123931884766,-79.89814758300781
1629726083,6005020,71D,0,6144,40.446990966796875,-79.948486328125
1629726087,10250020,79,0,6265,40.454376220703125,-79.86984252929688
1629726066,3809020,G2,0,6023,40.442604064941406,-80.02423858642578
1629726064,14478020,77,0,6143,40.45356750488281,-79.75122833251953
1629726049,10357020,29,0,6025,40.453773498535156,-80.17155456542969
1629726084,11413020,77,0,6146,40.45869064331055,-79.9585189819336
1629726087,245020,88,0,6267,40.44831085205078,-79.98674774169922
1629726083,11017020,82,0,6266,40.463077545166016,-79.90473175048828
1629726083,11285020,75,0,6147,40.450660705566406,-79.94410705566406
1629726087,4627020,87,0,6268,40.4447135925293,-79.99263763427734
1629726051,9176020,28X,0,6261,40.41633224487305,-80.08231353759766
1629726079,1804020,75,0,6260,40.427249908447266,-79.96773529052734
1629726083,6661020,41,0,6018,40.37181091308594,-80.08216094970703
1629726043,8636020,64,0,6139,40.41074752807617,-79.90714263916016
1629726058,12451020,48,0,6017,40.44164276123047,-80.00261688232422
1629726082,479020,69,0,6259,40.405303955078125,-79.82777404785156
1629726077,8892020,71D,0,6274,40.44923400878906,-79.8841552734375
1629726080,10851020,87,0,6153,40.469730377197266,-79.92706298828125
1629726078,5046020,59,0,6031,40.33812713623047,-79.95126342773438
1629726074,1088020,69,0,7002,40.400699615478516,-79.83399963378906
1629726072,10836020,71C,0,6275,40.4538459777832,-79.93708038330078
1629726085,5798020,87,0,6154,40.48016357421875,-79.92948150634766
1629726083,6398020,93,0,6033,40.443721771240234,-79.9557113647461
1629726055,4424020,53L,0,6036,40.384613037109375,-79.90367126464844
1629726059,13574020,71,0,6157,40.44985580444336,-79.89168548583984
1629726074,10653020,82,0,6156,40.452964782714844,-79.9485092163086
1629726065,12514020,81,0,6038,40.44234085083008,-80.000244140625
1629726083,13313020,77,0,6158,40.46934127807617,-79.82369995117188
1629726074,6313020,71D,0,6272,40.44239044189453,-79.9576416015625
1629726064,3269020,Y46,0,6029,40.293479919433594,-79.88825225830078
1629726063,7932020,67,0,6149,40.450523376464844,-79.90885925292969
1629726076,7541020,53L,0,6043,40.34368896484375,-79.94483184814453
1629726074,4775020,81,0,6042,40.442909240722656,-79.95453643798828
1629726077,1414020,86,0,6045,40.456058502197266,-79.93869018554688
1629726071,10152020,75,0,6046,40.436920166015625,-79.96590423583984
1629726088,5301020,71D,0,6049,40.436527252197266,-79.96912384033203
1629726088,10343020,4,0,1709,40.50167465209961,-80.02198791503906
1629726073,8088020,11,0,1704,40.46110916137695,-80.00871276855469
1629726082,2062020,4,0,1702,40.473426818847656,-79.98377990722656
1629726071,7975020,71C,0,6059,40.43794631958008,-79.99142456054688
1629726088,11662020,71C,0,6051,40.45443344116211,-79.91307830810547
1629726080,12129020,40,0,1717,40.44618606567383,-79.9885025024414
1629726085,13637020,43,0,1714,40.440032958984375,-80.00083923339844
1629726063,11091020,44,0,1720,40.43758010864258,-80.0025405883789
1629726057,5833020,44,0,1728,40.41341018676758,-79.98445129394531
1629726084,2522020,44,0,1726,40.38525390625,-79.97589874267578
1629726070,5021020,44,0,1724,40.43720245361328,-80.00057983398438
1629726046,5715020,16,0,5904,40.50382995605469,-80.07450866699219
1629726089,8145020,16,0,5907,40.468360900878906,-80.02522277832031
1629726074,7970020,54,0,5909,40.45384979248047,-79.99867248535156
1629726078,5446020,17,0,5902,40.47813034057617,-80.03376007080078
1629726064,10015020,54,0,5903,40.4376335144043,-79.97252655029297
1629726062,1954020,38,0,5918,40.382301330566406,-80.04348754882812
1629726070,12944020,24,0,5919,40.46569061279297,-80.06278228759766
1629726085,7142020,26,0,5914,40.45949935913086,-80.06423950195312
1629726065,11632020,93,0,5926,40.407859802246094,-79.9434585571289
1629726079,7797020,55,0,5927,40.31599044799805,-79.888427734375
1629726079,324020,8,0,5806,40.474246978759766,-80.01042175292969
1629726068,7583020,12,0,5807,40.50157928466797,-80.01130676269531
1629726065,10502020,17,0,5809,40.47500228881836,-80.031982421875
1629726087,11926020,55,0,5921,40.3817253112793,-79.82809448242188
1629726035,9190020,83,0,5922,40.435829162597656,-79.9654769897461
1629726076,11423020,51,0,5923,40.38071823120117,-79.976318359375
1629726080,10353020,1,0,5803,40.541046142578125,-79.80536651611328
1629726078,6155020,61D,0,5925,40.437679290771484,-79.9854507446289
1629726541,10130020,51,0,5816,40.40528106689453,-79.99085998535156
1629726529,-1800029096,88,1,5937,40.46576690673828,-79.95499420166016
1629726539,6354020,61C,0,5817,40.445899963378906,-79.9527359008789
1629726526,2366020,21,0,5810,40.48258590698242,-80.0701904296875
1629726538,12642020,61B,0,5931,40.43243408203125,-79.893798828125
1629726528,2106020,27,0,5811,40.44207000732422,-80.00865173339844
1629726525,2523020,59,0,5815,40.388221740722656,-79.82362365722656
1629726548,1617020,22,0,5708,40.47121810913086,-80.10018920898438
1629726524,3770020,54,0,5702,40.441261291503906,-79.95916748046875
1629726542,3651020,54,0,5703,40.41421890258789,-79.99737548828125
1629726547,9603020,1,0,5705,40.58184814453125,-79.77863311767578
1629726540,12031020,71B,0,3420,40.439598083496094,-79.99736785888672
1629726520,2214020,P1,0,3414,40.44375991821289,-79.99366760253906
1629726535,13837020,71B,0,3412,40.47551727294922,-79.91924285888672
1629726547,5774020,86,0,3410,40.454246520996094,-79.97791290283203
1629726531,6818020,71C,0,5715,40.44181823730469,-79.95845031738281
1629726535,8700020,P78,0,3418,40.54053497314453,-79.83125305175781
1629726519,6934020,71D,0,3424,40.43940734863281,-79.9616928100586
1629726524,12932020,71D,0,3421,40.450008392333984,-79.89177703857422
1629726542,5367020,71A,0,5722,40.455970764160156,-79.93836212158203
1629726525,12250020,61B,0,3309,40.4150390625,-79.85469055175781
1629726547,12839020,P1,0,3320,40.45885467529297,-79.91516876220703
1629726550,3043020,61D,0,3317,40.439979553222656,-79.99436950683594
1629726535,8071020,61B,0,3313,40.43801498413086,-79.91032409667969
1629726522,4315020,61D,0,5614,40.40774154663086,-79.91867065429688
1629726524,11894020,P1,0,3329,40.41500473022461,-79.87850189208984
1629726538,4265020,71B,0,3327,40.447059631347656,-79.94735717773438
1629726546,1852020,61C,0,3205,40.43670654296875,-79.96368408203125
1629726523,5427020,71A,0,3326,40.4398193359375,-79.99793243408203
1629726526,12563020,P3,0,3201,40.45277404785156,-79.89871978759766
1629726540,12073020,14,0,5627,40.508705139160156,-80.09053802490234
1629726543,6681020,P1,0,3221,40.4549674987793,-79.93479919433594
1629726545,8661020,24,0,6609,40.467315673828125,-80.09732055664062
1629726519,1029020,71C,0,3339,40.45742416381836,-79.93421173095703
1629726466,14558020,71D,0,3334,40.43959426879883,-79.99658203125
1629726521,3758020,71B,0,3212,40.43842315673828,-79.99454498291016
1629726520,8356020,17,0,6603,40.450870513916016,-80.00090026855469
1629726506,9480020,12,0,6604,40.58565902709961,-80.0386962890625
1629726547,9897020,59,0,6621,40.382869720458984,-79.85733032226562
1629726460,9530020,61D,0,6620,40.438045501708984,-79.92765045166016
1629726550,9836020,P78,0,3225,40.45384979248047,-79.85877227783203
1629726549,5305020,51,0,6616,40.386085510253906,-79.97929382324219
1629726540,2451020,83,0,6618,40.440216064453125,-79.96844482421875
1629726548,10206020,59,0,6617,40.40596389770508,-79.86637115478516
1629726492,748020,51,0,5660,40.43085861206055,-80.0010986328125
1629726544,13290020,16,0,6510,40.503482818603516,-80.07421112060547
1629726531,9306020,13,0,6509,40.51654815673828,-80.03718566894531
1629726517,1255020,G2,0,3238,40.45283508300781,-80.0542984008789
1629726544,3678020,91,0,6502,40.4754638671875,-79.95765686035156
1629726533,159020,Y47,0,5654,40.3392333984375,-79.93802642822266
1629726523,7437020,1,0,6501,40.451541900634766,-80.00111389160156
1629726546,12417020,61C,0,6622,40.43053436279297,-79.92339324951172
1629726550,5220020,Y47,0,5655,40.43890380859375,-79.9993896484375
1629726548,2602020,8,0,6503,40.45731735229492,-80.0072250366211
1629726543,9793020,16,0,6505,40.44991683959961,-80.00100708007812
1629726535,13755020,P68,0,6640,40.39513397216797,-79.84113311767578
1629726529,-1858856385,71D,1,6643,40.4521484375,-79.92345428466797
1629726521,8269020,67,0,6642,40.452659606933594,-79.75108337402344
1629726547,60020,61A,0,3253,40.4212760925293,-79.88599395751953
1629726538,8480020,61D,0,3251,40.44221878051758,-79.9997329711914
1629726544,9999020,61D,0,3245,40.4444694519043,-79.94802856445312
1629726542,1193020,21,0,6513,40.44343948364258,-80.02615356445312
1629726531,6086020,51,0,6633,40.43708801269531,-80.00179290771484
1629726547,1680020,75,0,6636,40.42439270019531,-79.9630126953125
1629726532,11392020,39,0,6516,40.446083068847656,-79.98889923095703
1629726541,1246020,67,0,6637,40.43601989746094,-79.78547668457031
1629726515,1205020,29,0,6519,40.42962646484375,-80.19091796875
1629726548,11832020,86,0,6650,40.4608154296875,-79.92764282226562
1629726520,1203020,1,0,6410,40.601226806640625,-79.7562484741211
1629726533,12063020,93,0,6531,40.44700241088867,-79.94904327392578
1629726504,5370020,P68,0,6651,40.4290885925293,-79.74906158447266
1629726547,2561020,28X,0,6654,40.45499038696289,-79.91133880615234
1629726542,8187020,61A,0,6533,40.440670013427734,-79.99543762207031
1629726546,9299020,91,0,6411,40.4630126953125,-79.96697235107422
1629726534,8692020,Y49,0,6524,40.34723663330078,-79.95045471191406
1629726548,6138020,12,0,6402,40.44388961791992,-79.99848175048828
1629726542,11613020,31,0,6523,40.4267463684082,-80.0562973022461
1629726549,10683020,56,0,6526,40.353187561035156,-79.84607696533203
1629726527,1592020,77,0,6647,40.453025817871094,-79.75023651123047
1629726495,13741020,61B,0,6525,40.439693450927734,-79.99665832519531
1629726503,1864020,71A,0,6646,40.47898483276367,-79.91915893554688
1629726535,8675020,28X,0,6649,40.4566764831543,-79.91202545166016
1629726530,1762020,61C,0,6528,40.3890266418457,-79.86787414550781
1629726529,-1460287393,91,1,6407,40.440818786621094,-80.00035095214844
1629726543,3958020,2,0,6406,40.477909088134766,-79.96952056884766
1629726547,11183020,16,0,6408,40.503814697265625,-80.0745849609375
1629726527,3505020,Y46,0,6540,40.341129302978516,-79.96519470214844
1629726548,8973020,P68,0,6542,40.44120407104492,-79.88297271728516
1629726534,8979020,61D,0,6541,40.41120147705078,-79.90621185302734
1629726225,6016020,54,0,6302,40.40877151489258,-79.99121856689453
1629726545,14336020,1,0,6414,40.488983154296875,-79.87651824951172
1629726529,9487020,1,0,6413,40.49312973022461,-79.91151428222656
1629726537,10381020,21,0,6416,40.535926818847656,-80.1847915649414
1629726547,14232020,60,0,6538,40.350189208984375,-79.83738708496094
1629726518,1477020,48,0,6419,40.41774368286133,-79.96620178222656
1629726521,8442020,71A,0,6551,40.43874740600586,-79.9893798828125
1629726539,14734020,2,0,6311,40.4904670715332,-79.97175598144531
1629726520,901020,61D,0,6432,40.44173049926758,-79.99846649169922
1629726548,14480020,75,0,6553,40.48799514770508,-79.92414093017578
1629726540,11488020,74,0,6552,40.462608337402344,-79.89088439941406
1629726530,13591020,64,0,6434,40.411521911621094,-79.9081802368164
1629726549,792020,2,0,6312,40.53933334350586,-80.01193237304688
1629726546,9502020,57,0,6433,40.43560028076172,-79.99458312988281
1629726538,-2018403853,6,1,6304,40.501441955566406,-80.02173614501953
1629726523,12285020,28X,0,6545,40.421875,-80.08037567138672
1629726541,10423020,17,0,6306,40.5011100769043,-80.02233123779297
1629726548,6360020,G2,0,6427,40.41572189331055,-80.0826644897461
1629726522,13661020,8,0,6305,40.51008605957031,-80.02815246582031
1629726543,10646020,56,0,6429,40.38365936279297,-79.93119812011719
1629726544,12248020,8,0,6308,40.51685333251953,-80.03356170654297
1629726526,12815020,13,0,6307,40.50575256347656,-80.05154418945312
1629726540,8448020,12,0,6201,40.55223846435547,-80.0232162475586
1629726550,1881020,61B,0,6442,40.40398025512695,-79.86746978759766
1629726544,6162020,1,0,6203,40.4461555480957,-79.98871612548828
1629726521,7413020,61B,0,6445,40.44075393676758,-79.95809936523438
1629726524,6106020,79,0,6557,40.44417953491211,-79.87611389160156
1629726535,6832020,16,0,6314,40.487308502197266,-80.0391616821289
1629726550,2771020,77,0,6556,40.465728759765625,-79.8387680053711
1629726528,12693020,91,0,6316,40.49610900878906,-79.88229370117188
1629726529,103020,28X,0,6450,40.44160079956055,-80.00306701660156
1629726517,1735020,79,0,6452,40.45005798339844,-79.89178466796875
1629726532,4280020,14,0,6212,40.54020309448242,-80.18037414550781
1629726542,12447020,74,0,6453,40.452850341796875,-79.89871215820312
1629726510,6224020,P3,0,6334,40.444522857666016,-79.95466613769531
1629726538,7387020,15,0,6205,40.47506332397461,-80.00165557861328
1629726547,10523020,41,0,6326,40.381805419921875,-80.05841064453125
1629726549,9706020,51,0,6447,40.386837005615234,-79.98238372802734
1629726538,3509020,54,0,6204,40.41593933105469,-79.99815368652344
1629726536,8507020,59,0,6446,40.34257888793945,-79.9443359375
1629726532,12145020,71C,0,6449,40.441932678222656,-80.00180053710938
1629726542,4602020,29,0,6327,40.441219329833984,-80.00633239746094
1629726541,5985020,54,0,6206,40.461822509765625,-79.94934844970703
1629726538,4490020,15,0,6209,40.4543342590332,-80.01251220703125
1629726549,12701020,61D,0,6340,40.43004608154297,-79.92344665527344
1629726549,13541020,75,0,6461,40.46601104736328,-79.92273712158203
1629726543,4279020,39,0,6221,40.44233703613281,-79.99712371826172
1629726528,13135020,56,0,6341,40.403995513916016,-79.9423828125
1629726544,7005020,14,0,6102,40.571189880371094,-80.21614074707031
1629726525,87020,27,0,6223,40.44144821166992,-80.06874084472656
1629726539,6809020,61A,0,6343,40.443870544433594,-79.9387435913086
1629726548,7362020,20,0,6225,40.4920768737793,-80.11872100830078
1629726537,7492020,38,0,6224,40.41427993774414,-80.04503631591797
1629726534,11782020,13,0,6216,40.442020416259766,-80.0015640258789
1629726458,11122020,6,0,6215,40.446048736572266,-79.9891128540039
1629726494,8077020,69,0,6457,40.38920211791992,-79.76679992675781
1629726543,12099020,36,0,6218,40.40702438354492,-80.03434753417969
1629726510,5235020,41,0,6217,40.4398193359375,-79.99884796142578
1629726546,11252020,82,0,6459,40.461421966552734,-79.92724609375
1629726546,3821020,20,0,6219,40.492061614990234,-80.11173248291016
1629726549,12895020,61C,0,6351,40.42454528808594,-79.92820739746094
1629726513,11519020,31,0,6231,40.442344665527344,-80.00022888183594
1629726533,8898020,59,0,6112,40.35106658935547,-79.8758544921875
1629726530,8725020,59,0,6115,40.368404388427734,-79.8482437133789
1629726538,4751020,59,0,6357,40.40896987915039,-79.9046630859375
1629726545,13386020,55,0,6114,40.32693099975586,-79.93888854980469
1629726536,9506020,61D,0,6235,40.43769073486328,-79.97268676757812
1629726530,4023020,38,0,6108,40.39189529418945,-80.06918334960938
1629726544,452020,39,0,6229,40.39376449584961,-80.02000427246094
1629726542,10256020,77,0,6362,40.454471588134766,-79.95362854003906
1629726538,2983020,93,0,6241,40.416961669921875,-79.9377670288086
1629726541,4052020,61A,0,6240,40.41355514526367,-79.85464477539062
1629726545,4194020,13,0,6001,40.483890533447266,-80.04071044921875
1629726515,884020,82,0,6364,40.439579010009766,-79.99732971191406
1629726533,12048020,51,0,6242,40.36502456665039,-79.98294830322266
1629726541,10107020,51,0,6124,40.43720626831055,-80.00057983398438
1629726496,6544020,91,0,6003,40.50043869018555,-79.86092376708984
1629726542,6048020,51,0,6126,40.36186599731445,-79.92996215820312
1629726531,11860020,6,0,6005,40.44306564331055,-79.99752044677734
1629726546,8100020,67,0,6368,40.44498825073242,-79.92989349365234
1629726541,222020,93,0,6247,40.48335266113281,-79.94761657714844
1629726547,5749020,59,0,6125,40.41145324707031,-79.90829467773438
1629726520,7767020,71A,0,6359,40.45709991455078,-79.93457794189453
1629726521,14410020,Y49,0,6237,40.38239669799805,-79.99562072753906
1629726543,842020,61A,0,6239,40.44247817993164,-79.88397979736328
1629726526,3609020,64,0,6118,40.46406173706055,-79.9496841430664
1629726543,12863020,61A,0,6252,40.4379768371582,-79.99223327636719
1629726548,10067020,51,0,6130,40.34675979614258,-79.9736328125
1629726540,7607020,61C,0,6251,40.4411506652832,-80.00147247314453
1629726539,11683020,61A,0,6253,40.43806076049805,-79.92455291748047
1629726544,4406020,91,0,6011,40.487239837646484,-79.88502502441406
1629726546,10610020,53L,0,6135,40.40572738647461,-79.909423828125
1629726543,1206020,51,0,6134,40.42428970336914,-79.97787475585938
1629726541,4360020,67,0,6258,40.43868637084961,-80.00257873535156
1629726537,2358020,22,0,6015,40.47591018676758,-80.09715270996094
1629726545,8131020,14,0,6007,40.59153366088867,-80.22747802734375
1629726478,2476020,P3,0,6249,40.41520309448242,-79.87944030761719
1629726531,1779020,61B,0,6127,40.44414520263672,-79.9498519897461
1629726533,10750020,Y46,0,6248,40.43706512451172,-80.00166320800781
1629726522,1650020,12,0,6009,40.57743835449219,-80.02649688720703
1629726521,9730020,71B,0,6263,40.447105407714844,-79.9466781616211
1629726549,12860020,67,0,6262,40.44548797607422,-79.93086242675781
1629726545,6005020,71D,0,6144,40.45454406738281,-79.91178894042969
1629726537,10250020,79,0,6265,40.465850830078125,-79.8662338256836
1629726542,3809020,G2,0,6023,40.44314193725586,-79.99723052978516
1629726533,3802020,77,0,6143,40.474178314208984,-79.75709533691406
1629726540,10357020,29,0,6025,40.45658493041992,-80.19348907470703
1629726527,11413020,77,0,6146,40.45802688598633,-79.93492889404297
1629726545,245020,88,0,6267,40.46268081665039,-79.96717071533203
1629726520,11017020,82,0,6266,40.46050262451172,-79.9222183227539
1629726543,11285020,75,0,6147,40.45923614501953,-79.92009735107422
1629726545,4627020,87,0,6268,40.462833404541016,-79.95728302001953
1629726537,9176020,28X,0,6261,40.453392028808594,-80.17121124267578
1629726538,1804020,75,0,6260,40.44082260131836,-79.95964050292969
1629726549,6661020,41,0,6018,40.358341217041016,-80.10533142089844
1629726524,8636020,64,0,6139,40.407623291015625,-79.91868591308594
1629726531,11647020,48,0,6017,40.433387756347656,-80.00311279296875
1629726540,479020,69,0,6259,40.395389556884766,-79.8058090209961
1629726546,10851020,87,0,6153,40.47751235961914,-79.95443725585938
1629726525,1088020,69,0,7002,40.43938446044922,-79.87750244140625
1629726531,5798020,87,0,6154,40.46104049682617,-79.93217468261719
1629726539,6398020,93,0,6033,40.45880889892578,-79.95716094970703
1629726544,4424020,53L,0,6036,40.40623474121094,-79.90856170654297
1629726532,13574020,71,0,6157,40.44062423706055,-79.88700103759766
1629726543,10653020,82,0,6156,40.44532012939453,-79.97579956054688
1629726548,12514020,81,0,6038,40.44404602050781,-79.9845962524414
1629726541,13313020,77,0,6158,40.464717864990234,-79.85279083251953
1629726549,6313020,71D,0,6272,40.438255310058594,-79.97817993164062
1629726525,3269020,Y46,0,6029,40.29261779785156,-79.90959930419922
1629726546,7932020,67,0,6149,40.43971633911133,-79.87596130371094
1629726544,4775020,81,0,6042,40.4420051574707,-79.96278381347656
1629726520,1414020,86,0,6045,40.45896911621094,-79.91962432861328
1629726528,10152020,75,0,6046,40.42448806762695,-79.96204376220703
1629726547,5301020,71D,0,6049,40.44610595703125,-79.95246124267578
1629726537,10343020,4,0,1709,40.50167465209961,-80.02198791503906
1629726530,8088020,11,0,1704,40.444419860839844,-79.9986801147461
1629726549,2062020,4,0,1702,40.46914291381836,-79.97875213623047
1629726511,7975020,71C,0,6059,40.4377326965332,-79.96475982666016
1629726545,12129020,40,0,1717,40.437259674072266,-80.00053405761719
1629726539,3576020,43,0,1714,40.434017181396484,-80.00269317626953
1629726545,11091020,44,0,1720,40.443668365478516,-79.9925537109375
1629726523,5833020,44,0,1728,40.39638137817383,-79.97271728515625
1629726510,2522020,44,0,1726,40.398033142089844,-79.96929168701172
1629726549,5021020,44,0,1724,40.41697692871094,-80.0112075805664
1629726549,5715020,16,0,5904,40.494754791259766,-80.05392456054688
1629726511,8145020,16,0,5907,40.45524978637695,-80.0023193359375
1629726539,7970020,54,0,5909,40.45845413208008,-79.97174835205078
1629726492,5446020,17,0,5902,40.46200942993164,-80.03092193603516
1629726544,10015020,54,0,5903,40.44088363647461,-79.95954895019531
1629726304,1954020,38,0,5918,40.382301330566406,-80.04348754882812
1629726550,12944020,24,0,5919,40.44188690185547,-80.02214050292969
1629726548,7142020,26,0,5914,40.44942092895508,-80.04473114013672
1629726537,7797020,55,0,5927,40.292640686035156,-79.88320922851562
1629726531,324020,8,0,5806,40.4576530456543,-80.00738525390625
1629726516,7583020,12,0,5807,40.528350830078125,-80.0070571899414
1629726513,10502020,17,0,5809,40.49249267578125,-80.04476928710938
1629726533,11926020,55,0,5921,40.38813400268555,-79.823486328125
1629726532,9190020,83,0,5922,40.44639205932617,-79.95183563232422
1629726519,4370020,51,0,5923,40.38077163696289,-79.97628021240234
1629726448,10353020,1,0,5803,40.56020736694336,-79.7726821899414
1629726548,6155020,61D,0,5925,40.44047927856445,-79.9584732055664
1629727012,10130020,51,0,5816,40.418460845947266,-79.98622131347656
1629727039,-1800029096,88,1,5937,40.45426559448242,-79.97789001464844
1629727036,6354020,61C,0,5817,40.43798065185547,-79.97411346435547
1629727039,2366020,21,0,5810,40.46394348144531,-80.05489349365234
1629726985,12642020,61B,0,5931,40.40871047973633,-79.87708282470703
1629727033,1682020,27,0,5811,40.44349670410156,-80.02664184570312
1629727015,2523020,59,0,5815,40.388221740722656,-79.82362365722656
1629727021,3770020,54,0,5702,40.428749084472656,-79.98053741455078
1629727013,9603020,1,0,5705,40.55975341796875,-79.7724380493164
1629727027,12031020,71B,0,3420,40.437713623046875,-79.98606872558594
1629727012,4090020,P1,0,3414,40.44312286376953,-79.9942626953125
1629727032,5774020,86,0,3410,40.46000289916992,-79.94595336914062
1629727032,6818020,71C,0,5715,40.43975830078125,-79.9942398071289
1629726999,8700020,P78,0,3418,40.54053497314453,-79.83125305175781
1629727039,6934020,71D,0,3424,40.43943405151367,-79.99442291259766
1629727036,12932020,71D,0,3421,40.45223617553711,-79.8869857788086
1629727037,5367020,71A,0,5722,40.450050354003906,-79.95088958740234
1629727026,12250020,61B,0,3309,40.410404205322266,-79.87812805175781
1629727007,12839020,P1,0,3320,40.4188232421875,-79.88603973388672
1629727033,3043020,61D,0,3317,40.43732452392578,-79.9778823852539
1629727031,8071020,61B,0,3313,40.444698333740234,-79.94375610351562
1629727011,4315020,61D,0,5614,40.414878845214844,-79.9242935180664
1629727018,11894020,P1,0,3329,40.45134735107422,-79.89491271972656
1629727022,14342020,61D,0,3206,40.41114044189453,-79.906494140625
1629727039,4265020,71B,0,3327,40.46457290649414,-79.92340087890625
1629727013,1852020,61C,0,3205,40.4444694519043,-79.94776153564453
1629727035,5427020,71A,0,3326,40.43766403198242,-79.98518371582031
1629727024,12563020,P3,0,3201,40.418304443359375,-79.88542175292969
1629727033,12073020,14,0,5627,40.47093200683594,-80.0372543334961
1629727017,6388020,P1,0,3221,40.44345474243164,-79.995849609375
1629726990,8661020,24,0,6609,40.46023178100586,-80.13951873779297
1629727038,1029020,71C,0,3339,40.452239990234375,-79.95088195800781
1629727028,14558020,71D,0,3334,40.43735122680664,-79.97794342041016
1629727040,3758020,71B,0,3212,40.436527252197266,-79.96912384033203
1629727011,8356020,17,0,6603,40.453983306884766,-80.0144271850586
1629727034,9480020,12,0,6604,40.56998825073242,-80.01627349853516
1629727028,9897020,59,0,6621,40.36223220825195,-79.85873413085938
1629727001,9530020,61D,0,6620,40.444515228271484,-79.95467376708984
1629727024,9836020,P78,0,3225,40.44346618652344,-79.88124084472656
1629727039,2451020,83,0,6618,40.43691635131836,-79.97026062011719
1629727031,10206020,59,0,6617,40.414649963378906,-79.8535385131836
1629727039,748020,51,0,5660,40.43996047973633,-80.00088500976562
1629727015,2089020,14,0,6511,40.453208923339844,-80.02812194824219
1629726981,13290020,16,0,6510,40.5039176940918,-80.0746841430664
1629727038,1255020,G2,0,3238,40.4078483581543,-80.08966064453125
1629727031,9586020,61A,0,6623,40.40202331542969,-79.86107635498047
1629727024,3678020,91,0,6502,40.454891204833984,-79.97837829589844
1629727028,159020,Y47,0,5654,40.347747802734375,-79.94715118408203
1629727007,12417020,61C,0,6622,40.40933609008789,-79.9166030883789
1629727012,5220020,Y47,0,5655,40.41597366333008,-80.01177978515625
1629727038,2602020,8,0,6503,40.4738655090332,-80.01039123535156
1629727031,9793020,16,0,6505,40.455078125,-80.00875091552734
1629727012,13755020,P68,0,6640,40.409854888916016,-79.85201263427734
1629727031,-1858856385,71D,1,6643,40.44658660888672,-79.95175170898438
1629727012,8269020,67,0,6642,40.4407844543457,-79.74385070800781
1629727032,60020,61A,0,3253,40.44195556640625,-79.88517761230469
1629726998,9999020,61D,0,3245,40.43942642211914,-79.961669921875
1629727015,1193020,21,0,6513,40.473388671875,-80.06230163574219
1629727016,6086020,51,0,6633,40.44192123413086,-79.99905395507812
1629727034,1680020,75,0,6636,40.441890716552734,-79.95828247070312
1629727021,9559020,24,0,6517,40.46788024902344,-80.09712219238281
1629727024,11392020,39,0,6516,40.446083068847656,-79.98889923095703
1629727035,1246020,67,0,6637,40.43694305419922,-79.75839233398438
1629727016,1205020,29,0,6519,40.454593658447266,-80.19522857666016
1629727033,11832020,86,0,6650,40.461368560791016,-79.94851684570312
1629726928,1203020,1,0,6410,40.601226806640625,-79.7562484741211
1629727018,12063020,93,0,6531,40.43440628051758,-79.95330047607422
1629727034,5370020,P68,0,6651,40.4290885925293,-79.74906158447266
1629727009,14030020,61A,0,6533,40.439476013183594,-79.99750518798828
1629727038,9299020,91,0,6411,40.484920501708984,-79.94686889648438
1629727029,13020,86,0,6645,40.44284439086914,-79.88702392578125
1629726955,8692020,Y49,0,6524,40.3319206237793,-79.9322280883789
1629727025,6138020,12,0,6402,40.448638916015625,-80.00065612792969
1629727035,11613020,31,0,6523,40.3968391418457,-80.08467102050781
1629727021,1592020,77,0,6647,40.453025817871094,-79.75023651123047
1629727024,13741020,61B,0,6525,40.43734359741211,-79.97887420654297
1629727036,1864020,71A,0,6646,40.47898483276367,-79.91905212402344
1629727024,8675020,28X,0,6649,40.45158004760742,-79.92485046386719
1629727027,1762020,61C,0,6528,40.35976028442383,-79.8451156616211
1629727022,-1203547776,91,1,6407,40.443885803222656,-79.99420928955078
1629727037,3958020,2,0,6406,40.49428939819336,-79.95638275146484
1629727039,11183020,16,0,6408,40.496070861816406,-80.05658721923828
1629727015,3505020,Y46,0,6540,40.331634521484375,-79.94575500488281
1629727032,8973020,P68,0,6542,40.421470642089844,-79.86114501953125
1629727021,2706020,31,0,6420,40.3683967590332,-80.10285949707031
1629727025,8979020,61D,0,6541,40.41120147705078,-79.90621185302734
1629727030,3432020,54,0,6302,40.409950256347656,-79.99459075927734
1629727025,8990020,71A,0,6543,40.468902587890625,-79.927490234375
1629727035,14336020,1,0,6414,40.487083435058594,-79.89460754394531
1629727030,9487020,1,0,6413,40.487239837646484,-79.88504028320312
1629727036,14232020,60,0,6538,40.35123825073242,-79.85025024414062
1629727031,1477020,48,0,6419,40.42838668823242,-79.97402954101562
1629727027,8442020,71A,0,6551,40.441001892089844,-80.0010757446289
1629727013,14734020,2,0,6311,40.47004318237305,-79.97566223144531
1629727012,13935020,61D,0,6432,40.43953323364258,-79.9971923828125
1629727033,14480020,75,0,6553,40.48905944824219,-79.89293670654297
1629727025,11488020,74,0,6552,40.47608184814453,-79.89846801757812
1629727021,6054020,57,0,6433,40.43914031982422,-80.00066375732422
1629726852,-2018403853,6,1,6304,40.501346588134766,-80.02166748046875
1629727028,12285020,28X,0,6545,40.451988220214844,-80.05236053466797
1629727032,10423020,17,0,6306,40.495670318603516,-80.0209732055664
1629727036,6360020,G2,0,6427,40.45232009887695,-80.05252075195312
1629727030,13661020,8,0,6305,40.51721954345703,-80.03601837158203
1629726987,10646020,56,0,6429,40.38980484008789,-79.93293762207031
1629727030,12248020,8,0,6308,40.498939514160156,-80.0206069946289
1629727020,12815020,13,0,6307,40.485015869140625,-80.04151153564453
1629727028,8448020,12,0,6201,40.54549789428711,-80.00662231445312
1629726982,1881020,61B,0,6442,40.41376876831055,-79.85313415527344
1629726991,6162020,1,0,6203,40.44367218017578,-79.99530029296875
1629727031,7413020,61B,0,6445,40.43830871582031,-79.9335708618164
1629727022,6832020,16,0,6314,40.500732421875,-80.06684112548828
1629727036,2771020,77,0,6556,40.48283004760742,-79.80963897705078
1629726975,12693020,91,0,6316,40.49462127685547,-79.88592529296875
1629726987,103020,28X,0,6450,40.443321228027344,-80.02581787109375
1629727035,1735020,79,0,6452,40.44254684448242,-79.87702941894531
1629727039,4280020,14,0,6212,40.56755447387695,-80.21119689941406
1629727037,12447020,74,0,6453,40.44437026977539,-79.91754913330078
1629727030,5970020,P3,0,6334,40.44213104248047,-79.95787048339844
1629727010,7387020,15,0,6205,40.48263168334961,-80.00316619873047
1629727018,10523020,41,0,6326,40.39207077026367,-80.03801727294922
1629727030,3509020,54,0,6204,40.426109313964844,-79.98081970214844
1629726998,8507020,59,0,6446,40.3559684753418,-79.89945220947266
1629727039,8763020,71C,0,6449,40.4376106262207,-79.9838638305664
1629727023,4602020,29,0,6327,40.44443130493164,-80.02862548828125
1629727031,5985020,54,0,6206,40.45938491821289,-79.97196197509766
1629727025,6491020,61C,0,6448,40.408145904541016,-79.9088134765625
1629727025,4490020,15,0,6209,40.44392395019531,-79.99844360351562
1629727030,12701020,61D,0,6340,40.411216735839844,-79.91910552978516
1629727029,13541020,75,0,6461,40.4582633972168,-79.92750549316406
1629727021,4279020,39,0,6221,40.415958404541016,-80.01175689697266
1629727022,13135020,56,0,6341,40.37897872924805,-79.92378997802734
1629727032,7005020,14,0,6102,40.54432678222656,-80.1862564086914
1629727034,87020,27,0,6223,40.447696685791016,-80.07245635986328
1629727034,6809020,61A,0,6343,40.440521240234375,-79.89452362060547
1629727029,7362020,20,0,6225,40.468231201171875,-80.08512878417969
1629727011,7492020,38,0,6224,40.43088150024414,-80.02610778808594
1629726989,11782020,13,0,6216,40.450775146484375,-80.00123596191406
1629727011,11122020,6,0,6215,40.446048736572266,-79.9891128540039
1629726957,4795020,69,0,6457,40.39265060424805,-79.75888061523438
1629727030,12099020,36,0,6218,40.38340377807617,-80.05259704589844
1629727023,5235020,41,0,6217,40.41143035888672,-80.0119400024414
1629727011,11252020,82,0,6459,40.460208892822266,-79.91561126708984
1629727022,3821020,20,0,6219,40.50202941894531,-80.12054443359375
1629727013,12895020,61C,0,6351,40.438053131103516,-79.92308044433594
1629727027,11335020,57,0,6353,40.41108703613281,-79.9062728881836
1629727033,1117020,31,0,6231,40.44330978393555,-79.99658203125
1629727037,8898020,59,0,6112,40.352474212646484,-79.902587890625
1629727022,8725020,59,0,6115,40.37960433959961,-79.86791229248047
1629727036,4751020,59,0,6357,40.40960693359375,-79.91621398925781
1629727020,13386020,55,0,6114,40.32275390625,-79.9264907836914
1629727034,9506020,61D,0,6235,40.44083786010742,-79.99608612060547
1629727029,4023020,38,0,6108,40.383853912353516,-80.08462524414062
1629727015,452020,39,0,6229,40.41653823852539,-80.01184844970703
1629727027,2983020,93,0,6241,40.43450164794922,-79.9228515625
1629727033,4052020,61A,0,6240,40.41355514526367,-79.85464477539062
1629727018,4194020,13,0,6001,40.505287170410156,-80.0517349243164
1629727024,9536020,82,0,6364,40.4427490234375,-79.99089813232422
1629727036,12048020,51,0,6242,40.38414001464844,-79.97763061523438
1629727020,10107020,51,0,6124,40.428749084472656,-79.98056030273438
1629727033,5432020,71B,0,6366,40.457298278808594,-79.92522430419922
1629727028,13173020,91,0,6003,40.500518798828125,-79.8608627319336
1629726984,7134020,51,0,6126,40.358394622802734,-79.93450927734375
1629727010,11860020,6,0,6005,40.44611358642578,-79.98871612548828
1629727028,8100020,67,0,6368,40.447349548339844,-79.89576721191406
1629727030,3755020,93,0,6247,40.48337936401367,-79.94757843017578
1629727025,5749020,59,0,6125,40.409080505371094,-79.90180206298828
1629727028,7767020,71A,0,6359,40.477237701416016,-79.91890716552734
1629727038,14410020,Y49,0,6237,40.42062759399414,-80.007568359375
1629727034,842020,61A,0,6239,40.42026138305664,-79.88468170166016
1629727037,3609020,64,0,6118,40.467498779296875,-79.96359252929688
1629727028,12863020,61A,0,6252,40.43975067138672,-79.95948028564453
1629727037,10067020,51,0,6130,40.341705322265625,-79.94387817382812
1629727010,5029020,61C,0,6251,40.43894958496094,-79.9947280883789
1629727014,11683020,61A,0,6253,40.445560455322266,-79.95147705078125
1629727031,4406020,91,0,6011,40.49449920654297,-79.92689514160156
1629727038,10610020,53L,0,6135,40.378822326660156,-79.90785217285156
1629727035,1742020,54,0,6014,40.45446014404297,-80.00840759277344
1629727030,1206020,51,0,6134,40.399803161621094,-79.98908233642578
1629727020,4360020,67,0,6258,40.43975830078125,-79.95947265625
1629727016,2358020,22,0,6015,40.4749870300293,-80.06969451904297
1629726581,8131020,14,0,6007,40.59153366088867,-80.22747802734375
1629727030,8253020,P3,0,6249,40.44712448120117,-79.888916015625
1629727031,1779020,61B,0,6127,40.43645477294922,-79.96755981445312
1629727031,10750020,Y46,0,6248,40.44155502319336,-80.00261688232422
1629726995,9730020,71B,0,6263,40.43645095825195,-79.96808624267578
1629726979,12860020,67,0,6262,40.44567108154297,-79.95152282714844
1629727038,10250020,79,0,6265,40.46775817871094,-79.86538696289062
1629727001,5466020,G2,0,6023,40.44129180908203,-80.00607299804688
1629727032,3802020,77,0,6143,40.483802795410156,-79.80289459228516
1629727032,10357020,29,0,6025,40.441410064697266,-80.19346618652344
1629727037,11413020,77,0,6146,40.458839416503906,-79.91635131835938
1629727036,245020,88,0,6267,40.46538162231445,-79.94586181640625
1629727002,11017020,82,0,6266,40.4560546875,-79.93816375732422
1629727011,11285020,75,0,6147,40.471519470214844,-79.9261703491211
1629727037,4627020,87,0,6268,40.462059020996094,-79.93155670166016
1629727032,9176020,28X,0,6261,40.472469329833984,-80.21893310546875
1629727026,11412020,71C,0,6140,40.44329071044922,-79.89236450195312
1629727034,1804020,75,0,6260,40.450660705566406,-79.94410705566406
1629727035,8636020,64,0,6139,40.426151275634766,-79.92766571044922
1629727035,11647020,48,0,6017,40.42869567871094,-79.97962951660156
1629727019,479020,69,0,6259,40.39263153076172,-79.80863189697266
1629727025,14671020,61D,0,6034,40.41107177734375,-79.90668487548828
1629727038,5798020,87,0,6154,40.4617805480957,-79.96495819091797
1629727021,6398020,93,0,6033,40.479976654052734,-79.95467376708984
1629727016,4424020,53L,0,6036,40.41188430786133,-79.90808868408203
1629727018,13574020,71,0,6157,40.426048278808594,-79.88687133789062
1629727036,10653020,82,0,6156,40.440616607666016,-79.99608612060547
1629727035,12514020,81,0,6038,40.44057846069336,-79.97456359863281
1629727029,13313020,77,0,6158,40.45638656616211,-79.89183044433594
1629727019,6313020,71D,0,6272,40.440406799316406,-79.99481201171875
1629727010,3269020,Y46,0,6029,40.33223342895508,-79.9459228515625
1629727030,7932020,67,0,6149,40.438232421875,-79.83057403564453
1629726996,7541020,53L,0,6043,40.362091064453125,-79.93055725097656
1629727028,4775020,81,0,6042,40.444190979003906,-79.9761734008789
1629727023,1414020,86,0,6045,40.45756530761719,-79.89688110351562
1629727024,14021020,75,0,6046,40.42427062988281,-79.96235656738281
1629727027,5301020,71D,0,6049,40.45172119140625,-79.92451477050781
1629727033,946020,87,0,6160,40.48303985595703,-79.94795227050781
1629726691,10343020,4,0,1709,40.50167465209961,-80.02198791503906
1629727024,10808020,11,0,1704,40.44615936279297,-79.98866271972656
1629727019,2062020,4,0,1702,40.45347595214844,-80.00072479248047
1629727007,7975020,71C,0,6059,40.44628143310547,-79.95209503173828
1629727013,12129020,40,0,1717,40.419464111328125,-80.01334381103516
1629727034,3576020,43,0,1714,40.425636291503906,-80.0
1629727028,5833020,44,0,1728,40.384971618652344,-79.97346496582031
1629727019,2522020,44,0,1726,40.412620544433594,-79.98670959472656
1629727022,5021020,44,0,1724,40.41670608520508,-79.99751281738281
1629727030,5715020,16,0,5904,40.47693634033203,-80.03174591064453
1629727030,10875020,16,0,5907,40.443275451660156,-80.00456237792969
1629727012,7970020,54,0,5909,40.46540832519531,-79.95643615722656
1629727036,5446020,17,0,5902,40.45456314086914,-80.01156616210938
1629727017,10015020,54,0,5903,40.44934844970703,-79.95045471191406
1629727030,2542020,38,0,5918,40.38214874267578,-80.04412841796875
1629727029,13410020,24,0,5919,40.44283676147461,-80.00885009765625
1629727025,7142020,26,0,5914,40.43986129760742,-80.01729583740234
1629727027,7797020,55,0,5927,40.32244873046875,-79.92779541015625
1629727017,324020,8,0,5806,40.44356155395508,-79.9990463256836
1629727014,7583020,12,0,5807,40.542633056640625,-80.0134048461914
1629727028,5159020,59,0,5921,40.387718200683594,-79.82327270507812
1629727030,9190020,83,0,5922,40.4415168762207,-79.96328735351562
1629727033,4370020,51,0,5923,40.40383529663086,-79.9901123046875
1629727018,10353020,1,0,5803,40.58641052246094,-79.7767105102539
1629727028,4805020,2,0,5804,40.546260833740234,-80.00687408447266
1629727037,6155020,61D,0,5925,40.43815612792969,-79.93342590332031
1629727617,10130020,51,0,5816,40.429325103759766,-79.99678802490234
1629727605,-1800029096,88,1,5937,40.44190979003906,-79.9994888305664
1629727600,6354020,61C,0,5817,40.438880920410156,-79.9926528930664
1629727597,2366020,21,0,5810,40.44193649291992,-80.00395202636719
1629727606,12642020,61B,0,5931,40.41368103027344,-79.85363006591797
1629727616,1682020,27,0,5811,40.44736099243164,-80.0615005493164
1629727599,9126020,55,0,5815,40.38768768310547,-79.82246398925781
1629727584,10184020,13,0,5707,40.517879486083984,-80.0365219116211
1629727619,8471020,74,0,5940,40.45781326293945,-79.91791534423828
1629727603,3770020,54,0,5702,40.408878326416016,-79.99150085449219
1629727605,9603020,1,0,5705,40.53757095336914,-79.83663940429688
1629727603,12031020,71B,0,3420,40.443450927734375,-79.9560775756836
1629727617,4090020,P1,0,3414,40.45676803588867,-79.90972900390625
1629727601,5774020,86,0,3410,40.46056365966797,-79.92781829833984
1629727573,6104020,71C,0,5715,40.4398193359375,-79.99793243408203
1629727598,8700020,P78,0,3418,40.54053497314453,-79.83125305175781
1629727609,12932020,71D,0,3421,40.4506950378418,-79.92704772949219
1629727602,5367020,71A,0,5722,40.440338134765625,-79.96043395996094
1629727619,12250020,61B,0,3309,40.432769775390625,-79.89399719238281
1629727606,3043020,61D,0,3317,40.44441604614258,-79.94876098632812
1629727592,8071020,61B,0,3313,40.4412956237793,-79.95912170410156
1629727612,4315020,61D,0,5614,40.433799743652344,-79.9229507446289
1629727603,11894020,P1,0,3329,40.45591354370117,-79.97283935546875
1629727600,14342020,61D,0,3206,40.40901565551758,-79.91224670410156
1629727610,4265020,71B,0,3327,40.47932434082031,-79.91835021972656
1629727608,1852020,61C,0,3205,40.43056106567383,-79.92338562011719
1629727576,5427020,71A,0,3326,40.44394302368164,-79.95541381835938
1629727604,12563020,P3,0,3201,40.41518783569336,-79.8795166015625
1629727593,12073020,14,0,5627,40.446712493896484,-80.01847076416016
1629727613,6388020,P1,0,3221,40.45552062988281,-79.94464874267578
1629727620,8661020,24,0,6609,40.455963134765625,-80.16153717041016
1629727613,1029020,71C,0,3339,40.438907623291016,-79.96238708496094
1629727618,14558020,71D,0,3334,40.44429397583008,-79.95486450195312
1629727614,3758020,71B,0,3212,40.4468879699707,-79.94938659667969
1629727618,8356020,17,0,6603,40.473907470703125,-80.03162384033203
1629727592,9480020,12,0,6604,40.55289077758789,-80.0186767578125
1629727608,9897020,59,0,6621,40.35215377807617,-79.85877227783203
1629727619,9530020,61D,0,6620,40.43846893310547,-79.98310089111328
1629727617,9836020,P78,0,3225,40.45573425292969,-79.94503021240234
1629727614,10206020,59,0,6617,40.39990997314453,-79.83552551269531
1629727605,12316020,51,0,5660,40.43242645263672,-80.00373077392578
1629727618,2089020,14,0,6511,40.504783630371094,-80.08442687988281
1629727594,4554020,16,0,6510,40.5039176940918,-80.0746841430664
1629727611,3533020,G2,0,3238,40.40621566772461,-80.09003448486328
1629727616,9586020,61A,0,6623,40.42133712768555,-79.88613891601562
1629727607,3678020,91,0,6502,40.44357681274414,-79.99898529052734
1629727601,159020,Y47,0,5654,40.34736251831055,-79.98628997802734
1629727620,12417020,61C,0,6622,40.388370513916016,-79.86740112304688
1629727610,5220020,Y47,0,5655,40.360931396484375,-79.99082946777344
1629727617,2602020,8,0,6503,40.5041389465332,-80.02615356445312
1629727612,14519020,93,0,6627,40.40800094604492,-79.9263687133789
1629727614,9793020,16,0,6505,40.48262023925781,-80.03526306152344
1629727617,13755020,P68,0,6640,40.42876052856445,-79.87403106689453
1629727596,-1858856385,71D,1,6643,40.43844223022461,-79.9825210571289
1629727602,8269020,67,0,6642,40.43878936767578,-79.7684326171875
1629727599,60020,61A,0,3253,40.43810272216797,-79.92276000976562
1629727600,9999020,61D,0,3245,40.43857955932617,-79.98572540283203
1629727613,1193020,21,0,6513,40.50934982299805,-80.12142181396484
1629727620,11466020,51,0,6633,40.428749084472656,-79.98641204833984
1629727620,1680020,75,0,6636,40.455623626708984,-79.93128967285156
1629727590,9559020,24,0,6517,40.469276428222656,-80.0692138671875
1629727607,11392020,39,0,6516,40.446083068847656,-79.98889923095703
1629727610,1246020,67,0,6637,40.45253372192383,-79.75148010253906
1629727568,1205020,29,0,6519,40.44871139526367,-80.16277313232422
1629727618,11832020,86,0,6650,40.453346252441406,-79.97921752929688
1629727603,12063020,93,0,6531,40.4197883605957,-79.93310546875
1629727592,10842020,P68,0,6651,40.42911911010742,-79.7490463256836
1629727619,14030020,61A,0,6533,40.437461853027344,-79.98056030273438
1629727583,9299020,91,0,6411,40.4931526184082,-79.91178894042969
1629727614,13020,86,0,6645,40.4578857421875,-79.89824676513672
1629727585,6138020,12,0,6402,40.476898193359375,-80.00679016113281
1629727606,11613020,31,0,6523,40.365509033203125,-80.10819244384766
1629727553,1592020,77,0,6647,40.45320510864258,-79.75025177001953
1629727617,13741020,61B,0,6525,40.44441604614258,-79.94876098632812
1629727575,2014020,71A,0,6646,40.47891616821289,-79.9190902709961
1629727595,8675020,28X,0,6649,40.44182205200195,-79.95844268798828
1629727618,-1203547776,91,1,6407,40.4645881652832,-79.96587371826172
1629727620,3958020,2,0,6406,40.524253845214844,-79.96184539794922
1629727596,11183020,16,0,6408,40.48183822631836,-80.03417205810547
1629727571,3005020,81,0,6529,40.42984390258789,-79.9734115600586
1629727592,3505020,Y46,0,6540,40.29254150390625,-79.89675903320312
1629727617,8973020,P68,0,6542,40.40347671508789,-79.84291076660156
1629727617,2706020,31,0,6420,40.39677810668945,-80.08477020263672
1629727568,2838020,61D,0,6541,40.41018295288086,-79.90925598144531
1629727614,3432020,54,0,6302,40.40878677368164,-79.99127197265625
1629727617,8990020,71A,0,6543,40.452964782714844,-79.9485092163086
1629727618,14336020,1,0,6414,40.49642562866211,-79.94416046142578
1629727615,9487020,1,0,6413,40.53691101074219,-79.83912658691406
1629727601,4323020,41,0,6417,40.34920883178711,-80.10366821289062
1629727610,14232020,60,0,6538,40.35063552856445,-79.86813354492188
1629727597,1477020,48,0,6419,40.43064880371094,-80.00070190429688
1629727590,11084020,71A,0,6551,40.43770217895508,-79.9858169555664
1629727609,13935020,61D,0,6432,40.437232971191406,-79.97599792480469
1629727592,11488020,74,0,6552,40.45669174194336,-79.91202545166016
1629727618,2007020,P78,0,6555,40.44108963012695,-79.99573516845703
1629727603,6054020,57,0,6433,40.4304084777832,-79.95830535888672
1629727598,12285020,28X,0,6545,40.441802978515625,-80.00208282470703
1629727605,10423020,17,0,6306,40.485347747802734,-80.0362777709961
1629727608,1589020,67,0,6548,40.44464874267578,-79.88478088378906
1629727618,6360020,G2,0,6427,40.44239807128906,-80.0000228881836
1629727573,13661020,8,0,6305,40.51759338378906,-80.03702545166016
1629727600,10646020,56,0,6429,40.4322395324707,-79.96115112304688
1629727617,12248020,8,0,6308,40.47077560424805,-80.00849914550781
1629727613,12815020,13,0,6307,40.45863723754883,-80.02304077148438
1629727614,8448020,12,0,6201,40.50693893432617,-80.00682067871094
1629727597,1881020,61B,0,6442,40.41377258300781,-79.85322570800781
1629727600,6162020,1,0,6203,40.45391082763672,-79.99788665771484
1629727568,3455020,36,0,6324,40.34002685546875,-80.05380249023438
1629727613,7413020,61B,0,6445,40.42619705200195,-79.89163208007812
1629727617,2771020,77,0,6556,40.475154876708984,-79.769775390625
1629727620,12693020,91,0,6316,40.49462127685547,-79.88592529296875
1629727579,103020,28X,0,6450,40.4355583190918,-80.06764221191406
1629727620,1735020,79,0,6452,40.45726013183594,-79.86421203613281
1629727537,4280020,14,0,6212,40.59171676635742,-80.22760772705078
1629727616,12447020,74,0,6453,40.429359436035156,-79.91813659667969
1629727581,5970020,P3,0,6334,40.45351028442383,-79.93829345703125
1629727609,10523020,41,0,6326,40.42155838012695,-80.00648498535156
1629727614,10824020,6,0,6205,40.48556137084961,-80.0058822631836
1629727614,3509020,54,0,6204,40.44082260131836,-79.95964050292969
1629727614,8507020,59,0,6446,40.35319137573242,-79.8460693359375
1629727620,8763020,71C,0,6449,40.44428634643555,-79.95487213134766
1629727619,4602020,29,0,6327,40.435298919677734,-80.0673828125
1629727604,5985020,54,0,6206,40.454864501953125,-80.00218963623047
1629727617,6491020,61C,0,6448,40.4218635559082,-79.92882537841797
1629727587,12701020,61D,0,6340,40.4125862121582,-79.90284729003906
1629727609,13541020,75,0,6461,40.446861267089844,-79.94963836669922
1629727617,4279020,39,0,6221,40.38877487182617,-80.01211547851562
1629727598,14163020,64,0,6342,40.41073226928711,-79.90719604492188
1629727608,13135020,56,0,6341,40.347923278808594,-79.89109802246094
1629727614,6805020,71D,0,6462,40.443912506103516,-79.88591003417969
1629727602,7005020,14,0,6102,40.51719284057617,-80.1282958984375
1629727611,87020,27,0,6223,40.450775146484375,-80.06676483154297
1629727616,6809020,61A,0,6343,40.42552185058594,-79.88567352294922
1629727618,7362020,20,0,6225,40.460182189941406,-80.04817962646484
1629727576,6381020,38,0,6224,40.43960952758789,-80.01679992675781
1629727610,11782020,13,0,6216,40.46215057373047,-80.03075408935547
1629727619,11122020,6,0,6215,40.453636169433594,-79.99986267089844
1629727613,4795020,69,0,6457,40.39555740356445,-79.80473327636719
1629727607,12099020,36,0,6218,40.35497283935547,-80.05033111572266
1629727619,8889020,56,0,6339,40.35262680053711,-79.85031127929688
1629727591,5235020,41,0,6217,40.38713455200195,-80.04365539550781
1629727612,11252020,82,0,6459,40.4733772277832,-79.8880615234375
1629727598,3821020,20,0,6219,40.46788024902344,-80.09716033935547
1629727612,12895020,61C,0,6351,40.446044921875,-79.95169830322266
1629727592,11335020,57,0,6353,40.41261291503906,-79.90965270996094
1629727614,1117020,31,0,6231,40.442604064941406,-80.02423858642578
1629727618,8898020,59,0,6112,40.341583251953125,-79.94408416748047
1629727600,8725020,59,0,6115,40.395511627197266,-79.883056640625
1629727601,4751020,59,0,6357,40.40719985961914,-79.87896728515625
1629727606,13386020,55,0,6114,40.30710983276367,-79.90313720703125
1629727580,4023020,38,0,6108,40.36606979370117,-80.10706329345703
1629727613,452020,39,0,6229,40.43840026855469,-80.00194549560547
1629727603,2983020,93,0,6241,40.436248779296875,-79.96206665039062
1629727617,4052020,61A,0,6240,40.41355514526367,-79.85464477539062
1629727619,670020,88,0,6361,40.45744323730469,-79.91726684570312
1629727603,9536020,82,0,6364,40.44832992553711,-79.95929718017578
1629727605,12048020,51,0,6242,40.41061019897461,-79.99019622802734
1629727602,6630020,71B,0,6363,40.462459564208984,-79.92430114746094
1629727613,10107020,51,0,6124,40.40885925292969,-79.99104309082031
1629727611,5432020,71B,0,6366,40.446956634521484,-79.9488296508789
1629727620,13173020,91,0,6003,40.48857879638672,-79.8779067993164
1629727604,5100020,58,0,6365,40.444698333740234,-79.94375610351562
1629727619,7134020,51,0,6126,40.34764862060547,-79.94721221923828
1629727568,11860020,6,0,6005,40.44611358642578,-79.98871612548828
1629727601,8100020,67,0,6368,40.440364837646484,-79.87764739990234
1629727596,3755020,93,0,6247,40.47316360473633,-79.95855712890625
1629727619,5749020,59,0,6125,40.389278411865234,-79.87547302246094
1629727562,11528020,59,0,6358,40.33628845214844,-79.94587707519531
1629727610,14410020,Y49,0,6237,40.43838882446289,-80.001953125
1629727609,842020,61A,0,6239,40.404293060302734,-79.86686706542969
1629727596,7942020,64,0,6118,40.467498779296875,-79.96359252929688
1629727616,12863020,61A,0,6252,40.43892288208008,-79.93412780761719
1629727584,10067020,51,0,6130,40.36189270019531,-79.93126678466797
1629727583,5029020,61C,0,6251,40.439754486083984,-79.95947265625
1629727607,11683020,61A,0,6253,40.43844223022461,-79.98250579833984
1629727615,4406020,91,0,6011,40.469482421875,-79.96131134033203
1629727609,10610020,53L,0,6135,40.348148345947266,-79.92925262451172
1629727611,1742020,54,0,6014,40.451438903808594,-79.98194122314453
1629727620,1206020,51,0,6134,40.367713928222656,-79.97811889648438
1629727618,4360020,67,0,6258,40.44402313232422,-79.92764282226562
1629727577,2604020,75,0,6137,40.48810577392578,-79.8936996459961
1629727603,2358020,22,0,6015,40.45708465576172,-80.04403686523438
1629727603,8131020,14,0,6007,40.592430114746094,-80.2281723022461
1629727619,8253020,P3,0,6249,40.45186233520508,-79.94943237304688
1629727614,1779020,61B,0,6127,40.43861389160156,-79.98657989501953
1629727604,1390020,77,0,6369,40.442710876464844,-79.99649047851562
1629727614,6469020,Y46,0,6248,40.422515869140625,-80.00616455078125
1629727620,11300020,8,0,6008,40.517730712890625,-80.0299072265625
1629727604,9730020,71B,0,6263,40.43888854980469,-79.99283599853516
1629727614,12860020,67,0,6262,40.4384765625,-79.98323059082031
1629727598,14059020,82,0,6265,40.46399688720703,-79.90156555175781
1629727605,5466020,G2,0,6023,40.45211410522461,-80.0439224243164
1629727619,3802020,77,0,6143,40.4696159362793,-79.82343292236328
1629727603,11413020,77,0,6146,40.45519256591797,-79.8798599243164
1629727597,245020,88,0,6267,40.45833969116211,-79.9186782836914
1629727595,11017020,82,0,6266,40.44540786743164,-79.97333526611328
1629727521,11285020,75,0,6147,40.48744201660156,-79.91836547851562
1629727558,4627020,87,0,6268,40.48743438720703,-79.92170715332031
1629727598,9176020,28X,0,6261,40.49618911743164,-80.25886535644531
1629727616,11412020,71C,0,6140,40.46126174926758,-79.92437744140625
1629727619,1804020,75,0,6260,40.46333694458008,-79.91719818115234
1629727608,8636020,64,0,6139,40.443538665771484,-79.92040252685547
1629727598,11647020,48,0,6017,40.417633056640625,-79.97103118896484
1629727591,479020,69,0,6259,40.398101806640625,-79.76978302001953
1629727606,14671020,61D,0,6034,40.409751892089844,-79.9160385131836
1629727599,5798020,87,0,6154,40.44331741333008,-80.00000762939453
1629727619,6398020,93,0,6033,40.48298645019531,-79.94794464111328
1629727587,4424020,53L,0,6036,40.428428649902344,-79.93134307861328
1629727604,13574020,71,0,6157,40.41788864135742,-79.88793182373047
1629727614,9801020,82,0,6156,40.44267272949219,-79.99598693847656
1629727593,12514020,81,0,6038,40.4375114440918,-79.97273254394531
1629727594,13313020,77,0,6158,40.457584381103516,-79.91731262207031
1629727574,4192020,71D,0,6272,40.44020462036133,-79.99624633789062
1629727609,3269020,Y46,0,6029,40.34627914428711,-79.97341918945312
1629727600,7932020,67,0,6149,40.4329948425293,-79.79861450195312
1629727620,7541020,53L,0,6043,40.362091064453125,-79.93055725097656
1629727614,4775020,81,0,6042,40.440433502197266,-79.9927978515625
1629727609,1414020,86,0,6045,40.44350051879883,-79.88619995117188
1629727618,14021020,75,0,6046,40.428001403808594,-79.97050476074219
1629727610,5301020,71D,0,6049,40.44674301147461,-79.88349914550781
1629727611,946020,87,0,6160,40.48100280761719,-79.93633270263672
1629727608,2654020,11,0,1704,40.44615936279297,-79.98866271972656
1629727617,5215020,4,0,1702,40.450435638427734,-80.00120544433594
1629727615,7975020,71C,0,6059,40.45800018310547,-79.93402099609375
1629727610,6856020,71C,0,6051,40.441776275634766,-79.8871841430664
1629727617,12129020,40,0,1717,40.44020080566406,-80.0228271484375
1629727615,11473020,44,0,1729,40.444488525390625,-79.99124145507812
1629727617,6400020,44,0,1728,40.3839111328125,-79.95391845703125
1629727618,2522020,44,0,1726,40.41669464111328,-79.99821472167969
1629727606,5021020,44,0,1724,40.411109924316406,-79.97418975830078
1629727620,5715020,16,0,5904,40.45534896850586,-80.00692749023438
1629727591,10875020,16,0,5907,40.455997467041016,-80.01530456542969
1629727614,7970020,54,0,5909,40.45473861694336,-79.94773864746094
1629727597,5446020,17,0,5902,40.44477844238281,-79.99884796142578
1629727595,10015020,54,0,5903,40.463558197021484,-79.95259857177734
1629727605,2542020,38,0,5918,40.39268493652344,-80.06266784667969
1629727601,13410020,24,0,5919,40.44343948364258,-80.02654266357422
1629727616,895020,24,0,5911,40.45166015625,-80.15762329101562
1629727604,1283020,26,0,5914,40.44316864013672,-80.0256118774414
1629727613,7797020,55,0,5927,40.33256912231445,-79.92725372314453
1629727617,1397020,8,0,5806,40.45581817626953,-80.00495147705078
1629727616,7583020,12,0,5807,40.54985809326172,-80.01509094238281
1629727619,5159020,59,0,5921,40.40501022338867,-79.8299331665039
1629727574,9190020,83,0,5922,40.45030975341797,-79.95702362060547
1629727563,4370020,51,0,5923,40.423316955566406,-79.97769927978516
1629727610,10353020,1,0,5803,40.60064697265625,-79.7570571899414
1629727620,4805020,2,0,5804,40.56351089477539,-80.01042938232422
1629727620,6155020,61D,0,5925,40.4215087890625,-79.9287338256836
1629728247,10130020,51,0,5816,40.44187927246094,-80.001953125
1629728260,-537198442,88,1,5937,40.44858169555664,-79.98632049560547
1629728241,4069020,61C,0,5817,40.44014358520508,-79.99620819091797
1629728233,4130020,21,0,5810,40.445106506347656,-80.02935791015625
1629728251,12642020,61B,0,5931,40.41376495361328,-79.85315704345703
1629728195,1682020,27,0,5811,40.44661331176758,-80.07949829101562
1629728258,9126020,55,0,5815,40.35262680053711,-79.8503189086914
1629728263,10184020,13,0,5707,40.51768112182617,-80.03133392333984
1629728248,8471020,74,0,5940,40.479557037353516,-79.90181732177734
1629728243,3770020,54,0,5702,40.408878326416016,-79.99150085449219
1629728259,9603020,1,0,5705,40.490875244140625,-79.8705062866211
1629728233,12031020,71B,0,3420,40.460960388183594,-79.92489624023438
1629728181,7115020,P1,0,3416,40.45648193359375,-79.93297576904297
1629728242,5774020,86,0,3410,40.460811614990234,-79.92312622070312
1629728262,6104020,71C,0,5715,40.4364128112793,-79.96837615966797
1629728257,9936020,P78,0,3418,40.5407829284668,-79.83119201660156
1629728238,12932020,71D,0,3421,40.441776275634766,-79.95851135253906
1629728247,5367020,71A,0,5722,40.43975067138672,-79.99418640136719
1629728262,12250020,61B,0,3309,40.43911361694336,-79.93431091308594
1629728259,3043020,61D,0,3317,40.42485046386719,-79.9281005859375
1629728252,8071020,61B,0,3313,40.43962097167969,-79.99430847167969
1629728254,4315020,61D,0,5614,40.44511032104492,-79.9538345336914
1629728252,14547020,P1,0,3319,40.43114471435547,-79.88456726074219
1629728221,3937020,P1,0,3329,40.44582748413086,-79.98941802978516
1629728260,14342020,61D,0,3206,40.40949630737305,-79.91681671142578
1629728237,4284020,71B,0,3327,40.479618072509766,-79.9220199584961
1629728259,1852020,61C,0,3205,40.40891647338867,-79.90451049804688
1629728242,5427020,71A,0,3326,40.45692825317383,-79.93514251708984
1629728256,12455020,P3,0,3201,40.415008544921875,-79.87924194335938
1629728244,6388020,P1,0,3221,40.42525100708008,-79.88591003417969
1629728261,1029020,71C,0,3339,40.440914154052734,-79.99662017822266
1629728262,14558020,71D,0,3334,40.453731536865234,-79.91447448730469
1629728216,8356020,17,0,6603,40.48983383178711,-80.04499816894531
1629728247,6144020,54,0,6602,40.45429992675781,-80.00897216796875
1629728209,9480020,12,0,6604,40.54563522338867,-80.01805114746094
1629728246,9897020,59,0,6621,40.35116195678711,-79.8756103515625
1629728242,9530020,61D,0,6620,40.44186019897461,-79.99879455566406
1629728254,9836020,P78,0,3225,40.44052505493164,-79.99981689453125
1629728260,12316020,51,0,5660,40.42172622680664,-79.98330688476562
1629728262,2089020,14,0,6511,40.537906646728516,-80.17808532714844
1629728236,4554020,16,0,6510,40.494300842285156,-80.0530014038086
1629728241,3533020,G2,0,3238,40.45273208618164,-80.05347442626953
1629728263,9586020,61A,0,6623,40.440189361572266,-79.88832092285156
1629728253,159020,Y47,0,5654,40.392608642578125,-79.99840545654297
1629728262,5220020,Y47,0,5655,40.34299850463867,-79.96408081054688
1629728249,3556020,51,0,6625,40.400997161865234,-79.9892349243164
1629728244,2602020,8,0,6503,40.517539978027344,-80.0368881225586
1629728259,10320020,2,0,6506,40.4552001953125,-79.99382019042969
1629728257,14519020,93,0,6627,40.41309356689453,-79.93960571289062
1629728260,9793020,16,0,6505,40.49800109863281,-80.0605239868164
1629728246,13755020,P68,0,6640,40.459449768066406,-79.92313385009766
1629728247,-1858856385,71D,1,6643,40.4421272277832,-80.00139617919922
1629728235,8269020,67,0,6642,40.432865142822266,-79.79962158203125
1629728261,60020,61A,0,3253,40.44325637817383,-79.95648193359375
1629728256,9999020,61D,0,3245,40.441551208496094,-80.00251007080078
1629728238,1193020,21,0,6513,40.532318115234375,-80.1910629272461
1629728235,11121020,51,0,6634,40.380615234375,-79.97626495361328
1629728233,11466020,51,0,6633,40.40433883666992,-79.99034881591797
1629728235,9559020,24,0,6517,40.44377899169922,-80.0276870727539
1629728246,8250020,39,0,6516,40.44059371948242,-79.99835968017578
1629728257,1205020,29,0,6519,40.44027328491211,-80.07974243164062
1629728254,14133020,86,0,6650,40.44114685058594,-80.00143432617188
1629728239,3420020,1,0,6410,40.60205078125,-79.75676727294922
1629728255,57020,61C,0,6530,40.40909957885742,-79.90287017822266
1629728233,10842020,P68,0,6651,40.433990478515625,-79.75321197509766
1629728262,14030020,61A,0,6533,40.44411087036133,-79.94998931884766
1629728260,1545020,67,0,6653,40.435359954833984,-79.99334716796875
1629728255,9299020,91,0,6411,40.49345016479492,-79.87013244628906
1629728232,13020,86,0,6645,40.46045684814453,-79.92208099365234
1629728253,6138020,12,0,6402,40.53380584716797,-80.0109634399414
1629728218,1592020,77,0,6647,40.453025817871094,-79.75023651123047
1629728258,3356020,91,0,6405,40.444427490234375,-79.9930191040039
1629728259,13741020,61B,0,6525,40.431888580322266,-79.89336395263672
1629728234,2014020,71A,0,6646,40.4573860168457,-79.9341049194336
1629728250,8675020,28X,0,6649,40.43920135498047,-79.99430084228516
1629728251,-1203547776,91,1,6407,40.48807907104492,-79.9381103515625
1629728259,3958020,2,0,6406,40.56431198120117,-80.00941467285156
1629728223,11183020,16,0,6408,40.45433044433594,-80.01252746582031
1629728262,3005020,81,0,6529,40.44364929199219,-79.9610595703125
1629728224,3505020,Y46,0,6540,40.280540466308594,-79.88436889648438
1629728243,8973020,P68,0,6542,40.413021087646484,-79.81792449951172
1629728259,2706020,31,0,6420,40.43080139160156,-80.053466796875
1629728233,2838020,61D,0,6541,40.40828323364258,-79.91304779052734
1629728235,14725020,26,0,6423,40.444114685058594,-80.066162109375
1629728259,6216020,28X,0,6544,40.45274353027344,-79.92172241210938
1629728257,3432020,54,0,6302,40.428550720214844,-79.97714233398438
1629728255,8990020,71A,0,6543,40.43796157836914,-79.96379852294922
1629728254,14336020,1,0,6414,40.454246520996094,-79.99646759033203
1629728242,9487020,1,0,6413,40.5469970703125,-79.77027130126953
1629728202,9556020,Y46,0,6537,40.27309036254883,-79.88567352294922
1629728246,4323020,41,0,6417,40.3716926574707,-80.08900451660156
1629728252,14232020,60,0,6538,40.329917907714844,-79.84201049804688
1629728249,864020,48,0,6419,40.440757751464844,-79.99818420410156
1629728219,11084020,71A,0,6551,40.44502258300781,-79.95394897460938
1629728246,13935020,61D,0,6432,40.444644927978516,-79.943603515625
1629728242,11488020,74,0,6552,40.459190368652344,-79.91983795166016
1629728205,6933020,P78,0,6555,40.443424224853516,-79.99596405029297
1629728245,6054020,57,0,6433,40.407981872558594,-79.92597961425781
1629728258,10423020,17,0,6306,40.46297073364258,-80.029541015625
1629728262,1589020,67,0,6548,40.44400405883789,-79.92520904541016
1629728254,753020,G2,0,6427,40.441261291503906,-80.00618743896484
1629728252,3577020,8,0,6305,40.51758575439453,-80.03705596923828
1629728246,11491020,56,0,6429,40.44010543823242,-80.00321197509766
1629728261,12248020,8,0,6308,40.45088577270508,-80.00090789794922
1629728220,12815020,13,0,6307,40.45206832885742,-80.00128936767578
1629728252,8448020,12,0,6201,40.452049255371094,-80.00130462646484
1629728249,8809020,61B,0,6442,40.40750503540039,-79.875732421875
1629728259,6162020,1,0,6203,40.49662780761719,-79.94280242919922
1629728253,3455020,36,0,6324,40.36940002441406,-80.06062316894531
1629728241,9090020,12,0,6202,40.5864372253418,-80.04218292236328
1629728221,2771020,77,0,6556,40.452659606933594,-79.75059509277344
1629728246,6697020,83,0,6438,40.436954498291016,-79.97197723388672
1629728235,12753020,91,0,6316,40.49462127685547,-79.88592529296875
1629728259,103020,28X,0,6450,40.45326232910156,-80.16820526123047
1629728198,9096020,79,0,6452,40.454185485839844,-79.86840057373047
1629728248,4280020,14,0,6212,40.59115982055664,-80.22733306884766
1629728252,8705020,74,0,6453,40.44673156738281,-79.91188049316406
1629728238,11670020,61D,0,6335,40.409847259521484,-79.91002655029297
1629728240,5970020,P3,0,6334,40.41518020629883,-79.87944030761719
1629728253,10523020,41,0,6326,40.44095230102539,-80.00086975097656
1629728261,10824020,6,0,6205,40.46133041381836,-79.99308013916016
1629728260,1668020,48,0,6325,40.417598724365234,-79.98444366455078
1629728263,3509020,54,0,6204,40.452022552490234,-79.95159912109375
1629728255,8507020,59,0,6446,40.36328887939453,-79.85051727294922
1629728244,8763020,71C,0,6449,40.457035064697266,-79.93468475341797
1629728246,4602020,29,0,6327,40.45184326171875,-80.13275146484375
1629728239,5985020,54,0,6206,40.45172882080078,-80.00640869140625
1629728255,6491020,61C,0,6448,40.43912124633789,-79.93431091308594
1629728233,13541020,75,0,6461,40.4285888671875,-79.97364044189453
1629728243,13596020,39,0,6221,40.39181137084961,-80.01673126220703
1629728246,14163020,64,0,6342,40.408302307128906,-79.91302490234375
1629728252,13135020,56,0,6341,40.35415267944336,-79.83655548095703
1629728240,6805020,71D,0,6462,40.456092834472656,-79.91017150878906
1629728239,7005020,14,0,6102,40.484092712402344,-80.05033874511719
1629728239,87020,27,0,6223,40.439857482910156,-80.01728820800781
1629728248,6809020,61A,0,6343,40.3997688293457,-79.86376953125
1629728252,12771020,20,0,6225,40.443359375,-80.00457763671875
1629728260,6381020,38,0,6224,40.43225860595703,-80.03856658935547
1629728247,11782020,13,0,6216,40.4937629699707,-80.05191802978516
1629728259,11122020,6,0,6215,40.478233337402344,-80.00055694580078
1629728233,4795020,69,0,6457,40.40802764892578,-79.8415298461914
1629728245,12099020,36,0,6218,40.33998107910156,-80.05403900146484
1629728236,8889020,56,0,6339,40.35054016113281,-79.87228393554688
1629728254,5235020,41,0,6217,40.37464904785156,-80.08682250976562
1629728252,1656020,82,0,6459,40.473148345947266,-79.88822174072266
1629728263,12895020,61C,0,6351,40.43836975097656,-79.9808120727539
1629728260,11335020,57,0,6353,40.40734100341797,-79.9284896850586
1629728231,13273020,20,0,6110,40.468238830566406,-80.09851837158203
1629728260,1117020,31,0,6231,40.44163131713867,-80.03288269042969
1629728253,7578020,53L,0,6233,40.3438835144043,-79.94063568115234
1629728250,8725020,59,0,6115,40.40885543823242,-79.90646362304688
1629728262,4751020,59,0,6357,40.415496826171875,-79.87773895263672
1629728247,13386020,55,0,6114,40.307647705078125,-79.8876724243164
1629728262,452020,39,0,6229,40.44623565673828,-79.98872375488281
1629728249,2983020,93,0,6241,40.4452018737793,-79.95370483398438
1629728258,13610020,61A,0,6240,40.40928268432617,-79.86670684814453
1629728220,670020,88,0,6361,40.464759826660156,-79.94096374511719
1629728235,9536020,82,0,6364,40.45903396606445,-79.92794036865234
1629728232,12048020,51,0,6242,40.42869567871094,-79.98846435546875
1629728243,6630020,71B,0,6363,40.44744110107422,-79.94245147705078
1629728255,5432020,71B,0,6366,40.43836975097656,-79.98079681396484
1629728258,13173020,91,0,6003,40.488643646240234,-79.900390625
1629728249,5100020,58,0,6365,40.44234848022461,-79.95781707763672
1629728246,7134020,51,0,6126,40.36359786987305,-79.98399353027344
1629728243,11860020,6,0,6005,40.44611358642578,-79.98871612548828
1629728262,3755020,93,0,6247,40.451080322265625,-79.95152282714844
1629728253,5749020,59,0,6125,40.38408660888672,-79.86812591552734
1629728262,11528020,59,0,6358,40.34326934814453,-79.94248962402344
1629728242,12549020,Y49,0,6237,40.43673324584961,-80.00093078613281
1629728262,842020,61A,0,6239,40.413719177246094,-79.853515625
1629728247,7942020,64,0,6118,40.45901870727539,-79.94410705566406
1629728234,12863020,61A,0,6252,40.440513610839844,-79.88758087158203
1629728259,10067020,51,0,6130,40.36190414428711,-79.93128967285156
1629728258,5029020,61C,0,6251,40.43805694580078,-79.92315673828125
1629728250,11683020,61A,0,6253,40.44239044189453,-80.00004577636719
1629728257,4406020,91,0,6011,40.44680404663086,-79.9892807006836
1629728250,10610020,53L,0,6135,40.34122848510742,-79.94535064697266
1629728259,1742020,54,0,6014,40.46256637573242,-79.95075988769531
1629728251,1206020,51,0,6134,40.3430061340332,-79.96407318115234
1629728217,4360020,67,0,6258,40.44691848754883,-79.89447021484375
1629728259,2604020,75,0,6137,40.47420883178711,-79.93147277832031
1629728225,1604020,22,0,6015,40.4423828125,-80.00917053222656
1629728245,9022020,14,0,6007,40.57118606567383,-80.21613311767578
1629728255,2293020,P3,0,6249,40.43779373168945,-79.96411895751953
1629728234,9653020,61B,0,6127,40.4407844543457,-80.0005111694336
1629728246,1390020,77,0,6369,40.455589294433594,-79.94312286376953
1629728258,6469020,Y46,0,6248,40.37696075439453,-79.9857406616211
1629728246,11300020,8,0,6008,40.49005889892578,-80.01847076416016
1629728257,13758020,71B,0,6263,40.43784713745117,-79.98900604248047
1629728260,14059020,82,0,6265,40.460792541503906,-79.92765808105469
1629728261,5466020,G2,0,6023,40.4056282043457,-80.09066772460938
1629728253,3802020,77,0,6143,40.46097946166992,-79.86907196044922
1629728247,11413020,77,0,6146,40.46741485595703,-79.83457946777344
1629728248,245020,88,0,6267,40.45684814453125,-79.91345977783203
1629728262,11017020,82,0,6266,40.43967056274414,-79.99754333496094
1629728245,6064020,28X,0,6261,40.46836853027344,-80.23418426513672
1629728245,11412020,71C,0,6140,40.451904296875,-79.95197296142578
1629728209,1804020,75,0,6260,40.48758316040039,-79.91893768310547
1629728258,8636020,64,0,6139,40.456031799316406,-79.93815612792969
1629728262,6262020,69,0,6259,40.3922119140625,-79.75828552246094
1629728226,14671020,61D,0,6034,40.42914581298828,-79.92379760742188
1629728253,9847020,87,0,6154,40.45745086669922,-79.97323608398438
1629728233,6398020,93,0,6033,40.48298645019531,-79.94794464111328
1629728262,8075020,53L,0,6036,40.44023132324219,-80.0035629272461
1629728244,13877020,71,0,6157,40.422874450683594,-79.89383697509766
1629728240,9801020,82,0,6156,40.44873809814453,-79.965087890625
1629728249,12514020,81,0,6038,40.4300651550293,-79.97611999511719
1629728239,13313020,77,0,6158,40.456886291503906,-79.93878173828125
1629728257,4192020,71D,0,6272,40.4364128112793,-79.9683609008789
1629728207,3269020,Y46,0,6029,40.381649017333984,-79.99478912353516
1629728261,7932020,67,0,6149,40.43834686279297,-79.7728042602539
1629727909,7541020,53L,0,6043,40.362091064453125,-79.93055725097656
1629728256,5872020,81,0,6042,40.44139862060547,-79.99282836914062
1629728258,1414020,86,0,6045,40.44530487060547,-79.8877944946289
1629728261,14021020,75,0,6046,40.443077087402344,-79.9565658569336
1629728262,946020,87,0,6160,40.462337493896484,-79.94329071044922
1629728236,2654020,11,0,1704,40.442535400390625,-79.99976348876953
1629728252,5215020,4,0,1702,40.464599609375,-79.98194885253906
1629728263,7975020,71C,0,6059,40.44880294799805,-79.9001693725586
1629728231,6856020,71C,0,6051,40.455745697021484,-79.91483306884766
1629728256,8746020,40,0,1717,40.430667877197266,-80.0096664428711
1629728258,11473020,44,0,1729,40.42098617553711,-80.00727081298828
1629728258,6400020,44,0,1728,40.39630889892578,-79.970947265625
1629728262,2522020,44,0,1726,40.43193054199219,-80.00343322753906
1629728257,5021020,44,0,1724,40.39650344848633,-79.97502899169922
1629728249,-2122404792,16,1,5904,40.44200134277344,-80.00395965576172
1629728256,10875020,16,0,5907,40.4874382019043,-80.03986358642578
1629728258,7970020,54,0,5909,40.43925094604492,-79.9619140625
1629728258,-127309844,17,1,5902,40.446231842041016,-79.99946594238281
1629728238,10015020,54,0,5903,40.44829559326172,-79.98696899414062
1629728246,2542020,38,0,5918,40.42185974121094,-80.0462417602539
1629728261,13410020,24,0,5919,40.46577072143555,-80.06404113769531
1629728260,895020,24,0,5911,40.446441650390625,-80.15252685546875
1629728261,1283020,26,0,5914,40.44888687133789,-80.04447174072266
1629728253,7797020,55,0,5927,40.34577941894531,-79.95205688476562
1629728240,1397020,8,0,5806,40.474952697753906,-80.0112533569336
1629728230,7583020,12,0,5807,40.571712493896484,-80.01634216308594
1629728253,5159020,59,0,5921,40.41434097290039,-79.85527801513672
1629728222,9190020,83,0,5922,40.445030212402344,-79.98136138916016
1629728238,4370020,51,0,5923,40.43193435668945,-80.0034408569336
1629728225,10353020,1,0,5803,40.60064697265625,-79.7570571899414
1629728262,4805020,2,0,5804,40.53335189819336,-79.96869659423828
1629728833,11559020,51,0,5816,40.42879867553711,-79.98409271240234
1629728819,-537198442,88,1,5937,40.46577453613281,-79.95448303222656
1629728837,4069020,61C,0,5817,40.439754486083984,-79.95947265625
1629728839,4130020,21,0,5810,40.483428955078125,-80.07115936279297
1629728829,763020,61A,0,5931,40.414432525634766,-79.8552017211914
1629728826,9126020,55,0,5815,40.350486755371094,-79.87287139892578
1629728841,10184020,13,0,5707,40.4974479675293,-80.05425262451172
1629728831,8471020,74,0,5940,40.46369171142578,-79.8927230834961
1629728826,3770020,54,0,5702,40.408878326416016,-79.99150085449219
1629728831,12039020,87,0,5944,40.48337936401367,-79.94757843017578
1629728813,9603020,1,0,5705,40.48873519897461,-79.89339447021484
1629728835,4864020,P1,0,3416,40.441226959228516,-79.99713897705078
1629728842,5774020,86,0,3410,40.4584846496582,-79.90109252929688
1629728840,6104020,71C,0,5715,40.45036697387695,-79.95108795166016
1629728844,9936020,P78,0,3418,40.5243034362793,-79.84165954589844
1629728796,12932020,71D,0,3421,40.43880844116211,-79.99082946777344
1629728838,2560020,71A,0,5722,40.44071960449219,-79.995849609375
1629728750,12250020,61B,0,3309,40.444515228271484,-79.95467376708984
1629728807,2006020,P1,0,3320,40.41954040527344,-79.88645935058594
1629728842,3043020,61D,0,3317,40.41124725341797,-79.90936279296875
1629728841,12482020,61B,0,3313,40.44004821777344,-79.99506378173828
1629728827,4315020,61D,0,5614,40.43860626220703,-79.98638916015625
1629728829,14547020,P1,0,3319,40.4564094543457,-79.94608306884766
1629728823,3937020,P1,0,3329,40.45263671875,-79.89832305908203
1629728816,14342020,61D,0,3206,40.431884765625,-79.92320251464844
1629728840,4284020,71B,0,3327,40.47568893432617,-79.9197769165039
1629728843,1852020,61C,0,3205,40.38542175292969,-79.86392974853516
1629728830,5427020,71A,0,3326,40.47574996948242,-79.91995239257812
1629728814,12455020,P3,0,3201,40.441436767578125,-79.8866195678711
1629728841,1436020,71C,0,3339,40.43976593017578,-79.99433135986328
1629728842,14558020,71D,0,3334,40.44671630859375,-79.8885726928711
1629728835,6144020,54,0,6602,40.44919967651367,-79.98524475097656
1629728836,9480020,12,0,6604,40.53057861328125,-80.00994110107422
1629728839,9897020,59,0,6621,40.35405349731445,-79.91447448730469
1629728817,1626020,61D,0,6620,40.43794250488281,-79.99124145507812
1629728838,12316020,51,0,5660,40.39323425292969,-79.98651123046875
1629728823,2089020,14,0,6511,40.567867279052734,-80.21161651611328
1629728839,4554020,16,0,6510,40.474124908447266,-80.02915954589844
1629728832,3533020,G2,0,3238,40.44207763671875,-80.00021362304688
1629728815,9586020,61A,0,6623,40.438053131103516,-79.92304992675781
1629728836,159020,Y47,0,5654,40.43170166015625,-80.0035171508789
1629728832,2695020,54,0,6501,40.414485931396484,-79.99771118164062
1629728797,5220020,Y47,0,5655,40.342063903808594,-79.93828582763672
1629728835,3556020,51,0,6625,40.42610549926758,-79.98081970214844
1629728826,2602020,8,0,6503,40.517555236816406,-80.03697967529297
1629728840,10320020,2,0,6506,40.49156188964844,-79.96852111816406
1629728833,14519020,93,0,6627,40.433197021484375,-79.92302703857422
1629728816,7598020,16,0,6505,40.50383758544922,-80.07459259033203
1629728830,1187020,27,0,6520,40.44144821166992,-80.06874084472656
1629728842,13962020,77,0,6641,40.44156265258789,-80.00253295898438
1629728838,13755020,P68,0,6640,40.44386291503906,-79.99451446533203
1629728814,-1858856385,71D,1,6643,40.43800735473633,-79.99232482910156
1629728825,8269020,67,0,6642,40.4447135925293,-79.8412857055664
1629728822,60020,61A,0,3253,40.438880920410156,-79.99266052246094
1629728841,11121020,51,0,6634,40.408226013183594,-79.99134826660156
1629728836,13742020,24,0,6517,40.44032669067383,-80.0181655883789
1629728818,8250020,39,0,6516,40.41374969482422,-80.01103210449219
1629728840,1205020,29,0,6519,40.44161605834961,-80.0407943725586
1629728792,14133020,86,0,6650,40.449100494384766,-79.98538970947266
1629728833,3420020,1,0,6410,40.56413650512695,-79.76611328125
1629728840,57020,61C,0,6530,40.42323303222656,-79.92863464355469
1629728825,10842020,P68,0,6651,40.43095016479492,-79.7944564819336
1629728841,14030020,61A,0,6533,40.439483642578125,-79.89950561523438
1629728807,1545020,67,0,6653,40.44313430786133,-79.95368194580078
1629728796,9299020,91,0,6411,40.50041580200195,-79.86093139648438
1629728817,13020,86,0,6645,40.45633316040039,-79.9390869140625
1629728840,6138020,12,0,6402,40.54939651489258,-80.02094268798828
1629728842,10388020,77,0,6647,40.4823112487793,-79.76512908935547
1629728838,3356020,91,0,6405,40.470619201660156,-79.96035766601562
1629728837,13741020,61B,0,6525,40.40498352050781,-79.87144470214844
1629728811,2014020,71A,0,6646,40.44675064086914,-79.95127868652344
1629728843,8675020,28X,0,6649,40.439884185791016,-80.017333984375
1629728842,-1203547776,91,1,6407,40.487552642822266,-79.89395904541016
1629728817,3958020,2,0,6406,40.546241760253906,-80.00686645507812
1629728833,11455020,16,0,6408,40.442138671875,-80.00081634521484
1629728833,3005020,81,0,6529,40.44271469116211,-79.97730255126953
1629728830,8973020,P68,0,6542,40.43132019042969,-79.79619598388672
1629728819,2706020,31,0,6420,40.440799713134766,-80.00700378417969
1629728831,2838020,61D,0,6541,40.428314208984375,-79.92472839355469
1629728842,14725020,26,0,6423,40.459075927734375,-80.06277465820312
1629728843,6216020,28X,0,6544,40.44639205932617,-79.95183563232422
1629728813,3432020,54,0,6302,40.44159698486328,-79.95867156982422
1629728836,9557020,14,0,6301,40.450950622558594,-80.02726745605469
1629728841,8990020,71A,0,6543,40.44104766845703,-79.99665069580078
1629728837,14336020,1,0,6414,40.44401931762695,-79.99190521240234
1629728833,9487020,1,0,6413,40.58567810058594,-79.77700805664062
1629728814,9556020,Y46,0,6537,40.293426513671875,-79.88798522949219
1629728841,4323020,41,0,6417,40.38407516479492,-80.05599212646484
1629728839,8235020,60,0,6538,40.31838607788086,-79.83404541015625
1629728831,864020,48,0,6419,40.42884826660156,-79.98207092285156
1629728836,11084020,71A,0,6551,40.455692291259766,-79.93928527832031
1629728795,13935020,61D,0,6432,40.43235778808594,-79.92314147949219
1629728844,11488020,74,0,6552,40.460655212402344,-79.92774963378906
1629728814,3320020,17,0,6313,40.49992752075195,-80.02167510986328
1629728822,6933020,P78,0,6555,40.459632873535156,-79.92202758789062
1629728839,6054020,57,0,6433,40.410858154296875,-79.91056060791016
1629728842,10423020,17,0,6306,40.4546012878418,-80.01476287841797
1629728794,1589020,67,0,6548,40.445762634277344,-79.95293426513672
1629728800,753020,G2,0,6427,40.44388198852539,-80.02742767333984
1629728838,3577020,8,0,6305,40.51615524291992,-80.02244567871094
1629728834,11491020,56,0,6429,40.42665100097656,-79.9544448852539
1629728835,2249020,8,0,6308,40.453983306884766,-80.00190734863281
1629728840,4584020,13,0,6307,40.443450927734375,-80.0047378540039
1629728829,3854020,59,0,6441,40.38764953613281,-79.82350158691406
1629728823,1792020,12,0,6201,40.44888687133789,-80.0007095336914
1629728833,8809020,61B,0,6442,40.43235397338867,-79.8936996459961
1629728832,6162020,1,0,6203,40.48738479614258,-79.89403533935547
1629728837,3455020,36,0,6324,40.398746490478516,-80.04498291015625
1629728825,9090020,12,0,6202,40.55992126464844,-80.02388763427734
1629728817,6370020,55,0,6436,40.34294128417969,-79.91870880126953
1629728837,2771020,77,0,6556,40.453025817871094,-79.75023651123047
1629728825,6697020,83,0,6438,40.445865631103516,-79.95162200927734
1629728840,12753020,91,0,6316,40.48725891113281,-79.88485717773438
1629728837,6477020,31,0,6319,40.36663818359375,-80.10600280761719
1629728827,9570020,61D,0,6439,40.41132354736328,-79.90898895263672
1629728825,103020,28X,0,6450,40.47933578491211,-80.25586700439453
1629728831,4280020,14,0,6212,40.59115982055664,-80.22733306884766
1629728832,8705020,74,0,6453,40.462989807128906,-79.89176177978516
1629728824,11670020,61D,0,6335,40.40813064575195,-79.91325378417969
1629728820,5970020,P3,0,6334,40.41518020629883,-79.87944030761719
1629728844,10768020,41,0,6326,40.420982360839844,-80.00727081298828
1629728829,10824020,6,0,6205,40.443870544433594,-79.99429321289062
1629728828,1668020,48,0,6325,40.42806625366211,-79.97066497802734
1629728839,3509020,54,0,6204,40.46526336669922,-79.95465087890625
1629728840,8507020,59,0,6446,40.37323760986328,-79.84666442871094
1629728837,8763020,71C,0,6449,40.45147705078125,-79.90815734863281
1629728831,4602020,29,0,6327,40.4521598815918,-80.17265319824219
1629728831,5985020,54,0,6206,40.45182800292969,-80.0064468383789
1629728827,6491020,61C,0,6448,40.44316101074219,-79.95655822753906
1629728585,13541020,75,0,6461,40.424293518066406,-79.9622802734375
1629728815,13596020,39,0,6221,40.41678237915039,-80.01188659667969
1629728844,14163020,64,0,6342,40.4310302734375,-79.9233169555664
1629728827,13135020,56,0,6341,40.3463134765625,-79.82949829101562
1629728825,6805020,71D,0,6462,40.44768524169922,-79.93890380859375
1629728842,7005020,14,0,6102,40.448116302490234,-80.02140045166016
1629728837,4096020,27,0,6223,40.44316864013672,-80.0256118774414
1629728816,12771020,20,0,6225,40.44366455078125,-80.02682495117188
1629728818,6381020,38,0,6224,40.394554138183594,-80.06627655029297
1629728832,11782020,13,0,6216,40.519474029541016,-80.04364013671875
1629728833,3113020,15,0,6215,40.47861862182617,-80.00086212158203
1629728843,4795020,69,0,6457,40.44469451904297,-79.88490295410156
1629728829,12099020,36,0,6218,40.33998107910156,-80.05403900146484
1629728832,8889020,56,0,6339,40.35395050048828,-79.91139221191406
1629728839,5235020,41,0,6217,40.357887268066406,-80.11074829101562
1629728839,1656020,82,0,6459,40.460689544677734,-79.91458129882812
1629728841,12895020,61C,0,6351,40.44157409667969,-79.9980697631836
1629728812,11335020,57,0,6353,40.412109375,-79.94873809814453
1629728844,13273020,20,0,6110,40.4920539855957,-80.11173248291016
1629728841,1117020,31,0,6231,40.41899108886719,-80.06649780273438
1629728803,7578020,53L,0,6233,40.35676193237305,-79.91090393066406
1629728839,8725020,59,0,6115,40.407264709472656,-79.91914367675781
1629728843,4751020,59,0,6357,40.407588958740234,-79.85682678222656
1629728837,13386020,55,0,6114,40.33667755126953,-79.8901596069336
1629728827,4317020,1,0,6105,40.4427490234375,-79.99871063232422
1629728821,452020,39,0,6229,40.44622802734375,-79.98870086669922
1629728830,2983020,93,0,6241,40.465293884277344,-79.9578857421875
1629728819,13610020,61A,0,6240,40.43293380737305,-79.88477325439453
1629728828,670020,88,0,6361,40.46016311645508,-79.9708480834961
1629728834,9536020,82,0,6364,40.46143341064453,-79.90847778320312
1629728832,12048020,51,0,6242,40.441471099853516,-80.00222778320312
1629728839,6630020,71B,0,6363,40.437862396240234,-79.96393585205078
1629728834,5432020,71B,0,6366,40.442378997802734,-80.00009155273438
1629728843,13173020,91,0,6003,40.483638763427734,-79.94979858398438
1629728835,5100020,58,0,6365,40.42868423461914,-79.93782806396484
1629728822,4127020,15,0,6005,40.44293212890625,-80.0044174194336
1629728828,7134020,51,0,6126,40.38690185546875,-79.9825210571289
1629728837,3755020,93,0,6247,40.437862396240234,-79.96392822265625
1629728836,5749020,59,0,6125,40.370216369628906,-79.8491439819336
1629728818,11528020,59,0,6358,40.3455810546875,-79.88652801513672
1629728825,12549020,Y49,0,6237,40.39898681640625,-80.001220703125
1629728820,842020,61A,0,6239,40.413719177246094,-79.853515625
1629728830,7942020,64,0,6118,40.452823638916016,-79.92070007324219
1629728836,12863020,61A,0,6252,40.420936584472656,-79.8857192993164
1629728838,8635020,51,0,6130,40.36091995239258,-79.93290710449219
1629728810,5029020,61C,0,6251,40.41335678100586,-79.922119140625
1629728786,8370020,61A,0,6253,40.43877029418945,-79.9947509765625
1629728794,10610020,53L,0,6135,40.361568450927734,-79.9303207397461
1629728818,1742020,54,0,6014,40.449798583984375,-79.95073699951172
1629728835,1206020,51,0,6134,40.348819732666016,-79.94449615478516
1629728834,4360020,67,0,6258,40.4403190612793,-79.87224578857422
1629728803,2604020,75,0,6137,40.457984924316406,-79.91815948486328
1629728802,1604020,22,0,6015,40.455780029296875,-80.04234313964844
1629728833,9022020,14,0,6007,40.539695739746094,-80.17981719970703
1629728812,2293020,P3,0,6249,40.44987869262695,-79.94854736328125
1629728843,9653020,61B,0,6127,40.43766403198242,-79.98518371582031
1629728843,1390020,77,0,6369,40.458648681640625,-79.91912841796875
1629728830,6469020,Y46,0,6248,40.33897399902344,-79.96051788330078
1629728833,11300020,8,0,6008,40.459922790527344,-80.01044464111328
1629728838,13758020,71B,0,6263,40.44114303588867,-79.95918273925781
1629728841,14059020,82,0,6265,40.4493522644043,-79.95710754394531
1629728830,4124020,G2,0,6023,40.40738296508789,-80.08975219726562
1629728831,655020,21,0,6022,40.52372360229492,-80.2159423828125
1629728825,3802020,77,0,6143,40.46011734008789,-79.91289520263672
1629728821,11413020,77,0,6146,40.48993682861328,-79.79682922363281
1629728833,933020,88,0,6267,40.456787109375,-79.91355895996094
1629728834,10521020,82,0,6266,40.44244384765625,-79.98783111572266
1629728820,6064020,28X,0,6261,40.448997497558594,-80.16291046142578
1629728821,11412020,71C,0,6140,40.437034606933594,-79.97061920166016
1629728831,1804020,75,0,6260,40.49005126953125,-79.87025451660156
1629728832,8636020,64,0,6139,40.46744918823242,-79.96353912353516
1629728819,6262020,69,0,6259,40.39485168457031,-79.80484771728516
1629728833,14671020,61D,0,6034,40.44462966918945,-79.94273376464844
1629728837,9847020,87,0,6154,40.46242904663086,-79.94438934326172
1629728843,720020,93,0,6033,40.482852935791016,-79.95122528076172
1629728841,8075020,53L,0,6036,40.431766510009766,-79.96026611328125
1629728824,13877020,71,0,6157,40.42824172973633,-79.8863296508789
1629728826,9801020,82,0,6156,40.45808792114258,-79.9311294555664
1629728832,12514020,81,0,6038,40.4300651550293,-79.97611999511719
1629728843,13313020,77,0,6158,40.44160842895508,-79.99400329589844
1629728834,4192020,71D,0,6272,40.447391510009766,-79.94307708740234
1629728831,3269020,Y46,0,6029,40.411983489990234,-80.00858306884766
1629728798,7932020,67,0,6149,40.44171142578125,-79.74284362792969
1629728843,5872020,81,0,6042,40.44484329223633,-79.97590637207031
1629728843,836020,71D,0,6045,40.44337844848633,-79.88626861572266
1629728841,14021020,75,0,6046,40.45674133300781,-79.92985534667969
1629728842,7158020,71A,0,6048,40.477230072021484,-79.92375183105469
1629728841,946020,87,0,6160,40.451114654541016,-79.98249053955078
1629728841,2654020,11,0,1704,40.45835876464844,-80.00750732421875
1629728834,5215020,4,0,1702,40.49422836303711,-79.9953384399414
1629728835,6856020,71C,0,6051,40.45777130126953,-79.93415069580078
1629728822,6517020,43,0,1718,40.41572952270508,-80.01261901855469
1629728825,8746020,40,0,1717,40.42982864379883,-80.00470733642578
1629728831,11473020,44,0,1729,40.41669464111328,-79.9985580444336
1629728802,6400020,44,0,1728,40.41411590576172,-79.98248291015625
1629728836,2522020,44,0,1726,40.441612243652344,-80.0025405883789
1629728843,5021020,44,0,1724,40.38579177856445,-79.96932983398438
1629728822,-2122404792,16,1,5904,40.454158782958984,-80.0134506225586
1629728828,7970020,54,0,5909,40.423927307128906,-79.9776840209961
1629728838,5156020,17,0,5902,40.454124450683594,-80.01460266113281
1629728825,10015020,54,0,5903,40.45552444458008,-80.00640106201172
1629728833,2542020,38,0,5918,40.43846893310547,-80.01213073730469
1629728815,13410020,24,0,5919,40.470699310302734,-80.0921401977539
1629728821,895020,24,0,5911,40.46982955932617,-80.10050964355469
1629728837,1283020,26,0,5914,40.45382308959961,-80.06428527832031
1629728822,7797020,55,0,5927,40.34452438354492,-79.92301177978516
1629728838,1397020,8,0,5806,40.505794525146484,-80.02915954589844
1629728828,5159020,59,0,5921,40.40907287597656,-79.86703491210938
1629728840,9190020,83,0,5922,40.44049835205078,-79.99959564208984
1629728843,4370020,51,0,5923,40.44208908081055,-79.99947357177734
1629728777,10353020,1,0,5803,40.600643157958984,-79.75701141357422
1629728818,4805020,2,0,5804,40.49353790283203,-79.94807434082031
1629729329,11559020,51,0,5816,40.40939712524414,-79.99081420898438
1629729306,-537198442,88,1,5937,40.46141815185547,-79.9248275756836
1629729334,4069020,61C,0,5817,40.444454193115234,-79.94190216064453
1629729322,4130020,21,0,5810,40.51211929321289,-80.13164520263672
1629729331,763020,61A,0,5931,40.407493591308594,-79.86470031738281
1629729303,9126020,55,0,5815,40.32815170288086,-79.89250946044922
1629729331,10184020,13,0,5707,40.48329162597656,-80.04103088378906
1629729314,8471020,74,0,5940,40.451717376708984,-79.89952087402344
1629729300,6457020,54,0,5702,40.40874099731445,-79.99109649658203
1629729331,12039020,87,0,5944,40.486328125,-79.92601013183594
1629729325,9603020,1,0,5705,40.49462127685547,-79.93463897705078
1629729230,4864020,P1,0,3416,40.46066665649414,-79.95663452148438
1629729321,9020020,P1,0,3414,40.41469955444336,-79.87871551513672
1629729317,5774020,86,0,3410,40.44704055786133,-79.88888549804688
1629729329,6104020,71C,0,5715,40.46327209472656,-79.9308090209961
1629729333,9936020,P78,0,3418,40.49033737182617,-79.83612823486328
1629729328,12932020,71D,0,3421,40.44107437133789,-80.00126647949219
1629729326,2560020,71A,0,5722,40.437652587890625,-79.98490142822266
1629729317,12250020,61B,0,3309,40.438880920410156,-79.9926528930664
1629729328,2006020,P1,0,3320,40.459163665771484,-79.92398834228516
1629729311,12482020,61B,0,3313,40.43769073486328,-79.98561096191406
1629729317,10839020,22,0,5611,40.46824264526367,-80.09815216064453
1629729301,7023020,91,0,5732,40.44684600830078,-79.98921203613281
1629729332,4315020,61D,0,5614,40.441471099853516,-80.0023193359375
1629729307,10651020,P1,0,3319,40.44281768798828,-79.9968032836914
1629729323,3937020,P1,0,3329,40.415260314941406,-79.87936401367188
1629729315,14342020,61D,0,3206,40.44462203979492,-79.94407653808594
1629729331,4284020,71B,0,3327,40.459999084472656,-79.92501831054688
1629729329,1852020,61C,0,3205,40.35272979736328,-79.8491439819336
1629729281,6628020,71A,0,3326,40.47891616821289,-79.9190902709961
1629729325,12455020,P3,0,3201,40.453697204589844,-79.9409408569336
1629729332,1436020,71C,0,3339,40.437931060791016,-79.97364044189453
1629729268,6144020,54,0,6602,40.4658203125,-79.96495819091797
1629729313,9480020,12,0,6604,40.49340057373047,-80.01152801513672
1629729327,9897020,59,0,6621,40.34402084350586,-79.94502258300781
1629729287,1626020,61D,0,6620,40.44009017944336,-79.95899963378906
1629729330,12316020,51,0,5660,40.368995666503906,-79.97588348388672
1629729321,2089020,14,0,6511,40.59309005737305,-80.228759765625
1629729314,4554020,16,0,6510,40.454959869384766,-80.00922393798828
1629729314,5623020,G2,0,3238,40.443050384521484,-79.9975814819336
1629729332,9586020,61A,0,6623,40.44620895385742,-79.9522933959961
1629729297,159020,Y47,0,5654,40.442161560058594,-80.00061798095703
1629729334,2695020,54,0,6501,40.421791076660156,-79.98348236083984
1629729328,3556020,51,0,6625,40.43167495727539,-80.00299835205078
1629729332,560020,8,0,6503,40.51749038696289,-80.03697204589844
1629729331,10320020,2,0,6506,40.506813049316406,-79.95098876953125
1629729331,14519020,93,0,6627,40.43513488769531,-79.95640563964844
1629729307,7598020,16,0,6505,40.49711990356445,-80.0587387084961
1629729334,1187020,27,0,6520,40.446163177490234,-80.06781005859375
1629729314,8710020,77,0,6641,40.451969146728516,-79.9751205444336
1629729329,-1858856385,71D,1,6643,40.439029693603516,-79.9621353149414
1629729325,8269020,67,0,6642,40.44083023071289,-79.87142181396484
1629729314,11187020,61A,0,3253,40.43996810913086,-79.995361328125
1629729333,11121020,51,0,6634,40.424659729003906,-79.97894287109375
1629729307,13742020,24,0,6517,40.443443298339844,-80.02655029296875
1629729313,8250020,39,0,6516,40.39158630371094,-80.01705932617188
1629729331,1205020,29,0,6519,40.44220733642578,-80.00072479248047
1629729325,14133020,86,0,6650,40.46216583251953,-79.95002746582031
1629729332,3420020,1,0,6410,40.54124069213867,-79.78797149658203
1629729332,57020,61C,0,6530,40.434608459472656,-79.92281341552734
1629729332,10842020,P68,0,6651,40.42173767089844,-79.797607421875
1629729334,14030020,61A,0,6533,40.43742370605469,-79.88002014160156
1629729335,2736020,61C,0,6532,40.40547180175781,-79.8853759765625
1629729325,1545020,67,0,6653,40.44485092163086,-79.9156265258789
1629729281,6999020,91,0,6411,40.500518798828125,-79.8608627319336
1629729327,13020,86,0,6645,40.46295166015625,-79.95654296875
1629729321,6138020,12,0,6402,40.553653717041016,-80.01632690429688
1629729201,10388020,77,0,6647,40.490726470947266,-79.79362487792969
1629729330,3356020,91,0,6405,40.49562072753906,-79.93875122070312
1629729307,2014020,71A,0,6646,40.437217712402344,-79.9711685180664
1629729304,8675020,28X,0,6649,40.444149017333984,-80.02792358398438
1629729332,-1203547776,91,1,6407,40.49842834472656,-79.88800048828125
1629729332,3958020,2,0,6406,40.52574157714844,-80.00715637207031
1629729335,11455020,16,0,6408,40.45524215698242,-80.00233459472656
1629729307,3005020,81,0,6529,40.44386291503906,-79.98001861572266
1629729317,8973020,P68,0,6542,40.43572998046875,-79.77124786376953
1629729324,2706020,31,0,6420,40.44451141357422,-79.99120330810547
1629729322,2838020,61D,0,6541,40.438018798828125,-79.92803955078125
1629729323,14725020,26,0,6423,40.45085525512695,-80.04750061035156
1629729305,6216020,28X,0,6544,40.438194274902344,-79.97798919677734
1629729329,3432020,54,0,6302,40.449798583984375,-79.95073699951172
1629729331,9557020,14,0,6301,40.49233627319336,-80.06189727783203
1629729332,7358020,71A,0,6543,40.440303802490234,-79.99893951416016
1629729313,931020,Y47,0,6535,40.33015441894531,-79.92350006103516
1629729326,9487020,1,0,6413,40.60088348388672,-79.75686645507812
1629729312,9556020,Y46,0,6537,40.293678283691406,-79.89966583251953
1629729323,4323020,41,0,6417,40.39812088012695,-80.02682495117188
1629729331,8235020,60,0,6538,40.34657669067383,-79.8639907836914
1629729325,864020,48,0,6419,40.422786712646484,-79.96671295166016
1629729324,11084020,71A,0,6551,40.47369384765625,-79.92533111572266
1629729325,13935020,61D,0,6432,40.41035461425781,-79.91796112060547
1629729321,14397020,74,0,6552,40.45832824707031,-79.91866302490234
1629729305,3320020,17,0,6313,40.49994659423828,-80.03166198730469
1629729328,6933020,P78,0,6555,40.443328857421875,-79.8765869140625
1629729321,6786020,71C,0,6546,40.45122528076172,-79.90741729736328
1629729322,10423020,17,0,6306,40.4548454284668,-80.00218200683594
1629729332,1589020,67,0,6548,40.43849182128906,-79.98352813720703
1629729326,753020,G2,0,6427,40.431175231933594,-80.06871795654297
1629729315,3577020,8,0,6305,40.491817474365234,-80.02078247070312
1629729334,11491020,56,0,6429,40.38969421386719,-79.93279266357422
1629729322,2249020,8,0,6308,40.468807220458984,-80.00941467285156
1629729320,4584020,13,0,6307,40.454376220703125,-80.01246643066406
1629729312,3854020,59,0,6441,40.39569854736328,-79.8391342163086
1629729333,1792020,12,0,6201,40.47687530517578,-80.00679016113281
1629729313,8809020,61B,0,6442,40.438053131103516,-79.92328643798828
1629729334,6162020,1,0,6203,40.49753952026367,-79.85538482666016
1629729311,3455020,36,0,6324,40.43903350830078,-80.01107788085938
1629729278,9090020,12,0,6202,40.549781799316406,-80.01506805419922
1629729322,6370020,55,0,6436,40.34735870361328,-79.93701171875
1629729328,2771020,77,0,6556,40.453025817871094,-79.75023651123047
1629729334,6697020,83,0,6438,40.440792083740234,-79.96839141845703
1629729330,12753020,91,0,6316,40.49339294433594,-79.91436004638672
1629729319,6477020,31,0,6319,40.386661529541016,-80.09307098388672
1629729263,9570020,61D,0,6439,40.410011291503906,-79.91259765625
1629729305,1388020,28X,0,6450,40.49637222290039,-80.25888061523438
1629729333,4280020,14,0,6212,40.59115982055664,-80.22733306884766
1629729332,8705020,74,0,6453,40.47608184814453,-79.89846801757812
1629729300,11670020,61D,0,6335,40.4285774230957,-79.9244384765625
1629729303,5970020,P3,0,6334,40.41518020629883,-79.87944030761719
1629729322,10768020,41,0,6326,40.392452239990234,-80.0375747680664
1629729286,10824020,6,0,6205,40.44615936279297,-79.98866271972656
1629729311,1668020,48,0,6325,40.430076599121094,-79.9990234375
1629729332,3509020,54,0,6204,40.45663833618164,-79.97595977783203
1629729327,8507020,59,0,6446,40.380088806152344,-79.86358642578125
1629729323,4602020,29,0,6327,40.45221710205078,-80.2020263671875
1629729318,6461020,54,0,6206,40.45506286621094,-80.00855255126953
1629729328,6491020,61C,0,6448,40.43857955932617,-79.98572540283203
1629729334,7868020,75,0,6461,40.42823791503906,-79.97115325927734
1629729296,13596020,39,0,6221,40.436790466308594,-80.00111389160156
1629729327,14163020,64,0,6342,40.4456672668457,-79.9210433959961
1629729306,11166020,71C,0,6463,40.44990921020508,-79.89178466796875
1629729319,13135020,56,0,6341,40.3463134765625,-79.82949829101562
1629729334,6805020,71D,0,6462,40.44208526611328,-79.95803833007812
1629729319,4096020,27,0,6223,40.441123962402344,-80.0472412109375
1629729331,12771020,20,0,6225,40.465721130371094,-80.06344604492188
1629729315,6381020,38,0,6224,40.38437271118164,-80.0438003540039
1629729324,11782020,13,0,6216,40.51729965209961,-80.03642272949219
1629729330,3113020,15,0,6215,40.45844268798828,-80.01611328125
1629729320,12099020,36,0,6218,40.33998107910156,-80.05403900146484
1629729330,8889020,56,0,6339,40.379215240478516,-79.9244384765625
1629729314,1656020,82,0,6459,40.45742416381836,-79.93351745605469
1629729329,8849020,61C,0,6351,40.43804168701172,-79.99424743652344
1629729321,11335020,57,0,6353,40.43442916870117,-79.98916625976562
1629729329,13273020,20,0,6110,40.5003776550293,-80.11402893066406
1629729333,1117020,31,0,6231,40.39073181152344,-80.0879135131836
1629729331,7578020,53L,0,6233,40.3840446472168,-79.90396881103516
1629729328,8725020,59,0,6115,40.413124084472656,-79.90785217285156
1629729332,4751020,59,0,6357,40.41313171386719,-79.84514617919922
1629729331,13386020,55,0,6114,40.352725982666016,-79.84810638427734
1629729315,4317020,1,0,6105,40.45436096191406,-79.99568176269531
1629729313,452020,39,0,6229,40.44622802734375,-79.98870086669922
1629729316,13610020,61A,0,6240,40.44060134887695,-79.88745880126953
1629729319,13876020,88,0,6361,40.44439697265625,-79.9933090209961
1629729330,13016020,79,0,6364,40.46860122680664,-79.8863525390625
1629729317,6529020,51,0,6242,40.433692932128906,-80.0029067993164
1629729334,6630020,71B,0,6363,40.43907928466797,-79.99464416503906
1629729318,4648020,71B,0,6366,40.43804168701172,-79.9941635131836
1629729335,13173020,91,0,6003,40.46669387817383,-79.96438598632812
1629729333,5100020,58,0,6365,40.42430114746094,-79.93461608886719
1629729309,4127020,15,0,6005,40.45444869995117,-80.01193237304688
1629729316,7134020,51,0,6126,40.414031982421875,-79.98827362060547
1629729333,3755020,93,0,6247,40.43307876586914,-79.92304229736328
1629729314,5749020,59,0,6125,40.370025634765625,-79.85321044921875
1629729326,11528020,59,0,6358,40.35422134399414,-79.84222412109375
1629729328,12549020,Y49,0,6237,40.362789154052734,-79.98347473144531
1629729323,11797020,61B,0,6239,40.404685974121094,-79.87084197998047
1629729322,7942020,64,0,6118,40.43479919433594,-79.92282104492188
1629729332,12863020,61A,0,6252,40.402339935302734,-79.86136627197266
1629729307,8635020,51,0,6130,40.34751892089844,-79.95020294189453
1629729305,5029020,61C,0,6251,40.408660888671875,-79.89527130126953
1629729299,8370020,61A,0,6253,40.437110900878906,-79.97325897216797
1629729320,10610020,53L,0,6135,40.361934661865234,-79.93033599853516
1629729318,1742020,54,0,6014,40.43690490722656,-79.9659194946289
1629729303,4360020,67,0,6258,40.437591552734375,-79.82923889160156
1629729310,2604020,75,0,6137,40.45130920410156,-79.94091796875
1629729331,1604020,22,0,6015,40.48011016845703,-80.0767822265625
1629729333,9022020,14,0,6007,40.51469802856445,-80.11642456054688
1629729275,2293020,P3,0,6249,40.45705795288086,-79.91048431396484
1629729323,9653020,61B,0,6127,40.44112777709961,-79.95757293701172
1629729330,1390020,77,0,6369,40.45596694946289,-79.88999938964844
1629729292,6469020,Y46,0,6248,40.33163070678711,-79.94575500488281
1629729318,9394020,59,0,6129,40.33628845214844,-79.94587707519531
1629729317,11300020,8,0,6008,40.45195388793945,-80.00125122070312
1629729284,13758020,71B,0,6263,40.447391510009766,-79.94307708740234
1629729335,14059020,82,0,6265,40.44169235229492,-79.9843521118164
1629729316,4124020,G2,0,6023,40.44804763793945,-80.06380462646484
1629729332,655020,21,0,6022,40.51486587524414,-80.15737915039062
1629729333,3802020,77,0,6143,40.46084976196289,-79.92322540283203
1629729328,11413020,77,0,6146,40.46769332885742,-79.75643920898438
1629729318,933020,88,0,6267,40.46019744873047,-79.92131042480469
1629729332,10521020,82,0,6266,40.4488525390625,-79.96207427978516
1629729323,13495020,71B,0,6269,40.47891616821289,-79.9190902709961
1629729324,6064020,28X,0,6261,40.413089752197266,-80.08173370361328
1629729321,11412020,71C,0,6140,40.441253662109375,-79.99722290039062
1629729325,6262020,69,0,6259,40.4029655456543,-79.82221984863281
1629729324,14671020,61D,0,6034,40.441261291503906,-79.95916748046875
1629729331,9847020,87,0,6154,40.481624603271484,-79.93879699707031
1629729287,720020,93,0,6033,40.465885162353516,-79.95877075195312
1629729322,8075020,53L,0,6036,40.42011260986328,-79.92736053466797
1629729333,13877020,71,0,6157,40.44057083129883,-79.88963317871094
1629729324,9801020,82,0,6156,40.457611083984375,-79.91761779785156
1629729293,12514020,81,0,6038,40.4300651550293,-79.97611999511719
1629729310,4192020,71D,0,6272,40.456417083740234,-79.90546417236328
1629729255,12295020,79,0,6271,40.44730758666992,-79.86964416503906
1629729328,3269020,Y46,0,6029,40.43334197998047,-80.00314331054688
1629729318,7932020,67,0,6149,40.45303726196289,-79.750244140625
1629729332,5872020,81,0,6042,40.44149398803711,-79.96331787109375
1629729331,836020,71D,0,6045,40.45615005493164,-79.90422821044922
1629729332,14021020,75,0,6046,40.46585464477539,-79.92189025878906
1629729305,7158020,71A,0,6048,40.45875549316406,-79.93355560302734
1629729302,14214020,87,0,6160,40.442501068115234,-79.99942016601562
1629729326,7460020,4,0,1709,40.4971809387207,-80.01815795898438
1629729327,2654020,11,0,1704,40.471126556396484,-80.00798034667969
1629729321,6856020,71C,0,6051,40.451900482177734,-79.95198059082031
1629729329,6517020,43,0,1718,40.421817779541016,-79.9925765991211
1629729310,8746020,40,0,1717,40.44179916381836,-79.99964141845703
1629729326,9876020,44,0,1715,40.44615936279297,-79.98866271972656
1629729324,11473020,44,0,1729,40.412452697753906,-79.98426055908203
1629729334,6400020,44,0,1728,40.41664123535156,-79.98863983154297
1629729334,81020,44,0,1724,40.384788513183594,-79.9490737915039
1629729333,-2122404792,16,1,5904,40.48698425292969,-80.03732299804688
1629729329,7970020,54,0,5909,40.41950988769531,-79.99732971191406
1629729335,5156020,17,0,5902,40.469661712646484,-80.0255126953125
1629729329,2627020,38,0,5918,40.43729019165039,-80.01441955566406
1629729318,13410020,24,0,5919,40.45872116088867,-80.13809204101562
1629729320,895020,24,0,5911,40.475528717041016,-80.0822982788086
1629729320,1283020,26,0,5914,40.44051742553711,-80.07015991210938
1629729330,7797020,55,0,5927,40.35036087036133,-79.92716217041016
1629729321,1397020,8,0,5806,40.516605377197266,-80.03690338134766
1629729321,5159020,59,0,5921,40.41920852661133,-79.88874053955078
1629729330,11826020,83,0,5922,40.44227600097656,-79.99137878417969
1629729319,8044020,51,0,5923,40.428749084472656,-79.98640441894531
1629729309,816020,1,0,5803,40.60102081298828,-79.75546264648438
1629729309,4805020,2,0,5804,40.481040954589844,-79.974853515625
1629729788,11559020,51,0,5816,40.385841369628906,-79.9788818359375
1629729787,-537198442,88,1,5937,40.45698928833008,-79.91383361816406
1629729780,4069020,61C,0,5817,40.435237884521484,-79.92284393310547
1629729790,4130020,21,0,5810,40.53399658203125,-80.1867904663086
1629729766,763020,61A,0,5931,40.422203063964844,-79.88613891601562
1629729777,9126020,55,0,5815,40.30424880981445,-79.88170623779297
1629729786,10184020,13,0,5707,40.46549987792969,-80.03336334228516
1629729770,8471020,74,0,5940,40.44401931762695,-79.92560577392578
1629729792,6457020,54,0,5702,40.41048049926758,-79.9994888305664
1629729791,12039020,87,0,5944,40.46921920776367,-79.92728424072266
1629729788,4318020,75,0,5945,40.48780822753906,-79.88855743408203
1629729784,9603020,1,0,5705,40.476722717285156,-79.9692153930664
1629729766,4864020,P1,0,3416,40.44098663330078,-79.88653564453125
1629729747,9020020,P1,0,3414,40.452701568603516,-79.8985595703125
1629729784,6104020,71C,0,5715,40.45146942138672,-79.90813446044922
1629729771,9936020,P78,0,3418,40.4583854675293,-79.84639739990234
1629729750,7418020,71D,0,3421,40.43804168701172,-79.99424743652344
1629729769,2560020,71A,0,5722,40.44023132324219,-79.96046447753906
1629729771,4208020,16,0,5603,40.50394058227539,-80.07481384277344
1629729785,12250020,61B,0,3309,40.44173049926758,-80.00257873535156
1629729782,2006020,P1,0,3320,40.45193099975586,-79.97888946533203
1629729786,12482020,61B,0,3313,40.44194030761719,-79.9564437866211
1629729781,10839020,22,0,5611,40.48133850097656,-80.07994079589844
1629729781,7023020,91,0,5732,40.46574783325195,-79.96504974365234
1629729789,1581020,61D,0,5614,40.438011169433594,-79.99314880371094
1629729774,10651020,P1,0,3319,40.45463562011719,-79.97477722167969
1629729739,3937020,P1,0,3329,40.415260314941406,-79.87936401367188
1629729791,14342020,61D,0,3206,40.43796157836914,-79.96379852294922
1629729747,4284020,71B,0,3327,40.44999313354492,-79.92911529541016
1629729780,6628020,71A,0,3326,40.4770393371582,-79.9232406616211
1629729778,12455020,P3,0,3201,40.44685363769531,-79.9497299194336
1629729786,1436020,71C,0,3339,40.443172454833984,-79.95645141601562
1629729758,14699020,48,0,5634,40.421810150146484,-79.99302673339844
1629729771,6144020,54,0,6602,40.46006774902344,-79.94609069824219
1629729787,9480020,12,0,6604,40.4651985168457,-79.99944305419922
1629729786,1626020,61D,0,6620,40.440460205078125,-79.93557739257812
1629729789,14018020,38,0,6613,40.3913688659668,-80.07218170166016
1629729780,12316020,51,0,5660,40.34403610229492,-79.97156524658203
1629729780,2089020,14,0,6511,40.59157943725586,-80.2274398803711
1629729771,4554020,16,0,6510,40.44389343261719,-79.99846649169922
1629729762,5623020,G2,0,3238,40.44308090209961,-80.02533721923828
1629729787,9586020,61A,0,6623,40.43729782104492,-79.97142791748047
1629729761,6394020,Y47,0,5654,40.43135070800781,-80.00431823730469
1629729787,2695020,54,0,6501,40.42838668823242,-79.97406005859375
1629729768,3556020,51,0,6625,40.44208908081055,-79.99947357177734
1629729789,560020,8,0,6503,40.51749038696289,-80.03697204589844
1629729787,10320020,2,0,6506,40.55122756958008,-79.97148132324219
1629729775,14519020,93,0,6627,40.44013214111328,-79.96060180664062
1629729780,7598020,16,0,6505,40.484859466552734,-80.03606414794922
1629729791,1187020,27,0,6520,40.45804977416992,-80.06796264648438
1629729769,8710020,77,0,6641,40.45578384399414,-79.94249725341797
1629729784,-1858856385,71D,1,6643,40.4467658996582,-79.95030212402344
1629729780,8269020,67,0,6642,40.44711685180664,-79.89508056640625
1629729777,1977020,61D,0,3255,40.40922164916992,-79.91133880615234
1629729785,11187020,61A,0,3253,40.43721008300781,-79.9754638671875
1629729780,11121020,51,0,6634,40.428619384765625,-79.99227905273438
1629729767,10372020,41,0,6515,40.34920883178711,-80.10366821289062
1629729772,13742020,24,0,6517,40.465450286865234,-80.06107330322266
1629729792,8250020,39,0,6516,40.391231536865234,-80.00289916992188
1629729784,1205020,29,0,6519,40.445980072021484,-79.98917388916016
1629729787,14133020,86,0,6650,40.458980560302734,-79.92809295654297
1629729784,3420020,1,0,6410,40.53533935546875,-79.84257507324219
1629729776,57020,61C,0,6530,40.4445915222168,-79.94268798828125
1629729773,10842020,P68,0,6651,40.405216217041016,-79.82889556884766
1629729790,14030020,61A,0,6533,40.415069580078125,-79.87493896484375
1629729774,2736020,61C,0,6532,40.410648345947266,-79.91835021972656
1629729783,1545020,67,0,6653,40.44381332397461,-79.88697052001953
1629729774,6999020,91,0,6411,40.500728607177734,-79.86071014404297
1629729775,13020,86,0,6645,40.44461441040039,-79.99504089355469
1629729792,6138020,12,0,6402,40.574153900146484,-80.01468658447266
1629729790,10388020,77,0,6647,40.46738052368164,-79.83427429199219
1629729765,3356020,91,0,6405,40.48725891113281,-79.89542388916016
1629729779,2014020,71A,0,6646,40.440555572509766,-79.99527740478516
1629729773,8675020,28X,0,6649,40.42245864868164,-80.08015441894531
1629729757,-1203547776,91,1,6407,40.49455261230469,-79.8858413696289
1629729778,3958020,2,0,6406,40.527000427246094,-80.0086898803711
1629729768,11455020,16,0,6408,40.4597053527832,-80.0171127319336
1629729785,3005020,81,0,6529,40.43995666503906,-79.99655151367188
1629729772,8973020,P68,0,6542,40.42909240722656,-79.74979400634766
1629729775,5454020,31,0,6420,40.44306564331055,-79.99752044677734
1629729776,2838020,61D,0,6541,40.44481658935547,-79.9542465209961
1629729792,10607020,26,0,6423,40.442649841308594,-80.00440979003906
1629729772,6216020,28X,0,6544,40.44300842285156,-79.99727630615234
1629729784,3432020,54,0,6302,40.45976257324219,-79.94612884521484
1629729777,9557020,14,0,6301,40.517887115478516,-80.13082885742188
1629729789,7358020,71A,0,6543,40.437774658203125,-79.98731994628906
1629729774,931020,Y47,0,6535,40.33015441894531,-79.92350006103516
1629729783,9487020,1,0,6413,40.60063171386719,-79.75708770751953
1629729792,9556020,Y46,0,6537,40.31327819824219,-79.93863677978516
1629729780,4323020,41,0,6417,40.416053771972656,-80.01177215576172
1629729788,8235020,60,0,6538,40.35313034057617,-79.84410858154297
1629729772,864020,48,0,6419,40.41798782348633,-79.98714447021484
1629729773,11084020,71A,0,6551,40.479583740234375,-79.92198181152344
1629729768,13935020,61D,0,6432,40.41243362426758,-79.90277099609375
1629729792,14397020,74,0,6552,40.47262191772461,-79.89667510986328
1629729793,3320020,17,0,6313,40.48511505126953,-80.03617095947266
1629729779,6933020,P78,0,6555,40.4600715637207,-79.84293365478516
1629729783,6786020,71C,0,6546,40.46099853515625,-79.92356872558594
1629729737,10162020,17,0,6306,40.442264556884766,-80.00123596191406
1629729782,4613020,G2,0,6427,40.40548324584961,-80.09072875976562
1629729790,3577020,8,0,6305,40.47224044799805,-80.01032257080078
1629729781,11491020,56,0,6429,40.37054443359375,-79.91426086425781
1629729768,2249020,8,0,6308,40.491485595703125,-80.02037048339844
1629729789,4584020,13,0,6307,40.47257614135742,-80.0376205444336
1629729771,7379020,64,0,6549,40.46757888793945,-79.96087646484375
1629729772,3854020,59,0,6441,40.41387176513672,-79.85568237304688
1629729782,1792020,12,0,6201,40.51837921142578,-80.00471496582031
1629729771,8809020,61B,0,6442,40.446022033691406,-79.95169067382812
1629729769,6162020,1,0,6203,40.54011154174805,-79.82505798339844
1629729777,6762020,36,0,6324,40.435726165771484,-80.01752471923828
1629729752,9090020,12,0,6202,40.55036926269531,-80.02351379394531
1629729764,6370020,55,0,6436,40.34711456298828,-79.95039367675781
1629729778,14602020,77,0,6556,40.452842712402344,-79.7513198852539
1629729791,6697020,83,0,6438,40.45138931274414,-79.95704650878906
1629729791,12753020,91,0,6316,40.482845306396484,-79.95124053955078
1629729783,6477020,31,0,6319,40.410545349121094,-80.08187866210938
1629729779,9570020,61D,0,6439,40.42753982543945,-79.92619323730469
1629729780,1388020,28X,0,6450,40.496395111083984,-80.26730346679688
1629729786,59020,14,0,6212,40.57987976074219,-80.22150421142578
1629729793,8705020,74,0,6453,40.461280822753906,-79.91602325439453
1629729774,11670020,61D,0,6335,40.43662643432617,-79.92290496826172
1629729780,5970020,P3,0,6334,40.41518020629883,-79.87944030761719
1629729783,10768020,41,0,6326,40.373313903808594,-80.0755615234375
1629729778,2798020,6,0,6205,40.44615936279297,-79.98866271972656
1629729765,1668020,48,0,6325,40.439300537109375,-80.00133514404297
1629729789,3509020,54,0,6204,40.45379638671875,-79.99899291992188
1629729789,8507020,59,0,6446,40.39107131958008,-79.87660217285156
1629729787,6461020,54,0,6206,40.448875427246094,-79.98757934570312
1629729777,6491020,61C,0,6448,40.44194793701172,-79.99901580810547
1629729793,7868020,75,0,6461,40.442195892333984,-79.95780181884766
1629729783,13596020,39,0,6221,40.44364929199219,-79.99530792236328
1629729789,14163020,64,0,6342,40.45652770996094,-79.93650817871094
1629729791,11166020,71C,0,6463,40.44214630126953,-79.88729858398438
1629729780,13135020,56,0,6341,40.3463134765625,-79.82949829101562
1629729779,6805020,71D,0,6462,40.43855285644531,-79.98495483398438
1629729786,4096020,27,0,6223,40.45808410644531,-80.07547760009766
1629729780,12771020,20,0,6225,40.47523880004883,-80.09648132324219
1629729788,6381020,38,0,6224,40.381744384765625,-80.04356384277344
1629729784,11782020,13,0,6216,40.517303466796875,-80.03643798828125
1629729774,3113020,15,0,6215,40.45083236694336,-80.00109100341797
1629729781,12099020,36,0,6218,40.33998107910156,-80.05403900146484
1629729777,8889020,56,0,6339,40.38565444946289,-79.93196868896484
1629729790,1656020,82,0,6459,40.44879150390625,-79.95789337158203
1629729777,8849020,61C,0,6351,40.43580627441406,-79.96700286865234
1629729781,8446020,57,0,6353,40.440181732177734,-80.00343322753906
1629729776,13273020,20,0,6110,40.471900939941406,-80.09197235107422
1629729791,1117020,31,0,6231,40.3707389831543,-80.10042572021484
1629729751,7578020,53L,0,6233,40.40184783935547,-79.90663146972656
1629729791,8725020,59,0,6115,40.412784576416016,-79.87954711914062
1629729784,4751020,59,0,6357,40.40524673461914,-79.82872009277344
1629729789,13386020,55,0,6114,40.38123321533203,-79.82823181152344
1629729776,1219020,51,0,6348,40.38750076293945,-79.98404693603516
1629729787,4317020,1,0,6105,40.47751998901367,-79.96849822998047
1629729791,6888020,39,0,6229,40.44622802734375,-79.98870086669922
1629729785,13610020,61A,0,6240,40.43803024291992,-79.91583251953125
1629729791,13876020,88,0,6361,40.44322204589844,-79.99677276611328
1629729790,13016020,79,0,6364,40.4715690612793,-79.86116027832031
1629729775,6529020,51,0,6242,40.42782974243164,-79.98063659667969
1629729749,6630020,71B,0,6363,40.441749572753906,-80.00252532958984
1629729791,4648020,71B,0,6366,40.4364128112793,-79.96835327148438
1629729787,13173020,91,0,6003,40.44635009765625,-79.9900131225586
1629729768,5100020,58,0,6365,40.43581008911133,-79.97267150878906
1629729776,4127020,15,0,6005,40.473148345947266,-80.00301361083984
1629729781,7134020,51,0,6126,40.42812728881836,-79.9806137084961
1629729791,9833020,82,0,6368,40.467742919921875,-79.89704132080078
1629729792,3755020,93,0,6247,40.40864181518555,-79.94371795654297
1629729783,5749020,59,0,6125,40.352081298828125,-79.85985565185547
1629729783,11528020,59,0,6358,40.362953186035156,-79.85890197753906
1629729792,12549020,Y49,0,6237,40.365196228027344,-79.96438598632812
1629729781,11797020,61B,0,6239,40.42225646972656,-79.89061737060547
1629729779,7942020,64,0,6118,40.419639587402344,-79.9275894165039
1629729758,8635020,51,0,6130,40.343997955322266,-79.97146606445312
1629729778,5029020,61C,0,6251,40.385040283203125,-79.86306762695312
1629729781,8370020,61A,0,6253,40.44441223144531,-79.94876861572266
1629729759,10610020,53L,0,6135,40.361934661865234,-79.93033599853516
1629729785,1742020,54,0,6014,40.423919677734375,-79.9776840209961
1629729792,4360020,67,0,6258,40.432472229003906,-79.7942123413086
1629729769,2604020,75,0,6137,40.44186019897461,-79.95838928222656
1629729792,1604020,22,0,6015,40.46761703491211,-80.09883117675781
1629729774,9022020,14,0,6007,40.49412536621094,-80.06413269042969
1629729767,2293020,P3,0,6249,40.41526412963867,-79.87898254394531
1629729791,9653020,61B,0,6127,40.44090270996094,-79.93598937988281
1629729792,1390020,77,0,6369,40.46132278442383,-79.84605407714844
1629729764,6469020,Y46,0,6248,40.294097900390625,-79.9035873413086
1629729782,9394020,59,0,6129,40.34143829345703,-79.94438171386719
1629729750,13823020,8,0,6008,40.44432067871094,-80.00074768066406
1629729787,13758020,71B,0,6263,40.45998764038086,-79.92501831054688
1629729787,14059020,82,0,6265,40.441749572753906,-80.00251770019531
1629729758,4124020,G2,0,6023,40.43861770629883,-80.01170349121094
1629729793,655020,21,0,6022,40.50804138183594,-80.11280059814453
1629729791,3802020,77,0,6143,40.45698928833008,-79.93843078613281
1629729769,11413020,77,0,6146,40.45271682739258,-79.75064849853516
1629729786,933020,88,0,6267,40.46615219116211,-79.9513931274414
1629729752,10521020,82,0,6266,40.4539680480957,-79.94507598876953
1629729793,13495020,71B,0,6269,40.46636199951172,-79.92262268066406
1629729790,6064020,28X,0,6261,40.452266693115234,-80.0486831665039
1629729767,9066020,71C,0,6140,40.43994140625,-79.99445343017578
1629729792,6262020,69,0,6259,40.405792236328125,-79.8395767211914
1629729788,1424020,71D,0,6138,40.44985580444336,-79.89168548583984
1629729782,1130020,93,0,6032,40.40625,-79.93199920654297
1629729780,14671020,61D,0,6034,40.43864822387695,-79.98628997802734
1629729775,9847020,87,0,6154,40.48298645019531,-79.94792175292969
1629729765,720020,93,0,6033,40.45023727416992,-79.95100402832031
1629729790,8075020,53L,0,6036,40.41071319580078,-79.91082000732422
1629729788,9801020,82,0,6156,40.470699310302734,-79.89237976074219
1629729731,2462020,81,0,6038,40.428504943847656,-79.976318359375
1629729761,12295020,79,0,6271,40.45297622680664,-79.86589050292969
1629729764,3269020,Y46,0,6029,40.4420051574707,-79.999267578125
1629729776,7932020,67,0,6149,40.45303726196289,-79.750244140625
1629729776,5872020,81,0,6042,40.429107666015625,-79.97355651855469
1629729788,836020,71D,0,6045,40.45049285888672,-79.92754364013672
1629729784,14021020,75,0,6046,40.48745346069336,-79.9249038696289
1629729789,7158020,71A,0,6048,40.45268630981445,-79.94953918457031
1629729792,14214020,87,0,6160,40.45500564575195,-79.97681427001953
1629729792,7460020,4,0,1709,40.47053146362305,-79.98230743408203
1629729770,2654020,11,0,1704,40.4610481262207,-80.00870513916016
1629729783,6856020,71C,0,6051,40.43930435180664,-79.96184539794922
1629729750,6517020,43,0,1718,40.43209457397461,-80.00391387939453
1629729765,6528020,40,0,1716,40.44233703613281,-79.99712371826172
1629729781,9876020,44,0,1715,40.44101333618164,-79.9980697631836
1629729780,11473020,44,0,1729,40.39638137817383,-79.97271728515625
1629729793,6400020,44,0,1728,40.42155075073242,-80.00370025634766
1629729778,81020,44,0,1724,40.39460372924805,-79.97003173828125
1629729779,-2122404792,16,1,5904,40.493499755859375,-80.0513916015625
1629729772,5156020,17,0,5902,40.48509216308594,-80.03616333007812
1629729786,2627020,38,0,5918,40.4143180847168,-80.04509735107422
1629729751,13410020,24,0,5919,40.452781677246094,-80.1648178100586
1629729757,895020,24,0,5911,40.4659538269043,-80.06644439697266
1629729775,1397020,8,0,5806,40.5174560546875,-80.03663635253906
1629729791,5159020,59,0,5921,40.40945816040039,-79.89624786376953
1629729792,11826020,83,0,5922,40.44676208496094,-79.98173522949219
1629729778,8044020,51,0,5923,40.41465759277344,-79.98782348632812
1629729775,816020,1,0,5803,40.592872619628906,-79.77091217041016
1629729774,4805020,2,0,5804,40.454280853271484,-79.996337890625
1629730270,4069020,61C,0,5817,40.419639587402344,-79.92755889892578
1629730278,10830020,61A,0,5819,40.40045166015625,-79.8629150390625
1629730279,4130020,21,0,5810,40.5391960144043,-80.18168640136719
1629730253,763020,61A,0,5931,40.44221115112305,-79.88618469238281
1629730237,9126020,55,0,5815,40.30467224121094,-79.89509582519531
1629730275,10184020,13,0,5707,40.454193115234375,-80.01325988769531
1629730273,6549020,74,0,5940,40.43606185913086,-79.9190902709961
1629730274,6457020,54,0,5702,40.41872024536133,-79.98628997802734
1629730261,12039020,87,0,5944,40.462867736816406,-79.94770050048828
1629730279,4318020,75,0,5945,40.48786926269531,-79.92009735107422
1629730257,9603020,1,0,5705,40.45150375366211,-80.0010986328125
1629730250,4864020,P1,0,3416,40.41471862792969,-79.8787612915039
1629730255,9020020,P1,0,3414,40.4597282409668,-79.95536041259766
1629730261,6104020,71C,0,5715,40.44588088989258,-79.88811492919922
1629730274,9936020,P78,0,3418,40.44724655151367,-79.86972045898438
1629730254,7418020,71D,0,3421,40.43810272216797,-79.9776611328125
1629730275,2560020,71A,0,5722,40.451412200927734,-79.95172882080078
1629730275,4208020,16,0,5603,40.49306869506836,-80.05052185058594
1629730272,13780020,1,0,5605,40.443687438964844,-79.99354553222656
1629730278,5142020,61B,0,3309,40.43796157836914,-79.99176025390625
1629730266,2078020,P1,0,3320,40.44266891479492,-79.99456024169922
1629730270,12482020,61B,0,3313,40.43802261352539,-79.92205047607422
1629730261,10839020,22,0,5611,40.47523498535156,-80.05828857421875
1629730273,7023020,91,0,5732,40.48491287231445,-79.94688415527344
1629730276,1581020,61D,0,5614,40.43733596801758,-79.97868347167969
1629730273,10651020,P1,0,3319,40.45328140258789,-79.89997100830078
1629730271,1711020,P1,0,3329,40.419071197509766,-79.88617706298828
1629730268,14342020,61D,0,3206,40.440040588378906,-79.99423217773438
1629730274,4284020,71B,0,3327,40.44552993774414,-79.9532699584961
1629730249,6628020,71A,0,3326,40.457763671875,-79.93415832519531
1629730254,12455020,P3,0,3201,40.43808364868164,-79.96343994140625
1629730270,1436020,71C,0,3339,40.45261001586914,-79.94971466064453
1629730270,14699020,48,0,5634,40.42008590698242,-79.96422576904297
1629730269,6144020,54,0,6602,40.444034576416016,-79.95536041259766
1629730255,9480020,12,0,6604,40.448307037353516,-80.00053405761719
1629730278,1626020,61D,0,6620,40.42258834838867,-79.9288101196289
1629730274,14018020,38,0,6613,40.41743850708008,-80.04521179199219
1629730238,12316020,51,0,5660,40.34120559692383,-79.9450454711914
1629730249,2089020,14,0,6511,40.59157943725586,-80.2274398803711
1629730257,3085020,16,0,6510,40.4481315612793,-80.0004653930664
1629730276,5623020,G2,0,3238,40.434669494628906,-80.06755065917969
1629730269,9586020,61A,0,6623,40.43975830078125,-79.9942398071289
1629730259,6394020,Y47,0,5654,40.3880615234375,-79.99750518798828
1629730273,2695020,54,0,6501,40.4427604675293,-79.95707702636719
1629730272,10319020,51,0,6625,40.432945251464844,-80.00341033935547
1629730278,560020,8,0,6503,40.51569366455078,-80.02257537841797
1629730261,10320020,2,0,6506,40.55708312988281,-80.01826477050781
1629730278,14519020,93,0,6627,40.449344635009766,-79.95044708251953
1629730279,7598020,16,0,6505,40.45652770996094,-80.0154800415039
1629730264,1187020,27,0,6520,40.44190979003906,-80.04119873046875
1629730234,8710020,77,0,6641,40.461326599121094,-79.924560546875
1629730279,-1858856385,71D,1,6643,40.45392990112305,-79.91266632080078
1629730258,8269020,67,0,6642,40.44407653808594,-79.92737579345703
1629730252,1977020,61D,0,3255,40.40166091918945,-79.92179870605469
1629730274,11187020,61A,0,3253,40.44452667236328,-79.94483184814453
1629730252,11121020,51,0,6634,40.43867111206055,-80.00176239013672
1629730264,10372020,41,0,6515,40.36164093017578,-80.08894348144531
1629730276,13742020,24,0,6517,40.47410202026367,-80.09514617919922
1629730277,10568020,39,0,6516,40.39667892456055,-80.0234603881836
1629730276,1205020,29,0,6519,40.445980072021484,-79.98917388916016
1629730240,14133020,86,0,6650,40.457523345947266,-79.91744232177734
1629730253,3420020,1,0,6410,40.49173355102539,-79.86534881591797
1629730265,57020,61C,0,6530,40.439483642578125,-79.96170043945312
1629730254,10842020,P68,0,6651,40.40538787841797,-79.84400177001953
1629730223,14030020,61A,0,6533,40.40304946899414,-79.86820983886719
1629730272,2736020,61C,0,6532,40.428672790527344,-79.92433166503906
1629730278,1545020,67,0,6653,40.44432067871094,-79.86328887939453
1629730268,6999020,91,0,6411,40.48783874511719,-79.88872528076172
1629730257,4868020,86,0,6645,40.44178771972656,-79.99980163574219
1629730279,6138020,12,0,6402,40.586143493652344,-80.04090881347656
1629730249,11201020,28X,0,6644,40.4569206237793,-79.9136734008789
1629730273,10388020,77,0,6647,40.458133697509766,-79.87588500976562
1629730278,3356020,91,0,6405,40.493309020996094,-79.87066650390625
1629730268,9251020,12,0,6404,40.57744598388672,-80.02664184570312
1629730277,11713020,71A,0,6646,40.440792083740234,-80.00065612792969
1629730274,8675020,28X,0,6649,40.45260238647461,-80.17239379882812
1629730259,-1203547776,91,1,6407,40.49455261230469,-79.8858413696289
1629730270,3958020,2,0,6406,40.527000427246094,-80.0086898803711
1629730262,11455020,16,0,6408,40.4844856262207,-80.0406723022461
1629730260,13907020,81,0,6529,40.44276428222656,-79.99088287353516
1629730258,8973020,P68,0,6542,40.42906188964844,-79.749267578125
1629730253,5454020,31,0,6420,40.44230651855469,-80.02337646484375
1629730258,2838020,61D,0,6541,40.43844223022461,-79.9825210571289
1629730277,10607020,26,0,6423,40.443946838378906,-80.02778625488281
1629730253,6216020,28X,0,6544,40.44197082519531,-80.02237701416016
1629730273,3432020,54,0,6302,40.458309173583984,-79.96418762207031
1629730258,9557020,14,0,6301,40.541481018066406,-80.18194580078125
1629730276,7358020,71A,0,6543,40.43701934814453,-79.96572875976562
1629730276,931020,Y47,0,6535,40.343013763427734,-79.94461822509766
1629730276,9487020,1,0,6413,40.60063171386719,-79.75708770751953
1629730274,9556020,Y46,0,6537,40.33224105834961,-79.94593048095703
1629730247,4323020,41,0,6417,40.430973052978516,-80.00210571289062
1629730277,12421020,60,0,6538,40.345252990722656,-79.84212493896484
1629730263,864020,48,0,6419,40.42105484008789,-80.00540924072266
1629730233,11084020,71A,0,6551,40.479583740234375,-79.92198181152344
1629730265,13935020,61D,0,6432,40.4111442565918,-79.90586853027344
1629730279,14397020,74,0,6552,40.4649772644043,-79.89229583740234
1629730270,3320020,17,0,6313,40.463096618652344,-80.02937316894531
1629730279,6933020,P78,0,6555,40.50230026245117,-79.83785247802734
1629730261,6786020,71C,0,6546,40.455081939697266,-79.94134521484375
1629730264,10162020,17,0,6306,40.45150375366211,-80.00102996826172
1629730258,4613020,G2,0,6427,40.42163848876953,-80.08042907714844
1629730268,3577020,8,0,6305,40.45566177368164,-80.00669860839844
1629730273,11491020,56,0,6429,40.34867477416992,-79.89179229736328
1629730276,2249020,8,0,6308,40.517730712890625,-80.02336883544922
1629730269,4584020,13,0,6307,40.499691009521484,-80.05198669433594
1629730277,7379020,64,0,6549,40.45752716064453,-79.94132995605469
1629730273,3854020,59,0,6441,40.40778732299805,-79.86685180664062
1629730257,1792020,12,0,6201,40.543209075927734,-80.01097869873047
1629730278,8809020,61B,0,6442,40.43815231323242,-79.97599029541016
1629730254,6162020,1,0,6203,40.560203552246094,-79.77267456054688
1629730266,6762020,36,0,6324,40.39945602416992,-80.04461669921875
1629730278,9090020,12,0,6202,40.54595184326172,-80.00546264648438
1629730271,6370020,55,0,6436,40.324703216552734,-79.93986511230469
1629730278,14602020,77,0,6556,40.475704193115234,-79.764892578125
1629730269,6697020,83,0,6438,40.44847106933594,-79.97776794433594
1629730248,12753020,91,0,6316,40.46273422241211,-79.96714782714844
1629730270,6477020,31,0,6319,40.43626022338867,-80.05220031738281
1629730259,9570020,61D,0,6439,40.43779754638672,-79.93138885498047
1629730274,1388020,28X,0,6450,40.453514099121094,-80.17193603515625
1629730266,59020,14,0,6212,40.550174713134766,-80.19034576416016
1629730271,7899020,26,0,6332,40.44097900390625,-80.07276916503906
1629730268,11670020,61D,0,6335,40.4444694519043,-79.94802856445312
1629730267,12887020,P3,0,6334,40.41489791870117,-79.87852478027344
1629730270,10768020,41,0,6326,40.36166000366211,-80.08869934082031
1629730270,2798020,6,0,6205,40.44510269165039,-79.99920654296875
1629730274,7432020,48,0,6325,40.43719482421875,-80.0005874633789
1629730274,3509020,54,0,6204,40.45183563232422,-80.0064468383789
1629730261,8507020,59,0,6446,40.40814971923828,-79.89431762695312
1629730275,6461020,54,0,6206,40.46183776855469,-79.96430969238281
1629730269,10753020,61C,0,6448,40.44012451171875,-79.99884033203125
1629730277,7868020,75,0,6461,40.452003479003906,-79.93878173828125
1629730253,13596020,39,0,6221,40.44602584838867,-79.98922729492188
1629730266,14163020,64,0,6342,40.46549987792969,-79.9516830444336
1629730272,11166020,71C,0,6463,40.450782775878906,-79.90605163574219
1629730277,8626020,56,0,6341,40.35210418701172,-79.84293365478516
1629730278,6805020,71D,0,6462,40.442138671875,-80.00098419189453
1629730264,5889020,17,0,6102,40.500370025634766,-80.02229309082031
1629730229,4096020,27,0,6223,40.44121551513672,-80.07280731201172
1629730256,12771020,20,0,6225,40.50590133666992,-80.14009857177734
1629730249,6381020,38,0,6224,40.381744384765625,-80.04356384277344
1629730254,10911020,13,0,6216,40.51652145385742,-80.03858947753906
1629730234,3113020,15,0,6215,40.443790435791016,-79.9947509765625
1629730263,12099020,36,0,6218,40.33998107910156,-80.05403900146484
1629730252,8889020,56,0,6339,40.40778350830078,-79.94343566894531
1629730276,1656020,82,0,6459,40.4405517578125,-79.98966217041016
1629730276,8849020,61C,0,6351,40.44459533691406,-79.94271087646484
1629730278,8446020,57,0,6353,40.435829162597656,-79.97393035888672
1629730279,13273020,20,0,6110,40.46355438232422,-80.05695343017578
1629730253,7578020,53L,0,6233,40.41158676147461,-79.90797424316406
1629730273,8725020,59,0,6115,40.41636657714844,-79.8796615600586
1629730257,4751020,59,0,6357,40.38811111450195,-79.82347869873047
1629730275,13386020,55,0,6114,40.388023376464844,-79.82411193847656
1629730249,1219020,51,0,6348,40.41679382324219,-79.9867935180664
1629730279,4317020,1,0,6105,40.49469757080078,-79.92326354980469
1629730263,6888020,39,0,6229,40.43890380859375,-79.99942016601562
1629730251,13610020,61A,0,6240,40.4444694519043,-79.94803619384766
1629730260,13876020,88,0,6361,40.46071243286133,-79.9698486328125
1629730278,13016020,79,0,6364,40.45661926269531,-79.8718032836914
1629730279,6529020,51,0,6242,40.406253814697266,-79.99219512939453
1629730266,1944020,71B,0,6363,40.43784713745117,-79.9889907836914
1629730267,4648020,71B,0,6366,40.446773529052734,-79.95046997070312
1629730238,2865020,51,0,6244,40.38376998901367,-79.97737884521484
1629730253,6044020,58,0,6365,40.440425872802734,-80.00447845458984
1629730277,7134020,51,0,6126,40.431678771972656,-80.00300598144531
1629730270,5608020,6,0,6005,40.48036193847656,-80.00191497802734
1629730272,9833020,82,0,6368,40.45835876464844,-79.91661071777344
1629730223,5749020,59,0,6125,40.34690856933594,-79.87020874023438
1629730279,14409020,57,0,6117,40.41230010986328,-79.90825653076172
1629730271,11528020,59,0,6358,40.37708282470703,-79.84950256347656
1629730258,12549020,Y49,0,6237,40.34143829345703,-79.94438934326172
1629730274,11797020,61B,0,6239,40.43803024291992,-79.91555786132812
1629730247,7942020,64,0,6118,40.410945892333984,-79.91030883789062
1629730248,8635020,51,0,6130,40.371456146240234,-79.97526550292969
1629730266,8370020,61A,0,6253,40.43802261352539,-79.92198944091797
1629729759,10610020,53L,0,6135,40.361934661865234,-79.93033599853516
1629730251,1742020,54,0,6014,40.408878326416016,-79.99153137207031
1629730252,4360020,67,0,6258,40.43655014038086,-79.7828140258789
1629730273,2604020,75,0,6137,40.427371978759766,-79.96524047851562
1629730279,9022020,14,0,6007,40.45192337036133,-80.02857971191406
1629730275,2293020,P3,0,6249,40.41516876220703,-79.87942504882812
1629730269,9653020,61B,0,6127,40.4379997253418,-79.9195785522461
1629730275,1390020,77,0,6369,40.46794891357422,-79.82504272460938
1629730261,6469020,Y46,0,6248,40.292755126953125,-79.88420104980469
1629730272,9394020,59,0,6129,40.35234069824219,-79.90314483642578
1629730230,13823020,8,0,6008,40.457332611083984,-80.00723266601562
1629730267,6667020,29,0,6021,40.439781188964844,-80.21028900146484
1629730270,13758020,71B,0,6263,40.47966766357422,-79.91973876953125
1629730269,643020,82,0,6265,40.442508697509766,-79.98249816894531
1629730272,5435020,G2,0,6023,40.4438591003418,-79.99408721923828
1629730270,655020,21,0,6022,40.474456787109375,-80.06419372558594
1629730232,3802020,77,0,6143,40.45240783691406,-79.9746322631836
1629730274,11413020,77,0,6146,40.45317840576172,-79.7502212524414
1629730255,933020,88,0,6267,40.459163665771484,-79.97228240966797
1629730272,10521020,82,0,6266,40.461463928222656,-79.92495727539062
1629730278,13495020,71B,0,6269,40.45050048828125,-79.92752838134766
1629730267,6064020,28X,0,6261,40.4423828125,-80.00001525878906
1629730269,9066020,71C,0,6140,40.437503814697266,-79.98151397705078
1629730273,6262020,69,0,6259,40.43973159790039,-79.8785171508789
1629730275,1424020,71D,0,6138,40.45344924926758,-79.89234161376953
1629730258,1130020,93,0,6032,40.422698974609375,-79.92878723144531
1629730273,14671020,61D,0,6034,40.441810607910156,-80.00228118896484
1629730262,8879020,87,0,6154,40.48303985595703,-79.94795227050781
1629730271,720020,93,0,6033,40.439666748046875,-79.96134948730469
1629730275,8075020,53L,0,6036,40.40771484375,-79.90946197509766
1629730257,2462020,81,0,6038,40.44198226928711,-79.95639038085938
1629730273,12295020,79,0,6271,40.47456359863281,-79.87116241455078
1629730278,8051020,Y46,0,6029,40.42479705810547,-80.00568389892578
1629730250,10177020,67,0,6149,40.44556427001953,-79.746337890625
1629730279,836020,71D,0,6045,40.44561767578125,-79.95314025878906
1629730255,14021020,75,0,6046,40.48875045776367,-79.89185333251953
1629730264,7158020,71A,0,6048,40.44312286376953,-79.95660400390625
1629730265,14214020,87,0,6160,40.46236038208008,-79.94559478759766
1629730274,7460020,4,0,1709,40.4666633605957,-79.98055267333984
1629730274,2654020,11,0,1704,40.44496154785156,-79.99893951416016
1629730270,6856020,71C,0,6051,40.43886184692383,-79.9919662475586
1629730251,6517020,43,0,1718,40.44208908081055,-79.99947357177734
1629730255,6528020,40,0,1716,40.42618179321289,-80.00538635253906
1629730263,9876020,44,0,1715,40.422630310058594,-80.00614166259766
1629730277,11473020,44,0,1729,40.38557052612305,-79.96131896972656
1629730247,6400020,44,0,1728,40.437103271484375,-80.00186920166016
1629730264,81020,44,0,1724,40.39947509765625,-79.98902893066406
1629730262,-2122404792,16,1,5904,40.50385665893555,-80.07482147216797
1629730268,5156020,17,0,5902,40.499534606933594,-80.03032684326172
1629730266,2627020,38,0,5918,40.38508987426758,-80.07288360595703
1629730266,895020,24,0,5911,40.45669174194336,-80.04353332519531
1629730267,1397020,8,0,5806,40.517452239990234,-80.0366439819336
1629730249,5159020,59,0,5921,40.40890121459961,-79.91715240478516
1629730269,11826020,83,0,5922,40.45492172241211,-79.96196746826172
1629730238,8044020,51,0,5923,40.384891510009766,-79.97815704345703
1629730278,816020,1,0,5803,40.56414031982422,-79.76609802246094
1629730276,8036020,2,0,5804,40.44502258300781,-79.99944305419922
1629730737,8849020,61C,0,6351,40.434017181396484,-79.92292785644531
1629730735,8446020,57,0,6353,40.41012954711914,-79.94415283203125
1629730741,13273020,20,0,6110,40.44002151489258,-80.00474548339844
1629730733,7578020,53L,0,6233,40.42304611206055,-79.9275894165039
1629730728,8725020,59,0,6115,40.401397705078125,-79.86542510986328
1629730712,4751020,59,0,6357,40.38811111450195,-79.82347869873047
1629730727,13386020,55,0,6114,40.38838195800781,-79.8238754272461
1629730733,4069020,61C,0,5817,40.409000396728516,-79.9031753540039
1629730740,10830020,61A,0,5819,40.41327667236328,-79.87107849121094
1629730733,1219020,51,0,6348,40.4287109375,-79.98750305175781
1629730719,4317020,1,0,6105,40.48824691772461,-79.89002227783203
1629730713,4130020,21,0,5810,40.537479400634766,-80.1852798461914
1629730738,6888020,39,0,6229,40.408546447753906,-80.01493835449219
1629730719,763020,61A,0,5931,40.438148498535156,-79.90499877929688
1629730733,9126020,55,0,5815,40.32204055786133,-79.93130493164062
1629730717,13610020,61A,0,6240,40.44168472290039,-79.9586181640625
1629730720,13876020,88,0,6361,40.46532440185547,-79.94538879394531
1629730738,13016020,79,0,6364,40.44337463378906,-79.88096618652344
1629730731,6529020,51,0,6242,40.385921478271484,-79.97899627685547
1629730739,1944020,71B,0,6363,40.438232421875,-79.96319580078125
1629730739,4648020,71B,0,6366,40.456642150878906,-79.92522430419922
1629730729,2865020,51,0,6244,40.40868377685547,-79.99112701416016
1629730728,6044020,58,0,6365,40.435829162597656,-79.97380065917969
1629730732,7134020,51,0,6126,40.4394416809082,-80.00123596191406
1629730739,5608020,6,0,6005,40.46680450439453,-79.99414825439453
1629730733,9833020,82,0,6368,40.46025848388672,-79.92800903320312
1629730740,5749020,59,0,6125,40.3540153503418,-79.89692687988281
1629730731,12124020,71B,0,6367,40.47653579711914,-79.92047882080078
1629730708,10184020,13,0,5707,40.451255798339844,-80.00102233886719
1629730711,14409020,57,0,6117,40.41535186767578,-79.92477416992188
1629730731,13473020,61B,0,6238,40.40711975097656,-79.87515258789062
1629730740,6549020,74,0,5940,40.437591552734375,-79.9192886352539
1629730735,11528020,59,0,6358,40.38331985473633,-79.86851501464844
1629730730,11797020,61B,0,6239,40.44459533691406,-79.94271087646484
1629730709,6457020,54,0,5702,40.428428649902344,-79.9746322631836
1629730735,12039020,87,0,5944,40.45547866821289,-79.97614288330078
1629730730,4318020,75,0,5945,40.471248626708984,-79.92550659179688
1629730742,9603020,1,0,5705,40.44573211669922,-79.98959350585938
1629730739,8635020,51,0,6130,40.387149810791016,-79.98345947265625
1629730716,8370020,61A,0,6253,40.43950271606445,-79.89488220214844
1629730711,1742020,54,0,6014,40.408878326416016,-79.99153137207031
1629730725,4360020,67,0,6258,40.438289642333984,-79.76016235351562
1629730725,2604020,75,0,6137,40.42424392700195,-79.96236419677734
1629730718,5067020,P1,0,3416,40.414756774902344,-79.87882995605469
1629730739,429020,P1,0,3414,40.441226959228516,-79.99713897705078
1629730712,2293020,P3,0,6249,40.41516876220703,-79.87942504882812
1629730718,9653020,61B,0,6127,40.428611755371094,-79.8917465209961
1629730719,1390020,77,0,6369,40.482818603515625,-79.80447387695312
1629730735,9394020,59,0,6129,40.35208511352539,-79.8584213256836
1629730740,13823020,8,0,6008,40.47975540161133,-80.01178741455078
1629730722,6104020,71C,0,5715,40.44588088989258,-79.88811492919922
1629730740,9936020,P78,0,3418,40.45777130126953,-79.91223907470703
1629730735,6667020,29,0,6021,40.448516845703125,-80.18174743652344
1629730721,13758020,71B,0,6263,40.47941970825195,-79.92152404785156
1629730727,643020,82,0,6265,40.44887161254883,-79.96484375
1629730742,5435020,G2,0,6023,40.44147491455078,-80.00421905517578
1629730740,655020,21,0,6022,40.464256286621094,-80.0537109375
1629730735,11413020,77,0,6146,40.45317840576172,-79.7502212524414
1629730712,933020,88,0,6267,40.4445915222168,-79.99513244628906
1629730730,10521020,82,0,6266,40.460479736328125,-79.91397094726562
1629730734,13495020,71B,0,6269,40.44686508178711,-79.94959259033203
1629730740,6064020,28X,0,6261,40.4381217956543,-79.96173095703125
1629730736,9066020,71C,0,6140,40.44274139404297,-79.95710754394531
1629730726,7418020,71D,0,3421,40.44261932373047,-79.9572982788086
1629730736,1424020,71D,0,6138,40.454524993896484,-79.91181182861328
1629730731,2560020,71A,0,5722,40.45703887939453,-79.93468475341797
1629730732,4208020,16,0,5603,40.48180389404297,-80.03421020507812
1629730715,13780020,1,0,5605,40.450889587402344,-80.0009536743164
1629730728,5142020,61B,0,3309,40.43693542480469,-79.96334838867188
1629730733,11092020,71C,0,6153,40.442596435546875,-79.88668823242188
1629730733,1130020,93,0,6032,40.43458938598633,-79.94862365722656
1629730740,4533020,71,0,6152,40.442596435546875,-79.88668823242188
1629730722,8879020,87,0,6154,40.48290252685547,-79.94801330566406
1629730738,720020,93,0,6033,40.43374252319336,-79.93051147460938
1629730740,8075020,53L,0,6036,40.387264251708984,-79.90231323242188
1629730721,2462020,81,0,6038,40.44129180908203,-79.9635238647461
1629730733,2078020,P1,0,3320,40.45552062988281,-79.94464874267578
1629730740,12295020,79,0,6271,40.468814849853516,-79.88670349121094
1629730731,12482020,61B,0,3313,40.43368911743164,-79.89471435546875
1629730742,8051020,Y46,0,6029,40.385154724121094,-79.99591064453125
1629730717,10839020,22,0,5611,40.45100402832031,-80.03711700439453
1629730710,10177020,67,0,6149,40.436710357666016,-79.75883483886719
1629730741,7023020,91,0,5732,40.49422836303711,-79.91898345947266
1629730740,1581020,61D,0,5614,40.43733215332031,-79.97850036621094
1629730709,10651020,P1,0,3319,40.41484451293945,-79.87883758544922
1629730740,836020,71D,0,6045,40.4378547668457,-79.97321319580078
1629730690,14021020,75,0,6046,40.490116119384766,-79.8699722290039
1629730736,7158020,71A,0,6048,40.438377380371094,-79.98096466064453
1629730733,14214020,87,0,6160,40.47306823730469,-79.93025207519531
1629730741,1711020,P1,0,3329,40.460052490234375,-79.9193344116211
1629730726,10561020,61D,0,3206,40.4398193359375,-79.99793243408203
1629730738,4284020,71B,0,3327,40.43798065185547,-79.97412872314453
1629730703,6628020,71A,0,3326,40.450233459472656,-79.95100402832031
1629730677,5308020,P3,0,3201,40.4427604675293,-79.95707702636719
1629730728,7460020,4,0,1709,40.453887939453125,-79.99848937988281
1629730741,5247020,11,0,1704,40.44615936279297,-79.98866271972656
1629730738,6856020,71C,0,6051,40.44099807739258,-80.00106811523438
1629730731,1436020,71C,0,3339,40.46205139160156,-79.93155670166016
1629730741,10537020,43,0,1718,40.42179870605469,-79.99343872070312
1629730738,14699020,48,0,5634,40.42856979370117,-79.9776382446289
1629730713,6144020,54,0,6602,40.429908752441406,-79.97354888916016
1629730731,6528020,40,0,1716,40.42887496948242,-80.00727844238281
1629730736,8866020,12,0,6604,40.44511413574219,-79.99920654296875
1629730732,9876020,44,0,1715,40.41669464111328,-79.99854278564453
1629730737,1626020,61D,0,6620,40.41103744506836,-79.91340637207031
1629730742,7353020,61C,0,6619,40.40863037109375,-79.90784454345703
1629730736,14709020,44,0,1729,40.385379791259766,-79.96016693115234
1629730712,14018020,38,0,6613,40.43934631347656,-80.01048278808594
1629730728,6400020,44,0,1728,40.44451141357422,-79.99120330810547
1629730712,81020,44,0,1724,40.409523010253906,-79.97395324707031
1629730732,12316020,51,0,5660,40.36127853393555,-79.92996978759766
1629730717,2089020,14,0,6511,40.59157943725586,-80.2274398803711
1629730723,3085020,16,0,6510,40.45405578613281,-80.0143814086914
1629730709,9586020,61A,0,6623,40.441471099853516,-80.00232696533203
1629730742,6394020,Y47,0,5654,40.34489059448242,-79.98552703857422
1629730738,2695020,54,0,6501,40.4496955871582,-79.95062255859375
1629730729,10319020,51,0,6625,40.42428970336914,-79.97787475585938
1629730737,560020,8,0,6503,40.49290466308594,-80.02191162109375
1629730717,10320020,2,0,6506,40.54397964477539,-80.01054382324219
1629730726,14519020,93,0,6627,40.465293884277344,-79.95789337158203
1629730654,7598020,16,0,6505,40.45453643798828,-80.00211334228516
1629730720,8886020,27,0,6520,40.44272232055664,-80.00435638427734
1629730728,8710020,77,0,6641,40.4603157043457,-79.9134750366211
1629730737,-1858856385,71D,1,6643,40.4447135925293,-79.8841552734375
1629730739,8269020,67,0,6642,40.4448127746582,-79.95425415039062
1629730657,1977020,61D,0,3255,40.408714294433594,-79.91731262207031
1629730674,11187020,61A,0,3253,40.43802261352539,-79.92205047607422
1629730735,3443020,51,0,6634,40.43721008300781,-80.00057220458984
1629730731,10372020,41,0,6515,40.37234878540039,-80.08342742919922
1629730723,10568020,39,0,6516,40.42243194580078,-80.00617980957031
1629730741,14514020,29,0,6519,40.441505432128906,-80.00443267822266
1629730715,14133020,86,0,6650,40.45561218261719,-79.88847351074219
1629730722,3420020,1,0,6410,40.48893737792969,-79.89250946044922
1629730726,57020,61C,0,6530,40.43901824951172,-79.99452209472656
1629730734,10842020,P68,0,6651,40.413551330566406,-79.85259246826172
1629730724,2736020,61C,0,6532,40.43788528442383,-79.93009185791016
1629730720,1545020,67,0,6653,40.430274963378906,-79.81684112548828
1629730731,6999020,91,0,6411,40.49469757080078,-79.92475891113281
1629730740,4868020,86,0,6645,40.460941314697266,-79.96817016601562
1629730730,11201020,28X,0,6644,40.44932174682617,-79.93125915527344
1629730741,10388020,77,0,6647,40.458900451660156,-79.90911102294922
1629730731,3356020,91,0,6405,40.500526428222656,-79.86077117919922
1629730734,9251020,12,0,6404,40.571048736572266,-80.01627349853516
1629730721,11713020,71A,0,6646,40.437931060791016,-79.99102020263672
1629730673,8675020,28X,0,6649,40.4525146484375,-80.17560577392578
1629730714,-1546458912,91,1,6407,40.49454116821289,-79.88587188720703
1629730715,296020,2,0,6406,40.5275993347168,-80.00627899169922
1629730730,11455020,16,0,6408,40.50088119506836,-80.06703186035156
1629730739,13907020,81,0,6529,40.44430160522461,-79.97592163085938
1629730718,8973020,P68,0,6542,40.42906188964844,-79.749267578125
1629730736,5454020,31,0,6420,40.43661880493164,-80.03910827636719
1629730728,2838020,61D,0,6541,40.4418830871582,-80.0019760131836
1629730724,10607020,26,0,6423,40.455474853515625,-80.0611572265625
1629730717,6216020,28X,0,6544,40.45270538330078,-80.05290222167969
1629730736,3432020,54,0,6302,40.453426361083984,-79.99297332763672
1629730713,9557020,14,0,6301,40.57179260253906,-80.21673583984375
1629730688,7358020,71A,0,6543,40.443172454833984,-79.95645141601562
1629730723,931020,Y47,0,6535,40.34782409667969,-79.95160675048828
1629730741,2906020,1,0,6413,40.60063171386719,-79.75708770751953
1629730738,9556020,Y46,0,6537,40.341697692871094,-79.96580505371094
1629730713,4323020,41,0,6417,40.44208908081055,-79.99947357177734
1629730720,12421020,60,0,6538,40.351558685302734,-79.86510467529297
1629730724,864020,48,0,6419,40.42105484008789,-80.00540924072266
1629730733,11084020,71A,0,6551,40.479583740234375,-79.92198181152344
1629730695,13935020,61D,0,6432,40.4111442565918,-79.90586853027344
1629730719,6440020,54,0,6310,40.45531463623047,-80.00696563720703
1629730725,14397020,74,0,6552,40.45431137084961,-79.89772033691406
1629730738,3320020,17,0,6313,40.456058502197266,-80.01532745361328
1629730722,6933020,P78,0,6555,40.52603530883789,-79.84274291992188
1629730727,6786020,71C,0,6546,40.44583511352539,-79.95282745361328
1629730687,10162020,17,0,6306,40.45416259765625,-80.01466369628906
1629730690,4613020,G2,0,6427,40.451927185058594,-80.04644012451172
1629730736,2460020,79,0,6547,40.44266891479492,-79.87696075439453
1629730732,3577020,8,0,6305,40.445980072021484,-79.9994125366211
1629730738,11491020,56,0,6429,40.352088928222656,-79.84290313720703
1629730701,2249020,8,0,6308,40.51757049560547,-80.03691864013672
1629730732,4584020,13,0,6307,40.51784896850586,-80.0312728881836
1629730740,7379020,64,0,6549,40.45191955566406,-79.92401885986328
1629730741,3854020,59,0,6441,40.42019271850586,-79.888671875
1629730731,1792020,12,0,6201,40.547760009765625,-80.01996612548828
1629730734,8809020,61B,0,6442,40.442115783691406,-79.99943542480469
1629730732,6162020,1,0,6203,40.575008392333984,-79.77783203125
1629730732,6762020,36,0,6324,40.385746002197266,-80.05390167236328
1629730734,9090020,12,0,6202,40.5219612121582,-80.00537872314453
1629730724,-2122404792,16,1,5904,40.50385665893555,-80.07482147216797
1629730733,6370020,55,0,6436,40.32905197143555,-79.93186950683594
1629730717,14602020,77,0,6556,40.485084533691406,-79.79945373535156
1629730732,6697020,83,0,6438,40.44023513793945,-79.99344635009766
1629730724,12753020,91,0,6316,40.445213317871094,-79.99183654785156
1629730713,6477020,31,0,6319,40.43834686279297,-80.01233673095703
1629730741,9570020,61D,0,6439,40.44482421875,-79.95423126220703
1629730738,239020,91,0,5901,40.452003479003906,-79.981201171875
1629730718,5156020,17,0,5902,40.50065231323242,-80.02241516113281
1629730726,1388020,28X,0,6450,40.42414093017578,-80.11140441894531
1629730736,59020,14,0,6212,40.52600860595703,-80.15782165527344
1629730740,7899020,26,0,6332,40.4530029296875,-80.06550598144531
1629730737,11670020,61D,0,6335,40.44094467163086,-79.9596176147461
1629730720,12887020,P3,0,6334,40.45806884765625,-79.91322326660156
1629730713,11218020,31,0,5917,40.36003112792969,-80.11156463623047
1629730726,2627020,38,0,5918,40.3874397277832,-80.09065246582031
1629730725,2798020,6,0,6205,40.45711135864258,-79.99522399902344
1629730742,7432020,48,0,6325,40.428749084472656,-79.98052978515625
1629730741,3509020,54,0,6204,40.45197677612305,-80.00641632080078
1629730720,8507020,59,0,6446,40.41151809692383,-79.90813446044922
1629730739,6461020,54,0,6206,40.45914077758789,-79.94671630859375
1629730730,10753020,61C,0,6448,40.43769454956055,-79.98566436767578
1629730738,895020,24,0,5911,40.4405517578125,-80.00438690185547
1629730737,7868020,75,0,6461,40.45882797241211,-79.9163589477539
1629730714,13596020,39,0,6221,40.44602584838867,-79.98922729492188
1629730715,14163020,64,0,6342,40.466712951660156,-79.96266174316406
1629730740,11166020,71C,0,6463,40.4615364074707,-79.9251480102539
1629730699,8626020,56,0,6341,40.350486755371094,-79.86487579345703
1629730708,120020,71D,0,6462,40.440147399902344,-79.99440002441406
1629730725,5889020,17,0,6102,40.500370025634766,-80.02229309082031
1629730730,4096020,27,0,6223,40.441226959228516,-80.06867980957031
1629730741,12771020,20,0,6225,40.481781005859375,-80.10929107666016
1629730717,11835020,51,0,6346,40.3613395690918,-79.92911529541016
1629730740,6381020,38,0,6224,40.381744384765625,-80.04356384277344
1629730715,1397020,8,0,5806,40.5174560546875,-80.03663635253906
1629730741,10911020,13,0,6216,40.50814437866211,-80.04853057861328
1629730723,12099020,36,0,6218,40.33998107910156,-80.05403900146484
1629730734,8889020,56,0,6339,40.43400192260742,-79.96519470214844
1629730715,5159020,59,0,5921,40.40626907348633,-79.89388275146484
1629730725,1656020,82,0,6459,40.44026565551758,-79.99913024902344
1629730716,11826020,83,0,5922,40.445884704589844,-79.96025085449219
1629730731,816020,1,0,5803,40.54111862182617,-79.78141021728516
1629730728,8036020,2,0,5804,40.46349334716797,-79.98067474365234
1629731324,8849020,61C,0,6351,40.4060173034668,-79.91221618652344
1629731327,8446020,57,0,6353,40.41438674926758,-79.92357635498047
1629731320,11656020,20,0,6110,40.4438362121582,-80.0273208618164
1629731296,13682020,Y46,0,6113,40.28926467895508,-79.87610626220703
1629731318,7578020,53L,0,6233,40.43846130371094,-80.001953125
1629731309,1612020,55,0,6357,40.38806915283203,-79.83122253417969
1629731302,8725020,59,0,6115,40.4154052734375,-79.84798431396484
1629731311,13386020,55,0,6114,40.38838195800781,-79.8238754272461
1629731283,-162864247,88,1,5937,40.460426330566406,-79.9219970703125
1629731324,10830020,61A,0,5819,40.430908203125,-79.88439178466797
1629731323,8225020,51,0,6348,40.441593170166016,-79.99826049804688
1629731325,4317020,1,0,6105,40.52707290649414,-79.85072326660156
1629731254,4130020,21,0,5810,40.53746795654297,-80.1852798461914
1629731312,6888020,39,0,6229,40.38856506347656,-80.00718688964844
1629731317,763020,61A,0,5931,40.44464111328125,-79.94379425048828
1629731314,9126020,55,0,5815,40.3213005065918,-79.942138671875
1629731308,13610020,61A,0,6240,40.44104766845703,-79.99665069580078
1629731322,13876020,88,0,6361,40.45787048339844,-79.91804504394531
1629731324,6529020,51,0,6242,40.35222625732422,-79.97764587402344
1629731307,1944020,71B,0,6363,40.447296142578125,-79.94419860839844
1629731318,4648020,71B,0,6366,40.47923278808594,-79.92098999023438
1629731307,2865020,51,0,6244,40.428810119628906,-79.98143005371094
1629731324,6044020,58,0,6365,40.41985321044922,-79.92920684814453
1629731309,8743020,51,0,6126,40.43321228027344,-80.00322723388672
1629731297,5608020,6,0,6005,40.44981384277344,-80.00105285644531
1629731320,9833020,82,0,6368,40.452816009521484,-79.94902801513672
1629731318,8698020,59,0,6246,40.40512466430664,-79.82665252685547
1629731326,5749020,59,0,6125,40.343318939208984,-79.94145202636719
1629731320,12124020,71B,0,6367,40.45332717895508,-79.92487335205078
1629731319,11164020,13,0,5707,40.45086669921875,-80.00098419189453
1629731313,14409020,57,0,6117,40.410667419433594,-79.94437408447266
1629731300,13473020,61B,0,6238,40.42573928833008,-79.8917007446289
1629731321,6549020,74,0,5940,40.44649124145508,-79.91371154785156
1629731324,11528020,59,0,6358,40.38998031616211,-79.87576293945312
1629731311,11797020,61B,0,6239,40.43826675415039,-79.96321868896484
1629731321,6457020,54,0,5702,40.4431037902832,-79.95653533935547
1629731305,1098020,87,0,5944,40.4409065246582,-80.00047302246094
1629731308,4318020,75,0,5945,40.459739685058594,-79.92057800292969
1629731321,8635020,51,0,6130,40.418052673339844,-79.986328125
1629731319,8370020,61A,0,6253,40.42451477050781,-79.88600158691406
1629731310,1742020,54,0,6014,40.408878326416016,-79.99153137207031
1629731312,4360020,67,0,6258,40.45303726196289,-79.750244140625
1629731325,2180020,75,0,6137,40.428245544433594,-79.97101593017578
1629731304,5067020,P1,0,3416,40.453125,-79.89947509765625
1629731301,429020,P1,0,3414,40.45349884033203,-79.93848419189453
1629731312,2293020,P3,0,6249,40.41516876220703,-79.87942504882812
1629731305,9653020,61B,0,6127,40.40605926513672,-79.87335968017578
1629731320,1390020,77,0,6369,40.47013854980469,-79.75485229492188
1629731303,9394020,59,0,6129,40.37141418457031,-79.84841918945312
1629731306,13823020,8,0,6008,40.513397216796875,-80.02559661865234
1629731306,6104020,71C,0,5715,40.44588088989258,-79.88811492919922
1629731294,9936020,P78,0,3418,40.44444274902344,-79.9913330078125
1629731321,6667020,29,0,6021,40.448280334472656,-80.16261291503906
1629731317,5862020,71B,0,6263,40.47959899902344,-79.92208099365234
1629731301,643020,82,0,6265,40.459041595458984,-79.92791748046875
1629731302,5435020,G2,0,6023,40.451202392578125,-80.05961608886719
1629731300,655020,21,0,6022,40.44232177734375,-80.00411224365234
1629731326,8141020,74,0,6264,40.46145248413086,-79.925048828125
1629731320,11413020,77,0,6146,40.45317840576172,-79.7502212524414
1629731326,300020,88,0,6267,40.44312286376953,-79.99690246582031
1629731312,1339020,82,0,6266,40.473148345947266,-79.88822174072266
1629731322,13495020,71B,0,6269,40.43831253051758,-79.97953796386719
1629731308,6064020,28X,0,6261,40.4473876953125,-79.94245910644531
1629731321,9066020,71C,0,6140,40.45315933227539,-79.94783020019531
1629731309,7418020,71D,0,3421,40.44965362548828,-79.93022918701172
1629731319,1424020,71D,0,6138,40.44705581665039,-79.94881439208984
1629731308,2560020,71A,0,5722,40.47582244873047,-79.91986846923828
1629731318,4208020,16,0,5603,40.45500946044922,-80.00879669189453
1629731272,13780020,1,0,5605,40.468719482421875,-79.9765625
1629731305,5142020,61B,0,3309,40.4444465637207,-79.94851684570312
1629731327,11092020,71C,0,6153,40.45793914794922,-79.91809844970703
1629731276,1130020,93,0,6032,40.439125061035156,-79.96199035644531
1629731310,4533020,71,0,6152,40.426719665527344,-79.88665008544922
1629731313,8879020,87,0,6154,40.4811897277832,-79.94156646728516
1629731320,720020,93,0,6033,40.41134262084961,-79.94452667236328
1629731318,8075020,53L,0,6036,40.35061264038086,-79.92515563964844
1629731312,2462020,81,0,6038,40.44493103027344,-79.9775161743164
1629731308,2078020,P1,0,3320,40.431297302246094,-79.88459014892578
1629731315,1803020,P78,0,6272,40.44026565551758,-79.99913787841797
1629731326,7412020,82,0,6271,40.460357666015625,-79.91578674316406
1629731316,12482020,61B,0,3313,40.40557861328125,-79.87252044677734
1629731301,8051020,Y46,0,6029,40.347984313964844,-79.97439575195312
1629731300,12426020,22,0,5611,40.44290542602539,-80.00872802734375
1629731321,10177020,67,0,6149,40.43100357055664,-79.79486083984375
1629731324,7023020,91,0,5732,40.48856735229492,-79.88307189941406
1629731323,1581020,61D,0,5614,40.43732833862305,-79.978271484375
1629731299,10551020,P1,0,3319,40.414756774902344,-79.87882995605469
1629731304,7274020,Y49,0,6043,40.33015441894531,-79.92350006103516
1629731300,836020,71D,0,6045,40.442108154296875,-79.99942016601562
1629731310,12997020,75,0,6046,40.49013900756836,-79.86995697021484
1629731315,7158020,71A,0,6048,40.442264556884766,-80.0005111694336
1629731312,14214020,87,0,6160,40.48385238647461,-79.94932556152344
1629731320,1711020,P1,0,3329,40.4437370300293,-79.99363708496094
1629731298,10561020,61D,0,3206,40.43783187866211,-79.98867797851562
1629731308,4284020,71B,0,3327,40.442264556884766,-80.0005111694336
1629731324,6628020,71A,0,3326,40.437217712402344,-79.9711685180664
1629731309,5308020,P3,0,3201,40.45435333251953,-79.94271850585938
1629731272,198020,4,0,1709,40.444087982177734,-80.00064086914062
1629731325,14286020,11,0,1704,40.44615936279297,-79.98866271972656
1629731326,992020,71C,0,6051,40.43794631958008,-79.99142456054688
1629731302,1436020,71C,0,3339,40.45368576049805,-79.91190338134766
1629731326,10537020,43,0,1718,40.42143630981445,-80.0051498413086
1629731304,14699020,48,0,5634,40.436805725097656,-80.00115203857422
1629731319,8949020,24,0,5635,40.467777252197266,-80.09709930419922
1629731306,6144020,54,0,6602,40.41783142089844,-79.98638153076172
1629731316,6210020,40,0,1716,40.44039535522461,-80.02322387695312
1629731314,8866020,12,0,6604,40.48197937011719,-80.005859375
1629731296,9876020,44,0,1715,40.4119987487793,-79.97714233398438
1629731305,1626020,61D,0,6620,40.410858154296875,-79.9068832397461
1629731319,7353020,61C,0,6619,40.42782974243164,-79.9257583618164
1629731306,14709020,44,0,1729,40.39693832397461,-79.97750854492188
1629731319,7641020,G2,0,6614,40.407440185546875,-80.08973693847656
1629731313,3247020,38,0,6613,40.4429931640625,-80.02515411376953
1629731324,81020,44,0,1724,40.419979095458984,-79.99888610839844
1629731315,6013020,14,0,6511,40.59235382080078,-80.2278823852539
1629731304,3085020,16,0,6510,40.48262023925781,-80.03526306152344
1629731277,4325020,61A,0,6623,40.437950134277344,-79.9912338256836
1629731326,6394020,Y47,0,5654,40.34780502319336,-79.95095825195312
1629731313,2695020,54,0,6501,40.46428298950195,-79.95333862304688
1629731325,10319020,51,0,6625,40.40383529663086,-79.99017333984375
1629731318,560020,8,0,6503,40.46296691894531,-80.01373291015625
1629731315,14519020,93,0,6627,40.483192443847656,-79.94764709472656
1629731271,11128020,16,0,6505,40.4436149597168,-80.00391387939453
1629731318,13050020,93,0,6626,40.4078254699707,-79.92640686035156
1629731318,8886020,27,0,6520,40.44233322143555,-80.03357696533203
1629731320,8710020,77,0,6641,40.46085739135742,-79.86738586425781
1629731298,8269020,67,0,6642,40.438514709472656,-79.98431396484375
1629731322,1977020,61D,0,3255,40.42998123168945,-79.9234619140625
1629731326,11187020,61A,0,3253,40.441104888916016,-79.87985229492188
1629731318,3443020,51,0,6634,40.421627044677734,-79.97943115234375
1629731326,10372020,41,0,6515,40.389434814453125,-80.04173278808594
1629731299,10568020,39,0,6516,40.44160079956055,-80.00248718261719
1629731325,1178020,67,0,6637,40.44474411010742,-79.88505554199219
1629731326,14514020,29,0,6519,40.44295120239258,-80.04424285888672
1629731236,14133020,86,0,6650,40.44999313354492,-79.89175415039062
1629731326,3420020,1,0,6410,40.49457931518555,-79.93296813964844
1629731318,1456020,71D,0,6652,40.45511245727539,-79.89969635009766
1629731304,34020,61C,0,6530,40.4405632019043,-79.99537658691406
1629731313,10842020,P68,0,6651,40.43560028076172,-79.87154388427734
1629731322,5089020,54,0,6412,40.42045211791992,-79.99736022949219
1629731311,2736020,61C,0,6532,40.444522857666016,-79.95466613769531
1629731318,1545020,67,0,6653,40.4283561706543,-79.79653930664062
1629731322,6999020,91,0,6411,40.47703170776367,-79.95696258544922
1629731308,4868020,86,0,6645,40.45640563964844,-79.93920135498047
1629731319,11201020,28X,0,6644,40.43798065185547,-79.963623046875
1629731288,10388020,77,0,6647,40.46228790283203,-79.92724609375
1629731302,3356020,91,0,6405,40.500526428222656,-79.86077117919922
1629731316,9251020,12,0,6404,40.553653717041016,-80.01632690429688
1629731302,11713020,71A,0,6646,40.440330505371094,-79.9603271484375
1629731323,2066020,28X,0,6649,40.49705123901367,-80.25894927978516
1629731317,-1546458912,91,1,6407,40.48881530761719,-79.8920669555664
1629731314,296020,2,0,6406,40.5457649230957,-80.02017211914062
1629731304,11612020,64,0,6527,40.411136627197266,-79.90630340576172
1629731311,6239020,16,0,6408,40.50372314453125,-80.07445526123047
1629731311,13907020,81,0,6529,40.44147872924805,-79.96333312988281
1629731315,8130020,P68,0,6542,40.42911911010742,-79.7490463256836
1629731319,5454020,31,0,6420,40.40855407714844,-80.0836410522461
1629731322,10607020,26,0,6423,40.44171142578125,-80.07010650634766
1629731312,6216020,28X,0,6544,40.43659210205078,-80.1481704711914
1629731306,9557020,14,0,6301,40.59153366088867,-80.22756958007812
1629731319,7358020,71A,0,6543,40.45412063598633,-79.94457244873047
1629731320,931020,Y47,0,6535,40.35525894165039,-79.9906005859375
1629731265,2906020,1,0,6413,40.60246276855469,-79.7558364868164
1629731323,9556020,Y46,0,6537,40.38222885131836,-79.9952621459961
1629731308,12363020,41,0,6417,40.413028717041016,-80.01087951660156
1629731298,12421020,60,0,6538,40.35135269165039,-79.86042022705078
1629731324,14438020,48,0,6419,40.4210090637207,-79.99949645996094
1629731325,12635020,71A,0,6551,40.469791412353516,-79.92703247070312
1629731290,10822020,61D,0,6432,40.40604782104492,-79.91838073730469
1629731324,6440020,54,0,6310,40.45152282714844,-79.98182678222656
1629731306,1049020,59,0,6431,40.336307525634766,-79.94570922851562
1629731325,14397020,74,0,6552,40.43804168701172,-79.91980743408203
1629731323,3320020,17,0,6313,40.445526123046875,-79.99921417236328
1629731305,6933020,P78,0,6555,40.540428161621094,-79.83116149902344
1629731308,6786020,71C,0,6546,40.43833541870117,-79.98004913330078
1629731311,10162020,17,0,6306,40.46934127807617,-80.02880859375
1629731307,4613020,G2,0,6427,40.44275665283203,-79.9986801147461
1629731320,2460020,79,0,6547,40.45500183105469,-79.86373138427734
1629731313,6926020,8,0,6305,40.45331573486328,-80.00167846679688
1629731309,11491020,56,0,6429,40.3467903137207,-79.82926940917969
1629731316,2249020,8,0,6308,40.51757049560547,-80.03691864013672
1629731324,4584020,13,0,6307,40.51750183105469,-80.03675079345703
1629731312,7379020,64,0,6549,40.43647766113281,-79.92289733886719
1629731292,3854020,59,0,6441,40.408870697021484,-79.8909912109375
1629731303,1792020,12,0,6201,40.553653717041016,-80.01632690429688
1629731323,9954020,51,0,6443,40.38155746459961,-79.97631072998047
1629731311,1282020,61B,0,6442,40.43804168701172,-79.994140625
1629731301,6162020,1,0,6203,40.601253509521484,-79.75618743896484
1629731327,6762020,36,0,6324,40.35264587402344,-80.05046844482422
1629731294,9090020,12,0,6202,40.48588943481445,-80.00968170166016
1629731325,-597103631,16,1,5904,40.495208740234375,-80.054931640625
1629731325,7161020,14,0,6315,40.511322021484375,-80.1005630493164
1629731318,6370020,55,0,6436,40.30710983276367,-79.90319061279297
1629731298,14602020,77,0,6556,40.46490478515625,-79.82841491699219
1629731323,14700020,83,0,6438,40.44276809692383,-79.99864196777344
1629731301,6477020,31,0,6319,40.44378662109375,-79.99469757080078
1629731315,9570020,61D,0,6439,40.43836975097656,-79.98078155517578
1629731321,239020,91,0,5901,40.47538375854492,-79.9576644897461
1629731297,5156020,17,0,5902,40.50065612792969,-80.02240753173828
1629731312,1388020,28X,0,6450,40.45185089111328,-80.0451431274414
1629731299,59020,14,0,6212,40.49564743041992,-80.06678009033203
1629731322,7899020,26,0,6332,40.45132064819336,-80.05006408691406
1629731319,11670020,61D,0,6335,40.44017028808594,-79.99432373046875
1629731304,12887020,P3,0,6334,40.4467887878418,-79.95057678222656
1629731318,11218020,31,0,5917,40.39677429199219,-80.08477020263672
1629731321,2798020,6,0,6205,40.481197357177734,-80.00231170654297
1629731324,7432020,48,0,6325,40.41791915893555,-79.97832489013672
1629731137,12030020,54,0,6204,40.452022552490234,-80.0064468383789
1629731289,8507020,59,0,6446,40.405006408691406,-79.88165283203125
1629731314,6461020,54,0,6206,40.44399642944336,-79.95541381835938
1629731322,10753020,61C,0,6448,40.4431266784668,-79.95370483398438
1629731303,630020,24,0,5911,40.444149017333984,-80.02792358398438
1629731313,7868020,75,0,6461,40.47706985473633,-79.92948913574219
1629731318,10855020,39,0,6221,40.445945739746094,-79.9892578125
1629731315,10918020,64,0,6342,40.46587371826172,-79.95875549316406
1629731319,11166020,71C,0,6463,40.45520782470703,-79.94087982177734
1629731321,8626020,56,0,6341,40.34688949584961,-79.88075256347656
1629731320,120020,71D,0,6462,40.437984466552734,-79.97440338134766
1629731287,5889020,17,0,6102,40.495941162109375,-80.04573059082031
1629731315,1685020,27,0,6223,40.441551208496094,-80.06876373291016
1629731316,6779020,20,0,6225,40.46726989746094,-80.09758758544922
1629731311,11835020,51,0,6346,40.34466552734375,-79.94847869873047
1629731306,11153020,38,0,6224,40.38641357421875,-80.05433654785156
1629731320,9511020,8,0,5806,40.51742935180664,-80.02249145507812
1629731311,10911020,13,0,6216,40.49085235595703,-80.04827880859375
1629731317,12273020,36,0,6218,40.3438835144043,-80.05107116699219
1629731295,7447020,56,0,6339,40.440181732177734,-80.00343322753906
1629731310,5159020,59,0,5921,40.38385009765625,-79.87683868408203
1629731313,6904020,82,0,6459,40.44150924682617,-79.99239349365234
1629731309,11826020,83,0,5922,40.43826675415039,-79.96321868896484
1629731312,816020,1,0,5803,40.53593063354492,-79.84166717529297
1629731324,8036020,2,0,5804,40.48291015625,-79.97314453125
1629732026,8849020,61C,0,6351,40.37908935546875,-79.85327911376953
1629732034,1925020,51,0,6111,40.3820686340332,-79.97655487060547
1629732025,8446020,57,0,6353,40.4111328125,-79.906494140625
1629732006,11656020,20,0,6110,40.4649543762207,-80.073486328125
1629732012,13682020,Y46,0,6113,40.29261779785156,-79.90959167480469
1629731997,8001020,53L,0,6233,40.43524169921875,-79.97927856445312
1629732033,1612020,55,0,6357,40.350486755371094,-79.86487579345703
1629732004,8725020,59,0,6115,40.39693832397461,-79.82122039794922
1629732019,13386020,55,0,6114,40.38838195800781,-79.8238754272461
1629732020,-162864247,88,1,5937,40.46540832519531,-79.95665740966797
1629732025,10830020,61A,0,5819,40.439701080322266,-79.89684295654297
1629732001,8225020,51,0,6348,40.42879867553711,-79.98411560058594
1629732018,5216020,91,0,6106,40.44893264770508,-79.98576354980469
1629732014,4317020,1,0,6105,40.54108810424805,-79.78216552734375
1629732030,6935020,21,0,5810,40.52204132080078,-80.17562103271484
1629731994,6066020,39,0,6229,40.39485549926758,-80.0215072631836
1629732016,763020,61A,0,5931,40.4375114440918,-79.97212982177734
1629732027,7244020,81,0,5932,40.438594818115234,-79.9610595703125
1629732006,9126020,55,0,5815,40.343265533447266,-79.9424819946289
1629732019,11241020,71A,0,6362,40.47621154785156,-79.9206771850586
1629732009,10121020,61A,0,6240,40.43804168701172,-79.9941635131836
1629732033,13876020,88,0,6361,40.45664596557617,-79.91175079345703
1629732014,6529020,51,0,6242,40.34379577636719,-79.94485473632812
1629732026,1944020,71B,0,6363,40.46540069580078,-79.92301177978516
1629732028,4648020,71B,0,6366,40.47939682006836,-79.92144012451172
1629732009,2865020,51,0,6244,40.437191009521484,-80.00218200683594
1629732014,6044020,58,0,6365,40.43495178222656,-79.95587158203125
1629732014,8743020,51,0,6126,40.423919677734375,-79.97767639160156
1629731982,5608020,6,0,6005,40.44612121582031,-79.98867797851562
1629732034,9833020,82,0,6368,40.442970275878906,-79.98140716552734
1629732019,8698020,59,0,6246,40.413570404052734,-79.85236358642578
1629732007,5749020,59,0,6125,40.3354606628418,-79.94645690917969
1629732019,12124020,71B,0,6367,40.444522857666016,-79.95466613769531
1629732015,11164020,13,0,5707,40.46508026123047,-80.0330810546875
1629732026,14409020,57,0,6117,40.43767166137695,-79.9998550415039
1629732015,13473020,61B,0,6238,40.43781661987305,-79.93110656738281
1629732033,6549020,74,0,5940,40.46443176269531,-79.89501953125
1629732034,11528020,59,0,6358,40.40773010253906,-79.9096450805664
1629732022,11797020,61B,0,6239,40.44142150878906,-79.99766540527344
1629732028,6457020,54,0,5702,40.456058502197266,-79.9476089477539
1629732021,1098020,87,0,5944,40.45582580566406,-79.97563171386719
1629732031,4318020,75,0,5945,40.44554901123047,-79.95323944091797
1629732035,8635020,51,0,6130,40.42875289916992,-79.9950942993164
1629732020,8370020,61A,0,6253,40.40034866333008,-79.86304473876953
1629732034,5207020,54,0,6014,40.41014099121094,-79.99635314941406
1629732008,2180020,75,0,6137,40.44636154174805,-79.95201873779297
1629732032,10582020,61A,0,6250,40.41753005981445,-79.88163757324219
1629732032,10371020,P1,0,3416,40.44168472290039,-79.99761199951172
1629732005,429020,P1,0,3414,40.41471481323242,-79.87870788574219
1629732034,2984020,P3,0,6249,40.41524887084961,-79.87907409667969
1629732010,1390020,77,0,6369,40.45317459106445,-79.75019836425781
1629732036,8545020,14,0,6009,40.44762420654297,-80.01898956298828
1629732026,9394020,59,0,6129,40.373409271240234,-79.84579467773438
1629731986,13823020,8,0,6008,40.517452239990234,-80.03658294677734
1629732012,7706020,71C,0,5715,40.44751739501953,-79.88935089111328
1629732033,6667020,29,0,6021,40.43879318237305,-80.0718765258789
1629732033,5862020,71B,0,6263,40.475677490234375,-79.91974639892578
1629732024,643020,82,0,6265,40.469970703125,-79.89412689208984
1629732032,12361020,G2,0,6023,40.405479431152344,-80.09081268310547
1629732034,359020,21,0,6022,40.464778900146484,-80.05870819091797
1629732023,8141020,74,0,6264,40.47685241699219,-79.89857482910156
1629732034,2156020,77,0,6146,40.4849967956543,-79.7682876586914
1629732020,300020,88,0,6267,40.46347427368164,-79.96600341796875
1629732030,1339020,82,0,6266,40.4697265625,-79.89457702636719
1629732033,14172020,71B,0,6269,40.440792083740234,-80.00065612792969
1629731990,6064020,28X,0,6261,40.45778274536133,-79.91421508789062
1629732034,9066020,71C,0,6140,40.46237564086914,-79.92748260498047
1629732032,7418020,71D,0,3421,40.44850540161133,-79.88394165039062
1629732031,1424020,71D,0,6138,40.438514709472656,-79.98431396484375
1629732020,7903020,16,0,5603,40.44152069091797,-80.00371551513672
1629732021,13780020,1,0,5605,40.49325180053711,-79.91331481933594
1629732020,5142020,61B,0,3309,40.438011169433594,-79.91669464111328
1629732030,11092020,71C,0,6153,40.45746612548828,-79.93424987792969
1629732028,1130020,93,0,6032,40.45669174194336,-79.95496368408203
1629732035,4533020,71,0,6152,40.41913604736328,-79.88871002197266
1629732035,12017020,77,0,6155,40.45657730102539,-79.95492553710938
1629732029,8879020,87,0,6154,40.46268844604492,-79.94557189941406
1629732020,8075020,53L,0,6036,40.34487533569336,-79.9388198852539
1629732016,2462020,81,0,6038,40.43967056274414,-79.99754333496094
1629732008,3228020,P1,0,3320,40.415008544921875,-79.87924194335938
1629731997,13019020,P78,0,6272,40.46067428588867,-79.95669555664062
1629732009,7412020,82,0,6271,40.45761489868164,-79.93285369873047
1629732023,8051020,Y46,0,6029,40.32148742675781,-79.94236755371094
1629732005,12426020,22,0,5611,40.47438430786133,-80.06404876708984
1629732028,10177020,67,0,6149,40.429073333740234,-79.81551361083984
1629732017,7023020,91,0,5732,40.494544982910156,-79.8858413696289
1629732017,1581020,61D,0,5614,40.429527282714844,-79.97346496582031
1629732016,10551020,P1,0,3319,40.44671630859375,-79.88855743408203
1629732019,7274020,Y49,0,6043,40.3410758972168,-79.94538879394531
1629731984,6665020,71D,0,6045,40.438140869140625,-79.99437713623047
1629732021,12997020,75,0,6046,40.48805618286133,-79.89372253417969
1629732029,5480020,71A,0,6048,40.437896728515625,-79.99011993408203
1629732018,14214020,87,0,6160,40.48296356201172,-79.94792175292969
1629732011,10169020,P1,0,3329,40.45552062988281,-79.94464874267578
1629732007,10561020,61D,0,3206,40.441558837890625,-79.95697021484375
1629732013,3846020,71B,0,3327,40.4378662109375,-79.9895248413086
1629732033,6628020,71A,0,3326,40.441383361816406,-79.99757385253906
1629732029,198020,4,0,1709,40.46657180786133,-79.98060607910156
1629732010,14286020,11,0,1704,40.44508361816406,-79.99939727783203
1629732014,12586020,79,0,6056,40.449710845947266,-79.89156341552734
1629732014,992020,71C,0,6051,40.440338134765625,-79.96031951904297
1629732028,10537020,43,0,1718,40.42134094238281,-80.00601959228516
1629732016,2573020,48,0,5634,40.43606948852539,-80.00132751464844
1629732034,8949020,24,0,5635,40.46569061279297,-80.06277465820312
1629732022,6144020,54,0,6602,40.42093276977539,-80.00584411621094
1629732033,6210020,40,0,1716,40.419185638427734,-80.01347351074219
1629732028,8866020,12,0,6604,40.53768539428711,-80.01122283935547
1629732024,9876020,44,0,1715,40.395225524902344,-79.96743774414062
1629732027,3659020,1,0,6606,40.44609832763672,-79.9994125366211
1629732008,13903020,61D,0,6620,40.41093826293945,-79.90693664550781
1629732022,7353020,61C,0,6619,40.438045501708984,-79.92761993408203
1629732030,14709020,44,0,1729,40.41518020629883,-79.98806762695312
1629731975,7641020,G2,0,6614,40.44532012939453,-80.0300064086914
1629732031,3247020,38,0,6613,40.43183135986328,-80.038818359375
1629732012,81020,44,0,1724,40.44095230102539,-80.00089263916016
1629732024,8292020,61C,0,6630,40.40892028808594,-79.90562438964844
1629732028,6013020,14,0,6511,40.56104278564453,-80.20256042480469
1629732008,4325020,61A,0,6623,40.43838119506836,-79.96137237548828
1629731985,6394020,Y47,0,5654,40.33014678955078,-79.92350006103516
1629732024,2695020,54,0,6501,40.45062255859375,-79.98321533203125
1629732013,10319020,51,0,6625,40.38064193725586,-79.97623443603516
1629732003,560020,8,0,6503,40.44382858276367,-79.9984130859375
1629732032,14419020,93,0,6627,40.48326873779297,-79.94772338867188
1629732019,13050020,93,0,6626,40.42185592651367,-79.92882537841797
1629732016,887020,61B,0,6628,40.405845642089844,-79.86306762695312
1629732016,8886020,27,0,6520,40.458251953125,-80.07904052734375
1629732013,8710020,77,0,6641,40.47431945800781,-79.82191467285156
1629732012,1977020,61D,0,3255,40.44419860839844,-79.94963073730469
1629732025,11187020,61A,0,3253,40.408851623535156,-79.86621856689453
1629732024,3443020,51,0,6634,40.3916130065918,-79.98661804199219
1629732017,10372020,41,0,6515,40.41252517700195,-80.01084899902344
1629732007,10568020,39,0,6516,40.44615936279297,-79.98866271972656
1629731523,1178020,67,0,6637,40.44913864135742,-79.90118408203125
1629731999,14514020,29,0,6519,40.43986511230469,-80.0914077758789
1629732022,11614020,24,0,6518,40.45301818847656,-80.17071533203125
1629732009,7410020,86,0,6650,40.44985580444336,-79.89168548583984
1629732029,3420020,1,0,6410,40.464988708496094,-79.97978973388672
1629732011,1456020,71D,0,6652,40.448577880859375,-79.93363189697266
1629732024,34020,61C,0,6530,40.43670654296875,-79.96368408203125
1629732022,10842020,P68,0,6651,40.45403289794922,-79.9365234375
1629732020,5089020,54,0,6412,40.42812728881836,-79.9806137084961
1629732029,2736020,61C,0,6532,40.43865203857422,-79.98754119873047
1629732035,1545020,67,0,6653,40.43687057495117,-79.75825500488281
1629732021,6999020,91,0,6411,40.454559326171875,-79.97796630859375
1629732035,4868020,86,0,6645,40.46075439453125,-79.91570281982422
1629732027,11201020,28X,0,6644,40.44275665283203,-79.99867248535156
1629731956,6648020,91,0,6405,40.50041580200195,-79.86093139648438
1629732023,9251020,12,0,6404,40.54609680175781,-80.0068359375
1629732034,11713020,71A,0,6646,40.45173645019531,-79.9519271850586
1629732016,2066020,28X,0,6649,40.45864486694336,-80.18943786621094
1629732010,-1546458912,91,1,6407,40.48799514770508,-79.93836975097656
1629732033,296020,2,0,6406,40.5611572265625,-79.98751068115234
1629732028,11612020,64,0,6527,40.40687561035156,-79.91950225830078
1629732021,6239020,16,0,6408,40.49422836303711,-80.0528564453125
1629732017,13907020,81,0,6529,40.428428649902344,-79.97393035888672
1629732013,8130020,P68,0,6542,40.43313217163086,-79.78356170654297
1629732032,5454020,31,0,6420,40.36941909790039,-80.10140228271484
1629732020,6216020,28X,0,6544,40.47168731689453,-80.24749755859375
1629732013,9557020,14,0,6301,40.59153366088867,-80.22756958007812
1629732020,7358020,71A,0,6543,40.47189712524414,-79.92613983154297
1629732027,931020,Y47,0,6535,40.400550842285156,-80.0015640258789
1629732019,2906020,1,0,6413,40.56404113769531,-79.7660140991211
1629732031,9643020,41,0,6416,40.34920883178711,-80.10366821289062
1629732021,9556020,Y46,0,6537,40.431400299072266,-80.00251770019531
1629732012,12363020,41,0,6417,40.387123107910156,-80.04365539550781
1629732033,12421020,60,0,6538,40.318172454833984,-79.83406066894531
1629732022,14438020,48,0,6419,40.42290496826172,-79.96699523925781
1629732018,12635020,71A,0,6551,40.45022964477539,-79.95099639892578
1629732026,10822020,61D,0,6432,40.429378509521484,-79.9235610961914
1629732035,6440020,54,0,6310,40.46310806274414,-79.95186614990234
1629732021,1049020,59,0,6431,40.348819732666016,-79.9388427734375
1629732021,11911020,74,0,6552,40.43806076049805,-79.9229736328125
1629732007,1131020,17,0,6313,40.44986343383789,-80.00098419189453
1629731982,5571020,P78,0,6555,40.5407829284668,-79.83119201660156
1629731977,11981020,12,0,6312,40.572505950927734,-80.02377319335938
1629732035,6786020,71C,0,6546,40.4415283203125,-80.00247955322266
1629732012,10162020,17,0,6306,40.49549865722656,-80.04554748535156
1629732017,10116020,G2,0,6427,40.440452575683594,-80.01839447021484
1629732019,9772020,79,0,6547,40.45263671875,-79.86679077148438
1629732029,6926020,8,0,6305,40.48442840576172,-80.01486206054688
1629732029,11491020,56,0,6429,40.3467903137207,-79.82926940917969
1629732009,1152020,8,0,6308,40.517539978027344,-80.0368881225586
1629732008,131020,13,0,6307,40.517539978027344,-80.0368881225586
1629732028,7379020,64,0,6549,40.41963577270508,-79.92748260498047
1629731988,3854020,59,0,6441,40.40501403808594,-79.91722869873047
1629732022,1792020,12,0,6201,40.5718994140625,-80.01889038085938
1629731969,9954020,51,0,6443,40.41061782836914,-79.990234375
1629732023,1282020,61B,0,6442,40.43809127807617,-79.9617691040039
1629731976,6162020,1,0,6203,40.60099792480469,-79.7566909790039
1629732025,6762020,36,0,6324,40.343563079833984,-80.06025695800781
1629732017,7477020,12,0,6202,40.44316864013672,-79.99812316894531
1629732032,-597103631,16,1,5904,40.48044967651367,-80.03176879882812
1629732030,3800020,15,0,5907,40.44508743286133,-79.99925994873047
1629732029,7161020,14,0,6315,40.54623031616211,-80.18911743164062
1629732025,6370020,55,0,6436,40.316368103027344,-79.88884735107422
1629732022,5521020,67,0,6557,40.44008255004883,-80.00470733642578
1629732008,14602020,77,0,6556,40.45520782470703,-79.88188934326172
1629732034,14700020,83,0,6438,40.45051956176758,-79.97283935546875
1629732000,2672020,31,0,6319,40.441036224365234,-80.0068588256836
1629731966,10387020,61D,0,6439,40.4404296875,-79.99956512451172
1629732034,239020,91,0,5901,40.49446105957031,-79.92057800292969
1629732031,4541020,17,0,5902,40.50064468383789,-80.02241516113281
1629732013,1388020,28X,0,6450,40.437870025634766,-80.00005340576172
1629732005,59020,14,0,6212,40.44955062866211,-80.01904296875
1629732015,7722020,26,0,6332,40.441226959228516,-80.00629425048828
1629732028,6995020,P3,0,6334,40.445228576660156,-79.95366668701172
1629732023,11218020,31,0,5917,40.43207550048828,-80.0525131225586
1629732023,9309020,15,0,6205,40.484466552734375,-80.0052490234375
1629732022,7432020,48,0,6325,40.42095947265625,-80.00565338134766
1629732024,12030020,54,0,6204,40.4538688659668,-79.99856567382812
1629732029,8507020,59,0,6446,40.40940856933594,-79.866943359375
1629732029,6461020,54,0,6206,40.428749084472656,-79.98050689697266
1629732021,10753020,61C,0,6448,40.436302185058594,-79.92288970947266
1629732028,630020,24,0,5911,40.47258758544922,-80.07369995117188
1629732029,7868020,75,0,6461,40.48899459838867,-79.8927230834961
1629732013,10855020,39,0,6221,40.43989181518555,-79.9988021850586
1629732026,10918020,64,0,6342,40.45689392089844,-79.93525695800781
1629732003,11166020,71C,0,6463,40.44162368774414,-79.95870208740234
1629732013,8626020,56,0,6341,40.37208557128906,-79.91697692871094
1629732020,120020,71D,0,6462,40.446372985839844,-79.95201110839844
1629732024,5889020,17,0,6102,40.4639892578125,-80.0281982421875
1629732033,1685020,27,0,6223,40.45832824707031,-80.07599639892578
1629732025,6779020,20,0,6225,40.50212860107422,-80.12141418457031
1629732033,11835020,51,0,6346,40.36359786987305,-79.98399353027344
1629732035,11153020,38,0,6224,40.42543029785156,-80.04194641113281
1629732026,9511020,8,0,5806,40.481719970703125,-80.01370239257812
1629732026,10911020,13,0,6216,40.45933532714844,-80.01651000976562
1629732017,12273020,36,0,6218,40.380088806152344,-80.05276489257812
1629732029,7447020,56,0,6339,40.43278503417969,-79.96232604980469
1629732020,5159020,59,0,5921,40.3797607421875,-79.86663818359375
1629732027,6904020,82,0,6459,40.448856353759766,-79.96495056152344
1629732014,11826020,83,0,5922,40.430397033691406,-79.97705841064453
1629732035,816020,1,0,5803,40.48786163330078,-79.88729095458984
1629732033,8036020,2,0,5804,40.51421356201172,-79.95911407470703
1629732622,1925020,51,0,6111,40.41084289550781,-79.99014282226562
1629732637,7734020,57,0,6353,40.41111373901367,-79.90643310546875
1629732629,11656020,20,0,6110,40.50299072265625,-80.12704467773438
1629732643,13682020,Y46,0,6113,40.33183288574219,-79.94580841064453
1629732631,8001020,53L,0,6233,40.41966247558594,-79.92723846435547
1629732637,1612020,55,0,6357,40.347068786621094,-79.88088989257812
1629732624,8785020,59,0,6114,40.404571533203125,-79.82550048828125
1629732593,-162864247,88,1,5937,40.448699951171875,-79.98612976074219
1629732644,10830020,61A,0,5819,40.43963623046875,-79.934814453125
1629732616,8225020,51,0,6348,40.409393310546875,-79.99081420898438
1629732636,5216020,91,0,6106,40.47146987915039,-79.95979309082031
1629732628,4317020,1,0,6105,40.56365203857422,-79.77418518066406
1629732633,5413020,P68,0,6468,40.44126892089844,-79.99549865722656
1629732624,6935020,21,0,5810,40.51176071166992,-80.1306381225586
1629732618,6066020,39,0,6229,40.431732177734375,-80.00358581542969
1629732639,763020,61A,0,5931,40.442176818847656,-79.99960327148438
1629732637,7244020,81,0,5932,40.442344665527344,-79.95780944824219
1629732643,9126020,55,0,5815,40.34354782104492,-79.92034912109375
1629732629,11241020,71A,0,6362,40.45613479614258,-79.93778991699219
1629732632,10121020,61A,0,6240,40.43734359741211,-79.97887420654297
1629732645,253020,88,0,6361,40.45581817626953,-79.91067504882812
1629732638,6529020,51,0,6242,40.362369537353516,-79.93143463134766
1629732628,1944020,71B,0,6363,40.479591369628906,-79.92206573486328
1629732641,4648020,71B,0,6366,40.47939682006836,-79.92144012451172
1629732637,9539020,51,0,6244,40.43672561645508,-80.00091552734375
1629732646,6044020,58,0,6365,40.44704818725586,-79.94783782958984
1629732620,8743020,51,0,6126,40.393341064453125,-79.98649597167969
1629732611,5608020,6,0,6005,40.44612121582031,-79.98867797851562
1629732640,9833020,82,0,6368,40.44186019897461,-80.00206756591797
1629732646,8698020,59,0,6246,40.41060256958008,-79.8683090209961
1629732635,12124020,71B,0,6367,40.43857955932617,-79.9857177734375
1629732620,11164020,13,0,5707,40.493736267089844,-80.05186462402344
1629732647,12648020,57,0,6117,40.43491744995117,-79.98146057128906
1629732646,13473020,61B,0,6238,40.43938446044922,-79.96173095703125
1629732641,11528020,59,0,6358,40.40442657470703,-79.92050170898438
1629732626,5994020,61B,0,6239,40.4379768371582,-79.99223327636719
1629732633,6457020,54,0,5702,40.45671844482422,-79.9661636352539
1629732587,1098020,87,0,5944,40.46223068237305,-79.94181060791016
1629732618,14441020,16,0,5703,40.50385665893555,-80.0748291015625
1629732631,4318020,75,0,5945,40.42755889892578,-79.96876525878906
1629732625,8635020,51,0,6130,40.43975067138672,-80.00102996826172
1629732642,5207020,54,0,6014,40.416107177734375,-79.98812866210938
1629732630,2180020,75,0,6137,40.459564208984375,-79.9211654663086
1629732628,10582020,61A,0,6250,40.44242858886719,-79.8866195678711
1629732627,10371020,P1,0,3416,40.45688247680664,-79.94744873046875
1629732632,6474020,P1,0,3414,40.414756774902344,-79.87882995605469
1629732622,2984020,P3,0,6249,40.45806884765625,-79.91322326660156
1629732625,1390020,77,0,6369,40.45317459106445,-79.75019836425781
1629732634,8545020,14,0,6009,40.48936462402344,-80.05847930908203
1629732615,9394020,59,0,6129,40.3839111328125,-79.86837768554688
1629732617,13823020,8,0,6008,40.5174560546875,-80.0365982055664
1629732642,7706020,71C,0,5715,40.4518928527832,-79.9092025756836
1629732644,6667020,29,0,6021,40.44269561767578,-80.04449462890625
1629732642,5862020,71B,0,6263,40.449989318847656,-79.92913055419922
1629732632,4840020,79,0,6265,40.473541259765625,-79.86823272705078
1629732631,12361020,G2,0,6023,40.42952346801758,-80.06976318359375
1629732638,359020,21,0,6022,40.502559661865234,-80.10192108154297
1629732646,8141020,74,0,6264,40.46360397338867,-79.89234161376953
1629732642,1993020,26,0,6025,40.44184112548828,-80.06884765625
1629732645,2156020,77,0,6146,40.47477340698242,-79.82206726074219
1629732632,300020,88,0,6267,40.46192932128906,-79.92625427246094
1629732613,1339020,82,0,6266,40.46031951904297,-79.92159271240234
1629732629,14172020,71B,0,6269,40.43784713745117,-79.989013671875
1629732635,6064020,28X,0,6261,40.45778274536133,-79.91421508789062
1629732637,9066020,71C,0,6140,40.45259475708008,-79.91031646728516
1629732636,9169020,71D,0,3424,40.454105377197266,-79.89525604248047
1629732646,11552020,71D,0,3421,40.44997787475586,-79.89180755615234
1629732593,1424020,71D,0,6138,40.441925048828125,-80.00182342529297
1629732643,7903020,16,0,5603,40.455230712890625,-80.00799560546875
1629732629,13780020,1,0,5605,40.49240493774414,-79.8639907836914
1629732640,5142020,61B,0,3309,40.416015625,-79.8852767944336
1629732632,11092020,71C,0,6153,40.44683837890625,-79.94989776611328
1629732635,1130020,93,0,6032,40.47797775268555,-79.95600128173828
1629732643,10896020,51,0,6031,40.343971252441406,-79.94342803955078
1629732624,114020,71,0,6152,40.41672134399414,-79.8871078491211
1629732639,12017020,77,0,6155,40.46164321899414,-79.92548370361328
1629732630,8879020,87,0,6154,40.448490142822266,-79.98646545410156
1629732642,10458020,81,0,6038,40.44157028198242,-79.99215698242188
1629732633,3228020,P1,0,3320,40.442420959472656,-79.88680267333984
1629732632,13019020,P78,0,6272,40.44155502319336,-79.88124084472656
1629732629,7412020,82,0,6271,40.451114654541016,-79.95458221435547
1629732621,8051020,Y46,0,6029,40.28856658935547,-79.89630126953125
1629732623,12426020,22,0,5611,40.471431732177734,-80.10021209716797
1629732643,10177020,67,0,6149,40.444087982177734,-79.86417388916016
1629732633,5165020,91,0,5732,40.49470901489258,-79.88639831542969
1629732618,1581020,61D,0,5614,40.3972282409668,-79.94678497314453
1629732626,10551020,P1,0,3319,40.45646286010742,-79.97200012207031
1629732643,7274020,Y49,0,6043,40.366336822509766,-79.96259307861328
1629732646,6665020,71D,0,6045,40.43815994262695,-79.97704315185547
1629732636,12997020,75,0,6046,40.48099136352539,-79.92921447753906
1629732638,5480020,71A,0,6048,40.437835693359375,-79.96391296386719
1629732645,7528020,87,0,6160,40.48849868774414,-79.93692779541016
1629732635,10169020,P1,0,3329,40.41896438598633,-79.88616943359375
1629732646,10561020,61D,0,3206,40.43546676635742,-79.9228515625
1629732623,3846020,71B,0,3327,40.437835693359375,-79.96391296386719
1629732614,2463020,71A,0,3326,40.44002914428711,-79.99431610107422
1629732638,198020,4,0,1709,40.4962158203125,-80.00836944580078
1629732630,14286020,11,0,1704,40.461273193359375,-80.00263214111328
1629732640,2304020,4,0,1702,40.49995040893555,-80.0216064453125
1629732620,12586020,79,0,6056,40.447811126708984,-79.86900329589844
1629732646,5364020,28X,0,6059,40.44561767578125,-79.95314025878906
1629732627,992020,71C,0,6051,40.451416015625,-79.95173645019531
1629732586,3565020,43,0,1718,40.42132568359375,-80.00504302978516
1629732641,2573020,48,0,5634,40.428497314453125,-79.97621154785156
1629732631,8949020,24,0,5635,40.43820571899414,-80.01273345947266
1629732642,6144020,54,0,6602,40.42094039916992,-80.00584411621094
1629732645,6210020,40,0,1716,40.436805725097656,-80.00115966796875
1629732643,8866020,12,0,6604,40.54975891113281,-80.02295684814453
1629732637,9876020,44,0,1715,40.385841369628906,-79.93648529052734
1629732627,3659020,1,0,6606,40.47816848754883,-79.96898651123047
1629732639,13903020,61D,0,6620,40.407630920410156,-79.91868591308594
1629732643,7353020,61C,0,6619,40.44561767578125,-79.95314025878906
1629732635,14709020,44,0,1729,40.42152404785156,-80.00558471679688
1629732642,5421020,G2,0,6614,40.44382858276367,-79.99403381347656
1629732636,3247020,38,0,6613,40.390926361083984,-80.05928039550781
1629732642,8292020,61C,0,6630,40.427825927734375,-79.92576599121094
1629732645,6013020,14,0,6511,40.5285758972168,-80.1621322631836
1629732626,4325020,61A,0,6623,40.444087982177734,-79.9397964477539
1629732616,6394020,Y47,0,5654,40.330238342285156,-79.92315673828125
1629732618,2695020,54,0,6501,40.451759338378906,-80.00749969482422
1629732627,10319020,51,0,6625,40.380638122558594,-79.97623443603516
1629732620,10504020,8,0,6503,40.4555549621582,-80.00666046142578
1629732625,14419020,93,0,6627,40.48418426513672,-79.94782257080078
1629732644,11128020,16,0,6505,40.49336624145508,-80.0511245727539
1629732644,13050020,93,0,6626,40.4343376159668,-79.95246124267578
1629732638,4340020,53L,0,6629,40.36698913574219,-79.90995788574219
1629732645,887020,61B,0,6628,40.42573928833008,-79.8917007446289
1629732645,8886020,27,0,6520,40.44038772583008,-80.0689468383789
1629732645,8710020,77,0,6641,40.486759185791016,-79.77218627929688
1629732635,1977020,61D,0,3255,40.43818283081055,-79.97672271728516
1629732569,3443020,51,0,6634,40.38071823120117,-79.97628021240234
1629732623,10372020,41,0,6515,40.43635940551758,-80.00113677978516
1629732638,2649020,61A,0,6635,40.40233612060547,-79.86834716796875
1629732622,10568020,39,0,6516,40.44615936279297,-79.98866271972656
1629732637,1178020,67,0,6637,40.43667221069336,-79.9695053100586
1629732632,14514020,29,0,6519,40.44745635986328,-80.15432739257812
1629732620,11614020,24,0,6518,40.46353530883789,-80.13884735107422
1629732645,7410020,86,0,6650,40.44751739501953,-79.88935089111328
1629732638,1456020,71D,0,6652,40.44124984741211,-79.95918273925781
1629732642,34020,61C,0,6530,40.442771911621094,-79.93769073486328
1629732635,5089020,54,0,6412,40.44189453125,-79.95828247070312
1629732641,9411020,61C,0,6532,40.4404296875,-79.99956512451172
1629732625,1545020,67,0,6653,40.45282745361328,-79.75040435791016
1629732638,4868020,86,0,6645,40.44468307495117,-79.88420867919922
1629732618,1035020,91,0,6403,40.44273376464844,-80.00003814697266
1629732643,11201020,28X,0,6644,40.44377136230469,-80.02713775634766
1629732596,6648020,91,0,6405,40.487186431884766,-79.88545227050781
1629732635,9251020,12,0,6404,40.522396087646484,-80.00542449951172
1629732629,11713020,71A,0,6646,40.458251953125,-79.93383026123047
1629732646,2066020,28X,0,6649,40.44521713256836,-80.16485595703125
1629732642,-1546458912,91,1,6407,40.46626281738281,-79.96469116210938
1629732641,296020,2,0,6406,40.513946533203125,-79.95902252197266
1629732629,11612020,64,0,6527,40.428306579589844,-79.92472839355469
1629732638,6239020,16,0,6408,40.46723937988281,-80.02503967285156
1629732615,13907020,81,0,6529,40.430397033691406,-79.97696685791016
1629732637,8130020,P68,0,6542,40.431026458740234,-79.7920913696289
1629732626,6216020,28X,0,6544,40.496273040771484,-80.25882720947266
1629732627,9557020,14,0,6301,40.59153366088867,-80.22756958007812
1629732636,6612020,71A,0,6543,40.47893524169922,-79.91920471191406
1629732606,931020,Y47,0,6535,40.43537902832031,-80.00179290771484
1629732646,2906020,1,0,6413,40.541595458984375,-79.79955291748047
1629732641,9643020,41,0,6416,40.36228942871094,-80.0963363647461
1629732623,13728020,Y46,0,6537,40.43830108642578,-79.9999008178711
1629732635,12363020,41,0,6417,40.373992919921875,-80.08485412597656
1629732640,4826020,60,0,6538,40.32703399658203,-79.8400650024414
1629732641,14438020,48,0,6419,40.42875289916992,-79.9805679321289
1629732625,12635020,71A,0,6551,40.43727493286133,-79.9713363647461
1629732641,10822020,61D,0,6432,40.4444694519043,-79.94802856445312
1629732598,5437020,82,0,6553,40.473148345947266,-79.88822174072266
1629732642,6440020,54,0,6310,40.447662353515625,-79.94939422607422
1629732601,1049020,59,0,6431,40.35009002685547,-79.87359619140625
1629732645,11911020,74,0,6552,40.45510482788086,-79.89720153808594
1629732641,1131020,17,0,6313,40.454898834228516,-80.02176666259766
1629732644,5571020,P78,0,6555,40.51673126220703,-79.84326171875
1629732621,11981020,12,0,6312,40.557411193847656,-80.02306365966797
1629732629,4270020,71C,0,6546,40.4378662109375,-79.9895248413086
1629732632,2470020,31,0,6424,40.386322021484375,-80.09246063232422
1629732631,7164020,71C,0,6548,40.44736862182617,-79.88922882080078
1629732638,10116020,G2,0,6427,40.45277786254883,-80.0533447265625
1629732631,9772020,79,0,6547,40.44985580444336,-79.89168548583984
1629732634,6926020,8,0,6305,40.51517868041992,-80.02301025390625
1629732629,3769020,56,0,6429,40.34741973876953,-79.83232879638672
1629732639,1152020,8,0,6308,40.51764678955078,-80.02369689941406
1629732634,131020,13,0,6307,40.51747512817383,-80.03573608398438
1629732640,3504020,55,0,6428,40.34074020385742,-79.9120864868164
1629732643,7379020,64,0,6549,40.41130447387695,-79.90908813476562
1629732619,3854020,59,0,6441,40.39724349975586,-79.88248443603516
1629732637,1792020,12,0,6201,40.58535385131836,-80.03753662109375
1629732629,9954020,51,0,6443,40.42877197265625,-79.98737335205078
1629732646,1282020,61B,0,6442,40.442996978759766,-79.93789672851562
1629732621,6162020,1,0,6203,40.60099792480469,-79.7566909790039
1629732624,6762020,36,0,6324,40.34002685546875,-80.05384826660156
1629732642,7477020,12,0,6202,40.45655059814453,-80.0007095336914
1629732646,-597103631,16,1,5904,40.455711364746094,-80.00476837158203
1629732627,3800020,15,0,5907,40.459075927734375,-80.01632690429688
1629732634,7161020,14,0,6315,40.58618927001953,-80.22705841064453
1629732632,6370020,55,0,6436,40.347232818603516,-79.87989807128906
1629732622,5521020,67,0,6557,40.4390983581543,-79.9603271484375
1629732632,14602020,77,0,6556,40.460880279541016,-79.91513061523438
1629732643,14700020,83,0,6438,40.44669723510742,-79.96041870117188
1629732617,2672020,31,0,6319,40.438697814941406,-80.03520965576172
1629732630,10387020,61D,0,6439,40.43766403198242,-79.98519134521484
1629732626,239020,91,0,5901,40.48714828491211,-79.88571166992188
1629732644,4541020,17,0,5902,40.500450134277344,-80.02239227294922
1629732628,1388020,28X,0,6450,40.44225311279297,-79.9560317993164
1629732639,59020,14,0,6212,40.44762420654297,-80.01985931396484
1629732620,7722020,26,0,6332,40.44126510620117,-80.03765869140625
1629732639,6995020,P3,0,6334,40.45476531982422,-79.90373992919922
1629732635,11218020,31,0,5917,40.441802978515625,-80.00208282470703
1629732644,9309020,15,0,6205,40.460227966308594,-80.01715850830078
1629732632,14258020,48,0,6325,40.42101287841797,-80.00565338134766
1629732620,12030020,54,0,6204,40.45835494995117,-79.96422576904297
1629732625,8507020,59,0,6446,40.41402816772461,-79.85254669189453
1629732628,6461020,54,0,6206,40.40884780883789,-79.99147033691406
1629732628,10753020,61C,0,6448,40.407283782958984,-79.91392517089844
1629732619,630020,24,0,5911,40.46990203857422,-80.10047149658203
1629732595,7868020,75,0,6461,40.490081787109375,-79.86995697021484
1629732626,10855020,39,0,6221,40.412254333496094,-80.00878143310547
1629732632,10918020,64,0,6342,40.44199752807617,-79.91995239257812
1629732629,11166020,71C,0,6463,40.439422607421875,-79.99443054199219
1629732641,8626020,56,0,6341,40.40903091430664,-79.94380950927734
1629732640,120020,71D,0,6462,40.45359420776367,-79.91544342041016
1629732599,5889020,17,0,6102,40.45566177368164,-80.00526428222656
1629732628,1685020,27,0,6223,40.443031311035156,-80.04277801513672
1629732641,9005020,22,0,6222,40.467247009277344,-80.09779357910156
1629732638,6779020,20,0,6225,40.486000061035156,-80.11346435546875
1629732645,11835020,51,0,6346,40.38892364501953,-79.9852066040039
1629732619,1485020,38,0,6224,40.441043853759766,-80.00396728515625
1629732632,9511020,8,0,5806,40.45830154418945,-80.00759887695312
1629732637,10911020,13,0,6216,40.451324462890625,-80.00106048583984
1629732626,12273020,36,0,6218,40.40693283081055,-80.03428649902344
1629732611,7447020,56,0,6339,40.39893341064453,-79.93563842773438
1629732637,5159020,59,0,5921,40.36263656616211,-79.8530044555664
1629732630,6904020,82,0,6459,40.45708465576172,-79.93452453613281
1629732645,7148020,83,0,5922,40.438480377197266,-79.96125030517578
1629732573,816020,1,0,5803,40.49384307861328,-79.91682434082031
1629732639,8036020,2,0,5804,40.565128326416016,-79.99369049072266
1629733261,1925020,51,0,6111,40.42884826660156,-79.98209381103516
1629733254,7734020,57,0,6353,40.408470153808594,-79.91545867919922
1629733262,11656020,20,0,6110,40.4793815612793,-80.10395050048828
1629733238,2572020,61C,0,6355,40.40769577026367,-79.9144287109375
1629733248,13682020,Y46,0,6113,40.345550537109375,-79.9731216430664
1629733234,8001020,53L,0,6233,40.41071319580078,-79.91082000732422
1629733252,1612020,55,0,6357,40.3127555847168,-79.88732147216797
1629733260,3291020,59,0,6235,40.34565353393555,-79.95214080810547
1629733258,8785020,59,0,6114,40.41571044921875,-79.84768676757812
1629733259,-854974931,88,1,5937,40.441871643066406,-79.99890899658203
1629733266,10830020,61A,0,5819,40.441802978515625,-79.9584732055664
1629733237,8225020,51,0,6348,40.38053512573242,-79.97628021240234
1629733263,5216020,91,0,6106,40.494449615478516,-79.92748260498047
1629733256,4317020,1,0,6105,40.600738525390625,-79.75690460205078
1629733225,5413020,P68,0,6468,40.45960998535156,-79.922119140625
1629733242,6935020,21,0,5810,40.49290466308594,-80.08110046386719
1629733251,6066020,39,0,6229,40.442630767822266,-79.99916076660156
1629733254,9646020,61A,0,5931,40.437896728515625,-79.99011993408203
1629733263,7244020,81,0,5932,40.440311431884766,-79.97747039794922
1629733258,11241020,71A,0,6362,40.4434928894043,-79.95610809326172
1629733246,10121020,61A,0,6240,40.44224166870117,-79.95604705810547
1629733251,253020,88,0,6361,40.4633903503418,-79.93018341064453
1629733241,6529020,51,0,6242,40.36247253417969,-79.93084716796875
1629733246,1944020,71B,0,6363,40.479591369628906,-79.92206573486328
1629733253,1542020,71B,0,6366,40.465614318847656,-79.92293548583984
1629733259,9539020,51,0,6244,40.421627044677734,-79.97943115234375
1629733234,6044020,58,0,6365,40.44472885131836,-79.94353485107422
1629733262,8743020,51,0,6126,40.36585235595703,-79.98207092285156
1629733255,3314020,6,0,6005,40.445030212402344,-79.99943542480469
1629733244,7517020,82,0,6368,40.44321060180664,-79.98087310791016
1629733243,8698020,59,0,6246,40.409149169921875,-79.87664794921875
1629733214,12124020,71B,0,6367,40.441471099853516,-80.0023193359375
1629733245,11164020,13,0,5707,40.518157958984375,-80.0315170288086
1629733266,12648020,57,0,6117,40.406105041503906,-79.93299102783203
1629733243,13473020,61B,0,6238,40.4404182434082,-79.99485778808594
1629733250,11528020,59,0,6358,40.411991119384766,-79.8810806274414
1629733259,5994020,61B,0,6239,40.43670654296875,-79.96368408203125
1629733251,6457020,54,0,5702,40.45343017578125,-80.00096130371094
1629733266,1098020,87,0,5944,40.4774284362793,-79.95111083984375
1629733256,14441020,16,0,5703,40.48768997192383,-80.04113006591797
1629733259,9340020,75,0,5945,40.424278259277344,-79.96282958984375
1629733262,14513020,51,0,6130,40.43678665161133,-80.00088500976562
1629733248,5207020,54,0,6014,40.42837905883789,-79.97396087646484
1629733266,2180020,75,0,6137,40.48504638671875,-79.92626953125
1629733264,10582020,61A,0,6250,40.43803024291992,-79.91466522216797
1629733257,10371020,P1,0,3416,40.436683654785156,-79.8856430053711
1629733209,6474020,P1,0,3414,40.41946792602539,-79.88639831542969
1629733240,2984020,P3,0,6249,40.44709014892578,-79.94732666015625
1629733242,12910020,77,0,6369,40.452030181884766,-79.75384521484375
1629733251,8545020,14,0,6009,40.51958084106445,-80.1375503540039
1629733266,9394020,59,0,6129,40.397762298583984,-79.88082122802734
1629733240,6372020,8,0,6008,40.517539978027344,-80.0368881225586
1629733262,7706020,71C,0,5715,40.46194076538086,-79.93162536621094
1629733266,6667020,29,0,6021,40.44264602661133,-79.99909210205078
1629733255,5862020,71B,0,6263,40.44207763671875,-79.95805358886719
1629733264,4840020,79,0,6265,40.45508575439453,-79.86383819580078
1629733221,12361020,G2,0,6023,40.43892288208008,-80.01119995117188
1629733264,359020,21,0,6022,40.51778030395508,-80.16194915771484
1629733253,8141020,74,0,6264,40.44797134399414,-79.90775299072266
1629733255,1993020,26,0,6025,40.45344924926758,-80.0619888305664
1629733260,2156020,77,0,6146,40.4581298828125,-79.87589263916016
1629733250,300020,88,0,6267,40.45803451538086,-79.91300201416016
1629733263,1339020,82,0,6266,40.452125549316406,-79.95109558105469
1629733253,14172020,71B,0,6269,40.43875503540039,-79.96250915527344
1629733245,10648020,77,0,6268,40.442481994628906,-79.99588775634766
1629732744,6064020,28X,0,6261,40.45778274536133,-79.91421508789062
1629733266,9066020,71C,0,6140,40.449928283691406,-79.89157104492188
1629733262,9169020,71D,0,3424,40.44791030883789,-79.93589782714844
1629733259,11552020,71D,0,3421,40.442779541015625,-79.88677978515625
1629733240,8656020,71D,0,6138,40.437713623046875,-79.98606872558594
1629733262,7903020,16,0,5603,40.482627868652344,-80.03527069091797
1629733264,13780020,1,0,5605,40.540958404541016,-79.81859588623047
1629733242,11092020,71C,0,6153,40.438419342041016,-79.98197937011719
1629733266,1130020,93,0,6032,40.48290252685547,-79.94801330566406
1629733243,10896020,51,0,6031,40.34789276123047,-79.95104217529297
1629733224,114020,71,0,6152,40.42565155029297,-79.88700103759766
1629733264,12017020,77,0,6155,40.458316802978516,-79.9061279296875
1629733242,11947020,87,0,6154,40.443443298339844,-79.99606323242188
1629733255,10458020,81,0,6038,40.44225311279297,-79.97838592529297
1629733231,3228020,P1,0,3320,40.457420349121094,-79.95233917236328
1629733238,13019020,P78,0,6272,40.459991455078125,-79.84303283691406
1629733261,7412020,82,0,6271,40.44013595581055,-79.99435424804688
1629733244,12426020,22,0,5611,40.46825408935547,-80.09815979003906
1629733261,10177020,67,0,6149,40.4471435546875,-79.8951644897461
1629733265,5165020,91,0,5732,40.49650955200195,-79.8901596069336
1629733245,788020,P1,0,3319,40.44681167602539,-79.98796081542969
1629733258,7274020,Y49,0,6043,40.377689361572266,-79.98747253417969
1629733244,6665020,71D,0,6045,40.445465087890625,-79.9532241821289
1629733263,12997020,75,0,6046,40.45759201049805,-79.91730499267578
1629733265,5480020,71A,0,6048,40.451416015625,-79.95173645019531
1629733265,7528020,87,0,6160,40.474700927734375,-79.93126678466797
1629733242,10169020,P1,0,3329,40.415138244628906,-79.8794937133789
1629733246,10561020,61D,0,3206,40.403953552246094,-79.92007446289062
1629733245,2463020,71A,0,3326,40.438072204589844,-79.9776611328125
1629733253,14286020,11,0,1704,40.460025787353516,-80.01151275634766
1629733239,2304020,4,0,1702,40.46857833862305,-79.9837875366211
1629733258,12586020,79,0,6056,40.46121597290039,-79.86624908447266
1629733259,5364020,28X,0,6059,40.4405632019043,-79.99493408203125
1629733259,992020,71C,0,6051,40.46164321899414,-79.92549133300781
1629733239,12881020,44,0,1719,40.44615936279297,-79.98866271972656
1629733260,3565020,43,0,1718,40.42340087890625,-79.9892807006836
1629733256,2573020,48,0,5634,40.41789245605469,-79.97805786132812
1629733265,6433020,24,0,5635,40.443668365478516,-80.0268325805664
1629733237,9031020,54,0,6602,40.420982360839844,-80.0058364868164
1629733236,8866020,12,0,6604,40.55686569213867,-80.0188980102539
1629733261,14633020,44,0,1715,40.39434814453125,-79.97061920166016
1629733263,3659020,1,0,6606,40.49414825439453,-79.9185562133789
1629733266,13903020,61D,0,6620,40.422813415527344,-79.92875671386719
1629733258,3459020,40,0,1723,40.44374465942383,-79.9936294555664
1629733263,7353020,61C,0,6619,40.43925094604492,-79.99453735351562
1629733264,14709020,44,0,1729,40.44268035888672,-79.99894714355469
1629733249,5421020,G2,0,6614,40.44038009643555,-80.01825714111328
1629733209,3247020,38,0,6613,40.38248825073242,-80.04303741455078
1629733265,4001020,61B,0,6618,40.42353057861328,-79.89140319824219
1629733243,8292020,61C,0,6630,40.437835693359375,-79.93074035644531
1629733248,6013020,14,0,6511,40.49594497680664,-80.06730651855469
1629733249,10857020,54,0,6502,40.45387268066406,-79.99833679199219
1629733246,4325020,61A,0,6623,40.439693450927734,-79.897216796875
1629733239,6085020,Y47,0,5654,40.329986572265625,-79.92262268066406
1629732678,2695020,54,0,6501,40.452144622802734,-80.0064926147461
1629733255,5745020,51,0,6625,40.38587951660156,-79.97891998291016
1629733261,10504020,8,0,6503,40.484352111816406,-80.01443481445312
1629733264,14419020,93,0,6627,40.465572357177734,-79.95545959472656
1629733264,14008020,16,0,6505,40.503868103027344,-80.07485961914062
1629733262,13050020,93,0,6626,40.44276428222656,-79.95707702636719
1629733262,4340020,53L,0,6629,40.40033721923828,-79.90531921386719
1629733257,887020,61B,0,6628,40.43806076049805,-79.92536926269531
1629733239,8886020,27,0,6520,40.44145202636719,-80.0686264038086
1629733258,8710020,77,0,6641,40.44868469238281,-79.76158142089844
1629733248,3589020,61D,0,3255,40.44011688232422,-79.99872589111328
1629733249,3443020,51,0,6634,40.38066482543945,-79.97625732421875
1629733245,4621020,41,0,6515,40.4368896484375,-80.00083923339844
1629733266,2649020,61A,0,6635,40.415130615234375,-79.87511444091797
1629733237,704020,39,0,6516,40.44615936279297,-79.98866271972656
1629733257,1178020,67,0,6637,40.44014358520508,-79.9988021850586
1629733252,14514020,29,0,6519,40.44955825805664,-80.18284606933594
1629733246,11614020,24,0,6518,40.46915054321289,-80.09744262695312
1629733259,7410020,86,0,6650,40.45740509033203,-79.89631652832031
1629733259,1456020,71D,0,6652,40.440406799316406,-79.99480438232422
1629733254,34020,61C,0,6530,40.4252815246582,-79.92797088623047
1629733254,5089020,54,0,6412,40.453189849853516,-79.94771575927734
1629733246,9411020,61C,0,6532,40.43770217895508,-79.98583221435547
1629733254,1545020,67,0,6653,40.45303726196289,-79.750244140625
1629733261,4868020,86,0,6645,40.4499397277832,-79.89166259765625
1629733245,1035020,91,0,6403,40.460845947265625,-79.96985626220703
1629733244,11201020,28X,0,6644,40.41453552246094,-80.08260345458984
1629733264,6648020,91,0,6405,40.49452209472656,-79.92123413085938
1629733249,9251020,12,0,6404,40.47191619873047,-80.00399017333984
1629733255,2066020,28X,0,6649,40.44748306274414,-80.06439208984375
1629733263,-1546458912,91,1,6407,40.44330978393555,-79.996337890625
1629733263,296020,2,0,6406,40.4876594543457,-79.97265625
1629733266,11612020,64,0,6527,40.451656341552734,-79.92033386230469
1629733256,6239020,16,0,6408,40.453468322753906,-80.00174713134766
1629733263,14451020,81,0,6529,40.430419921875,-79.9771957397461
1629733251,8130020,P68,0,6542,40.40631103515625,-79.82518005371094
1629733265,11057020,28X,0,6544,40.49830627441406,-80.25885009765625
1629733259,5182020,14,0,6301,40.584068298339844,-80.22547149658203
1629733260,6612020,71A,0,6543,40.47428894042969,-79.925048828125
1629733258,2898020,Y47,0,6535,40.43946075439453,-79.99909973144531
1629733248,2906020,1,0,6413,40.515113830566406,-79.85295104980469
1629733264,9643020,41,0,6416,40.376583099365234,-80.06729888916016
1629733255,13728020,Y46,0,6537,40.39546203613281,-79.99966430664062
1629733251,12363020,41,0,6417,40.357913970947266,-80.11072540283203
1629733262,4826020,60,0,6538,40.35272979736328,-79.84809875488281
1629733252,14438020,48,0,6419,40.43626403808594,-80.0011978149414
1629733263,12635020,71A,0,6551,40.44125747680664,-79.99722290039062
1629733252,10822020,61D,0,6432,40.437862396240234,-79.96393585205078
1629733260,5437020,82,0,6553,40.46990966796875,-79.89427185058594
1629733257,6440020,54,0,6310,40.43721389770508,-79.97116088867188
1629733224,1049020,59,0,6431,40.37179183959961,-79.8440170288086
1629733258,11911020,74,0,6552,40.474021911621094,-79.8978042602539
1629733256,1131020,17,0,6313,40.48165512084961,-80.0342788696289
1629733266,5571020,P78,0,6555,40.47562026977539,-79.84835815429688
1629733260,11981020,12,0,6312,40.55488586425781,-80.02100372314453
1629733260,4270020,71C,0,6546,40.438533782958984,-79.96281433105469
1629733262,2470020,31,0,6424,40.410133361816406,-80.08250427246094
1629733237,7164020,71C,0,6548,40.454498291015625,-79.91303253173828
1629733262,14661020,G2,0,6427,40.40540313720703,-80.09072875976562
1629733246,9772020,79,0,6547,40.44985580444336,-79.89168548583984
1629733260,6926020,8,0,6305,40.517513275146484,-80.03681945800781
1629733258,3769020,56,0,6429,40.34503173828125,-79.86366271972656
1629733264,1152020,8,0,6308,40.487239837646484,-80.01627349853516
1629733249,131020,13,0,6307,40.49350357055664,-80.05139923095703
1629733253,3504020,55,0,6428,40.34147262573242,-79.94434356689453
1629733161,13958020,64,0,6549,40.411136627197266,-79.90630340576172
1629733246,3854020,59,0,6441,40.38426208496094,-79.86787414550781
1629733255,1792020,12,0,6201,40.5853271484375,-80.0373306274414
1629733263,9954020,51,0,6443,40.44179916381836,-79.99964141845703
1629733234,1282020,61B,0,6442,40.42845916748047,-79.89167785644531
1629733261,2616020,1,0,6203,40.60097122192383,-79.75557708740234
1629733082,6762020,36,0,6324,40.34002685546875,-80.05384826660156
1629733215,2961020,93,0,6445,40.40620040893555,-79.9328384399414
1629733265,7477020,12,0,6202,40.51658248901367,-80.00445556640625
1629733249,-1981227753,16,1,5904,40.441925048828125,-80.00149536132812
1629733249,7523020,6,0,5907,40.48564910888672,-80.0058822631836
1629733264,7161020,14,0,6315,40.591243743896484,-80.22737884521484
1629733253,6370020,55,0,6436,40.362281799316406,-79.83045959472656
1629733241,5521020,67,0,6557,40.445552825927734,-79.93112182617188
1629733239,14602020,77,0,6556,40.46348190307617,-79.9306869506836
1629733249,14700020,83,0,6438,40.437217712402344,-79.9711685180664
1629733239,2672020,31,0,6319,40.4105110168457,-80.0819320678711
1629733264,5426020,38,0,6318,40.38241958618164,-80.08406066894531
1629733237,10387020,61D,0,6439,40.440250396728516,-79.95877838134766
1629733247,239020,91,0,5901,40.500526428222656,-79.86073303222656
1629733259,4541020,17,0,5902,40.48793411254883,-80.0412826538086
1629733234,1388020,28X,0,6450,40.45288848876953,-79.9206771850586
1629733253,59020,14,0,6212,40.44762420654297,-80.01985931396484
1629733266,7722020,26,0,6332,40.45090103149414,-80.06959533691406
1629733250,3467020,31,0,5917,40.44356155395508,-79.99293518066406
1629733238,9309020,15,0,6205,40.445335388183594,-79.99911499023438
1629733246,14258020,48,0,6325,40.42129135131836,-79.99857330322266
1629733260,12030020,54,0,6204,40.45327377319336,-79.94738006591797
1629733262,8507020,59,0,6446,40.400150299072266,-79.83387756347656
1629733245,6461020,54,0,6206,40.40884780883789,-79.99147033691406
1629733239,10753020,61C,0,6448,40.40140151977539,-79.88075256347656
1629733266,630020,24,0,5911,40.447959899902344,-80.15564727783203
1629733229,5438020,75,0,6461,40.490081787109375,-79.86995697021484
1629733252,10855020,39,0,6221,40.38947677612305,-80.00950622558594
1629733260,10918020,64,0,6342,40.42359924316406,-79.92852020263672
1629733240,14665020,71C,0,6463,40.43963623046875,-79.99652099609375
1629733261,8626020,56,0,6341,40.4356575012207,-79.9947280883789
1629733260,120020,71D,0,6462,40.444580078125,-79.8846435546875
1629733234,5474020,17,0,6102,40.44206237792969,-80.00173950195312
1629733265,12923020,27,0,6223,40.43948745727539,-80.01654052734375
1629733260,9005020,22,0,6222,40.478111267089844,-80.07593536376953
1629733257,6779020,20,0,6225,40.46492004394531,-80.06842803955078
1629733266,11835020,51,0,6346,40.41883850097656,-79.98651885986328
1629733256,1485020,38,0,6224,40.4188232421875,-80.04588317871094
1629733264,1772020,8,0,5806,40.44403839111328,-80.00061798095703
1629733265,2900020,13,0,6216,40.44159698486328,-80.00308227539062
1629733243,11433020,36,0,6218,40.441043853759766,-80.00396728515625
1629733238,7447020,56,0,6339,40.359947204589844,-79.90777587890625
1629733263,5159020,59,0,5921,40.36406326293945,-79.84281921386719
1629733252,6904020,82,0,6459,40.46076583862305,-79.91571044921875
1629733236,7148020,83,0,5922,40.44390869140625,-79.95073699951172
1629733249,816020,1,0,5803,40.47809982299805,-79.96906280517578
1629733256,8036020,2,0,5804,40.545814514160156,-80.01714324951172
1629733753,1925020,51,0,6111,40.43711471557617,-80.0019302368164
1629733754,7734020,57,0,6353,40.405799865722656,-79.93807220458984
1629733745,11656020,20,0,6110,40.46804428100586,-80.09831237792969
1629733748,2572020,61C,0,6355,40.4323616027832,-79.92314147949219
1629733746,13682020,Y46,0,6113,40.375396728515625,-79.98332214355469
1629733726,8001020,53L,0,6233,40.40740966796875,-79.91422271728516
1629733721,3364020,61B,0,6112,40.40233612060547,-79.86834716796875
1629733716,1612020,55,0,6357,40.29205322265625,-79.88143920898438
1629733741,3291020,59,0,6235,40.3502082824707,-79.92755889892578
1629733746,8785020,59,0,6114,40.401363372802734,-79.8654556274414
1629733739,-854974931,88,1,5937,40.44968032836914,-79.98455810546875
1629733716,12791020,P3,0,5816,40.41512680053711,-79.87915802001953
1629733751,10830020,61A,0,5819,40.438751220703125,-79.98943328857422
1629733733,8225020,51,0,6348,40.38053512573242,-79.97628021240234
1629733734,5216020,91,0,6106,40.487979888916016,-79.88965606689453
1629733742,4317020,1,0,6105,40.600669860839844,-79.75686645507812
1629733747,5413020,P68,0,6468,40.439823150634766,-79.8788070678711
1629733743,6935020,21,0,5810,40.46603012084961,-80.06067657470703
1629733633,6066020,39,0,6229,40.44609832763672,-79.98878479003906
1629733729,9646020,61A,0,5931,40.43701934814453,-79.96322631835938
1629733753,7244020,81,0,5932,40.44414138793945,-79.988037109375
1629733750,11241020,71A,0,6362,40.438419342041016,-79.98198699951172
1629733739,10121020,61A,0,6240,40.43806076049805,-79.92361450195312
1629733752,253020,88,0,6361,40.465782165527344,-79.95465087890625
1629733555,6529020,51,0,6242,40.36247253417969,-79.93084716796875
1629733754,12098020,71B,0,6363,40.47829055786133,-79.91941833496094
1629733751,1542020,71B,0,6366,40.45205307006836,-79.92412567138672
1629733750,9539020,51,0,6244,40.403831481933594,-79.99017333984375
1629733730,6044020,58,0,6365,40.44472885131836,-79.94353485107422
1629733736,8743020,51,0,6126,40.34206008911133,-79.96658325195312
1629733745,3314020,6,0,6005,40.4547233581543,-79.99462890625
1629733751,7517020,82,0,6368,40.45133590698242,-79.95387268066406
1629733738,8698020,59,0,6246,40.411006927490234,-79.9101791381836
1629733708,5047020,71B,0,6367,40.43775177001953,-79.98666381835938
1629733726,12648020,57,0,6117,40.40712356567383,-79.91372680664062
1629733705,11546020,61B,0,6238,40.440792083740234,-80.00065612792969
1629733749,11528020,59,0,6358,40.415035247802734,-79.87483978271484
1629733733,5994020,61B,0,6239,40.44358444213867,-79.95198059082031
1629733747,6457020,54,0,5702,40.451927185058594,-80.00630187988281
1629733727,1098020,87,0,5944,40.48328399658203,-79.94752502441406
1629733742,14441020,16,0,5703,40.46543502807617,-80.02462768554688
1629733733,9340020,75,0,5945,40.43843460083008,-79.96295166015625
1629733740,14513020,51,0,6130,40.428321838378906,-79.9805908203125
1629733742,5207020,54,0,6014,40.44221496582031,-79.95777893066406
1629733745,2180020,75,0,6137,40.487274169921875,-79.89549255371094
1629733748,10582020,61A,0,6250,40.443790435791016,-79.93865203857422
1629733725,10371020,P1,0,3416,40.414737701416016,-79.87882232666016
1629733751,6474020,P1,0,3414,40.45653533935547,-79.93291473388672
1629733752,2984020,P3,0,6249,40.438079833984375,-79.96344757080078
1629733746,12910020,77,0,6369,40.47512435913086,-79.77407836914062
1629733733,8545020,14,0,6009,40.5494499206543,-80.18988037109375
1629733733,9394020,59,0,6129,40.40732192993164,-79.91040802001953
1629733753,6372020,8,0,6008,40.518489837646484,-80.02726745605469
1629733755,7706020,71C,0,5715,40.450233459472656,-79.95100402832031
1629733729,6667020,29,0,6021,40.44597244262695,-79.98909759521484
1629733754,5862020,71B,0,6263,40.43857955932617,-79.98571014404297
1629733737,12066020,74,0,6262,40.4614143371582,-79.92481231689453
1629733750,4840020,79,0,6265,40.444698333740234,-79.87515258789062
1629733745,5264020,G2,0,6023,40.443790435791016,-79.99394989013672
1629733740,359020,21,0,6022,40.523040771484375,-80.21690368652344
1629733741,8141020,74,0,6264,40.43804168701172,-79.91993713378906
1629733750,1993020,26,0,6025,40.45097351074219,-80.04814910888672
1629733753,2156020,77,0,6146,40.4596061706543,-79.91136932373047
1629733746,300020,88,0,6267,40.45676040649414,-79.91358184814453
1629733746,1339020,82,0,6266,40.44366455078125,-79.98028564453125
1629733753,14172020,71B,0,6269,40.44724655151367,-79.94477081298828
1629733746,10648020,77,0,6268,40.45482635498047,-79.94571685791016
1629733725,5571020,P78,0,6147,40.445350646972656,-79.9902114868164
1629733745,193020,71C,0,6140,40.44594192504883,-79.88816833496094
1629733726,9169020,71D,0,3424,40.44181442260742,-79.95845794677734
1629733754,11552020,71D,0,3421,40.457115173339844,-79.90848541259766
1629733730,8656020,71D,0,6138,40.440826416015625,-79.95963287353516
1629733752,7903020,16,0,5603,40.494911193847656,-80.05423736572266
1629733742,13780020,1,0,5605,40.54917907714844,-79.77001190185547
1629733740,11092020,71C,0,6153,40.44186019897461,-79.99879455566406
1629733726,1130020,93,0,6032,40.48290252685547,-79.94801330566406
1629733750,10896020,51,0,6031,40.366058349609375,-79.98176574707031
1629733744,114020,71,0,6152,40.43683624267578,-79.89405059814453
1629733750,12017020,77,0,6155,40.46380615234375,-79.85541534423828
1629733754,11947020,87,0,6154,40.46337127685547,-79.95403289794922
1629733740,10458020,81,0,6038,40.441375732421875,-79.96343231201172
1629733723,11886020,P1,0,3320,40.44168472290039,-79.99761199951172
1629733745,10332020,71A,0,6270,40.47891616821289,-79.9190902709961
1629733752,13019020,P78,0,6272,40.50394821166992,-79.84284210205078
1629733736,9790020,82,0,6271,40.44282150268555,-79.99845123291016
1629733736,12426020,22,0,5611,40.4682502746582,-80.09815216064453
1629733679,10177020,67,0,6149,40.44402313232422,-79.92608642578125
1629733747,5165020,91,0,5732,40.48905944824219,-79.89293670654297
1629733749,12795020,61D,0,5614,40.40617370605469,-79.91993713378906
1629733734,788020,P1,0,3319,40.457237243652344,-79.91095733642578
1629733747,7274020,Y49,0,6043,40.40306854248047,-80.00224304199219
1629733727,6665020,71D,0,6045,40.451171875,-79.92584991455078
1629733746,12997020,75,0,6046,40.450496673583984,-79.94499969482422
1629733732,5480020,71A,0,6048,40.45709228515625,-79.93460845947266
1629733747,7528020,87,0,6160,40.46229553222656,-79.9426040649414
1629733752,3393020,P1,0,3329,40.41510772705078,-79.87847137451172
1629733750,10561020,61D,0,3206,40.41127014160156,-79.90579986572266
1629733732,2463020,71A,0,3326,40.44275665283203,-79.95708465576172
1629733748,14286020,11,0,1704,40.44552230834961,-79.99921417236328
1629733747,2304020,4,0,1702,40.4659309387207,-79.98184967041016
1629733734,12586020,79,0,6056,40.47451400756836,-79.8664779663086
1629733745,5364020,28X,0,6059,40.44158935546875,-80.00508880615234
1629733731,992020,71C,0,6051,40.45645523071289,-79.91602325439453
1629733746,12881020,44,0,1719,40.4317626953125,-80.00409698486328
1629733753,3565020,43,0,1718,40.44029235839844,-80.00064086914062
1629733726,2573020,48,0,5634,40.42105484008789,-80.00535583496094
1629733751,6433020,24,0,5635,40.46440124511719,-80.05760955810547
1629733749,9031020,54,0,6602,40.41593933105469,-79.99816131591797
1629733752,8866020,12,0,6604,40.57191848754883,-80.01861572265625
1629733741,14633020,44,0,1715,40.40134811401367,-79.98927307128906
1629733737,3659020,1,0,6606,40.4878044128418,-79.8867416381836
1629733754,13903020,61D,0,6620,40.43586730957031,-79.9228744506836
1629733714,3459020,40,0,1723,40.430023193359375,-80.00467681884766
1629733739,7353020,61C,0,6619,40.44097900390625,-80.00102233886719
1629733753,14709020,44,0,1729,40.44612503051758,-79.98873138427734
1629733749,5421020,G2,0,6614,40.45096206665039,-80.03736877441406
1629733718,3247020,38,0,6613,40.3825798034668,-80.0429916381836
1629733732,4001020,61B,0,6618,40.43803024291992,-79.9146499633789
1629733746,8292020,61C,0,6630,40.44596481323242,-79.95264434814453
1629733751,6013020,14,0,6511,40.44955062866211,-80.0268783569336
1629733747,10857020,54,0,6502,40.460514068603516,-79.96966552734375
1629733728,4325020,61A,0,6623,40.43970489501953,-79.87864685058594
1629733750,6085020,Y47,0,5654,40.33502960205078,-79.93611145019531
1629733735,5745020,51,0,6625,40.40822219848633,-79.99134826660156
1629733750,10504020,8,0,6503,40.511470794677734,-80.02749633789062
1629733696,4186020,2,0,6506,40.524532318115234,-80.00702667236328
1629733747,14419020,93,0,6627,40.45024108886719,-79.95100402832031
1629733726,14008020,16,0,6505,40.503868103027344,-80.07485961914062
1629733740,13050020,93,0,6626,40.45171356201172,-79.95183563232422
1629733735,4340020,53L,0,6629,40.409889221191406,-79.91241455078125
1629733727,887020,61B,0,6628,40.44398880004883,-79.95046997070312
1629733752,2597020,27,0,6520,40.44144821166992,-80.06874084472656
1629733743,8710020,77,0,6641,40.453025817871094,-79.75023651123047
1629733745,3589020,61D,0,3255,40.4376335144043,-79.98529052734375
1629733725,5497020,51,0,6634,40.380615234375,-79.97626495361328
1629733744,4621020,41,0,6515,40.398338317871094,-80.02621459960938
1629733735,2649020,61A,0,6635,40.43182373046875,-79.884521484375
1629733751,704020,39,0,6516,40.440208435058594,-79.99862670898438
1629733731,14514020,29,0,6519,40.439334869384766,-80.21099853515625
1629733733,11614020,24,0,6518,40.4709587097168,-80.07144165039062
1629733739,7410020,86,0,6650,40.457950592041016,-79.91687774658203
1629733732,9123020,71D,0,6652,40.4397087097168,-79.99764251708984
1629733737,34020,61C,0,6530,40.406742095947266,-79.91118621826172
1629733749,5089020,54,0,6412,40.465576171875,-79.95567321777344
1629733753,9411020,61C,0,6532,40.44118118286133,-79.95750427246094
1629733746,13716020,67,0,6653,40.4407844543457,-79.74385070800781
1629733741,1508020,86,0,6645,40.449951171875,-79.89167785644531
1629733731,1035020,91,0,6403,40.47996520996094,-79.9547348022461
1629733739,11201020,28X,0,6644,40.45314025878906,-80.16842651367188
1629733755,6648020,91,0,6405,40.482421875,-79.95198822021484
1629733753,7028020,12,0,6404,40.44388961791992,-79.99848175048828
1629733739,2066020,28X,0,6649,40.44133758544922,-80.004638671875
1629733731,-1546458912,91,1,6407,40.44184875488281,-79.99506378173828
1629733738,296020,2,0,6406,40.46458435058594,-79.9801254272461
1629733747,11612020,64,0,6527,40.45598220825195,-79.93831634521484
1629733752,10637020,16,0,6408,40.442020416259766,-80.0015640258789
1629733734,14451020,81,0,6529,40.428428649902344,-79.97461700439453
1629733746,8130020,P68,0,6542,40.39850616455078,-79.84107208251953
1629733746,11057020,28X,0,6544,40.45513916015625,-80.18413543701172
1629733728,5182020,14,0,6301,40.55622100830078,-80.19682312011719
1629733747,6612020,71A,0,6543,40.455711364746094,-79.939208984375
1629733744,2898020,Y47,0,6535,40.40470504760742,-80.00372314453125
1629733742,2906020,1,0,6413,40.48741912841797,-79.8835678100586
1629733753,9643020,41,0,6416,40.3897590637207,-80.0412826538086
1629733749,13728020,Y46,0,6537,40.36431884765625,-79.98444366455078
1629733750,2588020,60,0,6538,40.345096588134766,-79.83992767333984
1629733728,403020,48,0,6419,40.441593170166016,-79.99826049804688
1629733716,8708020,71A,0,6551,40.43959426879883,-79.99658966064453
1629733732,10822020,61D,0,6432,40.438690185546875,-79.98825073242188
1629733736,5437020,82,0,6553,40.45790100097656,-79.91693878173828
1629733753,6440020,54,0,6310,40.42859649658203,-79.97789001464844
1629733752,1049020,59,0,6431,40.36746597290039,-79.84799194335938
1629733734,11911020,74,0,6552,40.468994140625,-79.90532684326172
1629733739,1131020,17,0,6313,40.500328063964844,-80.0338363647461
1629733734,11981020,12,0,6312,40.54225540161133,-80.01333618164062
1629733727,4270020,71C,0,6546,40.446929931640625,-79.94922637939453
1629733754,2470020,31,0,6424,40.438289642333984,-80.04612731933594
1629733754,7164020,71C,0,6548,40.45804977416992,-79.93399047851562
1629733754,14661020,G2,0,6427,40.415714263916016,-80.0826644897461
1629733750,1502020,79,0,6547,40.45011901855469,-79.89221954345703
1629733715,6926020,8,0,6305,40.51750946044922,-80.03681945800781
1629733752,3769020,56,0,6429,40.347469329833984,-79.88155364990234
1629733749,1152020,8,0,6308,40.463680267333984,-80.0123062133789
1629733751,131020,13,0,6307,40.465084075927734,-80.0330810546875
1629733734,3504020,55,0,6428,40.336788177490234,-79.94929504394531
1629733742,13958020,64,0,6549,40.403663635253906,-79.9197006225586
1629733739,3854020,59,0,6441,40.3839111328125,-79.86837768554688
1629733749,5014020,12,0,6201,40.58671951293945,-80.04110717773438
1629733717,129020,51,0,6443,40.428619384765625,-79.99195098876953
1629733726,2616020,1,0,6203,40.592864990234375,-79.77091979980469
1629733752,2961020,93,0,6445,40.41925811767578,-79.93463134765625
1629733740,7477020,12,0,6202,40.54533004760742,-80.00634002685547
1629733734,-1981227753,16,1,5904,40.45549011230469,-80.00238800048828
1629733749,7523020,6,0,5907,40.469825744628906,-79.99824523925781
1629733734,7161020,14,0,6315,40.59125518798828,-80.22738647460938
1629733749,6370020,55,0,6436,40.38481903076172,-79.823486328125
1629733740,5521020,67,0,6557,40.44749450683594,-79.89620208740234
1629733737,14602020,77,0,6556,40.45586395263672,-79.96565246582031
1629733728,14700020,83,0,6438,40.4304084777832,-79.9770736694336
1629733726,2672020,31,0,6319,40.38726043701172,-80.09159088134766
1629733733,5426020,38,0,6318,40.40119171142578,-80.06322479248047
1629733745,10387020,61D,0,6439,40.44439697265625,-79.94161224365234
1629733736,239020,91,0,5901,40.50053787231445,-79.86072540283203
1629733753,4541020,17,0,5902,40.46957778930664,-80.02745056152344
1629733734,1388020,28X,0,6450,40.45758819580078,-79.91445922851562
1629733720,59020,14,0,6212,40.44762420654297,-80.01985931396484
1629733723,7722020,26,0,6332,40.441070556640625,-80.06873321533203
1629733731,3467020,31,0,5917,40.44202423095703,-80.02253723144531
1629733752,14258020,48,0,6325,40.417335510253906,-79.96827697753906
1629733729,12030020,54,0,6204,40.44453048706055,-79.95465850830078
1629733728,8507020,59,0,6446,40.388153076171875,-79.82357788085938
1629733740,6461020,54,0,6206,40.40884780883789,-79.99147033691406
1629733741,630020,24,0,5911,40.451744079589844,-80.15845489501953
1629733731,12035020,91,0,6209,40.44242858886719,-79.99990844726562
1629733751,5438020,75,0,6461,40.48719024658203,-79.88544464111328
1629733737,7224020,39,0,6221,40.39191818237305,-80.01526641845703
1629733753,10918020,64,0,6342,40.408409118652344,-79.9177474975586
1629733741,14665020,71C,0,6463,40.43741989135742,-79.97953033447266
1629733746,4595020,56,0,6341,40.43878936767578,-79.99974822998047
1629733743,9731020,71D,0,6462,40.44998550415039,-79.89179992675781
1629733754,12923020,27,0,6223,40.44182586669922,-80.03497314453125
1629733747,9005020,22,0,6222,40.46318817138672,-80.05227661132812
1629733728,2054020,1,0,6104,40.442535400390625,-79.99976348876953
1629733754,6779020,20,0,6225,40.452964782714844,-80.03946685791016
1629733749,11835020,51,0,6346,40.42948913574219,-79.99729919433594
1629733754,1485020,38,0,6224,40.39693069458008,-80.06600952148438
1629733744,1772020,8,0,5806,40.4563102722168,-80.00691986083984
1629733731,2900020,13,0,6216,40.4561882019043,-80.0026626586914
1629733748,11433020,36,0,6218,40.4094123840332,-80.03207397460938
1629733754,7447020,56,0,6339,40.348426818847656,-79.87799835205078
1629733725,5159020,59,0,5921,40.351585388183594,-79.86509704589844
1629733747,6904020,82,0,6459,40.472930908203125,-79.88896942138672
1629733751,7148020,83,0,5922,40.44026184082031,-79.968505859375
1629733745,816020,1,0,5803,40.45396041870117,-79.99822235107422
1629733754,8036020,2,0,5804,40.52817916870117,-80.00707244873047
1629734203,1925020,51,0,6111,40.441627502441406,-79.99844360351562
1629734206,7734020,57,0,6353,40.42579650878906,-79.95524597167969
1629734184,11656020,20,0,6110,40.46804428100586,-80.09831237792969
1629734213,2572020,61C,0,6355,40.43804931640625,-79.927490234375
1629734201,13682020,Y46,0,6113,40.41147232055664,-80.00837707519531
1629734216,8001020,53L,0,6233,40.39754867553711,-79.90227508544922
1629734208,3364020,61B,0,6112,40.405860900878906,-79.87293243408203
1629734201,1612020,55,0,6357,40.31830978393555,-79.92134857177734
1629734202,3291020,59,0,6235,40.34871292114258,-79.87743377685547
1629734202,8785020,59,0,6114,40.4161262512207,-79.8792495727539
1629734188,-854974931,88,1,5937,40.466461181640625,-79.96236419677734
1629734211,12791020,P3,0,5816,40.44171142578125,-79.88666534423828
1629734216,10830020,61A,0,5819,40.4417610168457,-80.00248718261719
1629734189,8225020,51,0,6348,40.380741119384766,-79.97632598876953
1629734198,5216020,91,0,6106,40.4947509765625,-79.88638305664062
1629734202,4317020,1,0,6105,40.600669860839844,-79.75686645507812
1629734211,5413020,P68,0,6468,40.41553497314453,-79.85684204101562
1629734194,6935020,21,0,5810,40.44593048095703,-80.03048706054688
1629734187,6066020,39,0,6229,40.44609832763672,-79.98878479003906
1629734190,9646020,61A,0,5931,40.44464874267578,-79.94344329833984
1629734194,7244020,81,0,5932,40.4404296875,-79.99957275390625
1629734195,11241020,71A,0,6362,40.44142150878906,-79.99767303466797
1629734201,10121020,61A,0,6240,40.440513610839844,-79.88758087158203
1629734212,253020,88,0,6361,40.455047607421875,-79.97817993164062
1629734203,12098020,71B,0,6363,40.46000289916992,-79.92501831054688
1629734211,1542020,71B,0,6366,40.44696044921875,-79.94879150390625
1629734209,9539020,51,0,6244,40.381683349609375,-79.97630310058594
1629734198,6044020,58,0,6365,40.44472885131836,-79.94353485107422
1629734212,8743020,51,0,6126,40.343265533447266,-79.9424819946289
1629734208,3314020,6,0,6005,40.474090576171875,-80.00273132324219
1629734214,7517020,82,0,6368,40.456932067871094,-79.93511962890625
1629734202,8698020,59,0,6246,40.406288146972656,-79.91178131103516
1629734207,5047020,71B,0,6367,40.4364128112793,-79.96837615966797
1629734210,12648020,57,0,6117,40.412841796875,-79.90298461914062
1629734213,11546020,61B,0,6238,40.437782287597656,-79.98746490478516
1629734212,11528020,59,0,6358,40.404144287109375,-79.86180877685547
1629734211,5994020,61B,0,6239,40.43801498413086,-79.920166015625
1629734193,6457020,54,0,5702,40.451927185058594,-80.00630187988281
1629734197,6591020,87,0,5944,40.48337936401367,-79.94757843017578
1629734213,14441020,16,0,5703,40.456092834472656,-80.00291442871094
1629734212,9340020,75,0,5945,40.44680404663086,-79.94985961914062
1629734213,14513020,51,0,6130,40.411170959472656,-79.98999786376953
1629734206,8022020,15,0,6011,40.44355773925781,-79.99298858642578
1629734212,5207020,54,0,6014,40.44868087768555,-79.95003509521484
1629734210,9702020,28X,0,6258,40.44508361816406,-79.94275665283203
1629734183,2180020,75,0,6137,40.48731994628906,-79.8827133178711
1629734210,10582020,61A,0,6250,40.44207763671875,-79.95804595947266
1629734199,9074020,P1,0,3416,40.4150276184082,-79.87947845458984
1629734209,9288020,P1,0,3414,40.443809509277344,-79.99488830566406
1629734211,1722020,P3,0,6249,40.443946838378906,-79.95541381835938
1629734205,12910020,77,0,6369,40.483497619628906,-79.80415344238281
1629734199,8545020,14,0,6009,40.58113479614258,-80.22327423095703
1629734195,9394020,59,0,6129,40.40426254272461,-79.92037200927734
1629734204,6372020,8,0,6008,40.50361633300781,-80.025390625
1629734211,7706020,71C,0,5715,40.43925094604492,-79.9619140625
1629734212,7363020,29,0,6021,40.44386291503906,-79.99451446533203
1629734210,5862020,71B,0,6263,40.442264556884766,-80.0005111694336
1629734216,12066020,74,0,6262,40.463356018066406,-79.91724395751953
1629734158,4840020,79,0,6265,40.44953918457031,-79.89151000976562
1629734216,5264020,G2,0,6023,40.44148635864258,-80.02094268798828
1629734203,359020,21,0,6022,40.50388717651367,-80.22459411621094
1629734194,1254020,74,0,6264,40.43483352661133,-79.91886901855469
1629734215,1993020,26,0,6025,40.44187545776367,-80.02210235595703
1629734208,2156020,77,0,6146,40.460838317871094,-79.9231948852539
1629734177,8821020,88,0,6267,40.456787109375,-79.91355895996094
1629734214,1339020,82,0,6266,40.4400520324707,-79.99842071533203
1629734189,14172020,71B,0,6269,40.45527648925781,-79.92530059814453
1629734206,10648020,77,0,6268,40.460384368896484,-79.92188262939453
1629734185,5571020,P78,0,6147,40.44532775878906,-79.99015045166016
1629734201,193020,71C,0,6140,40.446922302246094,-79.89448547363281
1629734212,9169020,71D,0,3424,40.43833923339844,-79.98016357421875
1629734197,11552020,71D,0,3421,40.448402404785156,-79.9342041015625
1629734186,8656020,71D,0,6138,40.44706344604492,-79.94721984863281
1629734162,11421020,16,0,5603,40.503761291503906,-80.07447052001953
1629734215,13780020,1,0,5605,40.57289505004883,-79.77730560302734
1629734189,13181020,71C,0,6153,40.4402961730957,-79.9948959350586
1629734187,1130020,93,0,6032,40.48290252685547,-79.94801330566406
1629734199,10896020,51,0,6031,40.38378143310547,-79.97738647460938
1629734207,1896020,71,0,6152,40.44994354248047,-79.8916015625
1629734213,12017020,77,0,6155,40.467960357666016,-79.82503509521484
1629734208,11947020,87,0,6154,40.460723876953125,-79.93262481689453
1629734216,10458020,81,0,6038,40.43046569824219,-79.97370910644531
1629734191,11886020,P1,0,3320,40.46019744873047,-79.9557113647461
1629734207,10332020,71A,0,6270,40.478004455566406,-79.91958618164062
1629734214,13019020,P78,0,6272,40.52944564819336,-79.84992980957031
1629734188,9790020,82,0,6271,40.44306945800781,-79.9811782836914
1629734196,12426020,22,0,5611,40.46826934814453,-80.09815979003906
1629734216,10177020,67,0,6149,40.44589614868164,-79.95274353027344
1629734214,5165020,91,0,5732,40.49458312988281,-79.93331146240234
1629734196,12795020,61D,0,5614,40.414039611816406,-79.92308044433594
1629734175,788020,P1,0,3319,40.41796112060547,-79.8848876953125
1629734177,7274020,Y49,0,6043,40.43209457397461,-80.00391387939453
1629734197,6665020,71D,0,6045,40.4528694152832,-79.88987731933594
1629734200,12997020,75,0,6046,40.441646575927734,-79.95867156982422
1629734216,5480020,71A,0,6048,40.476070404052734,-79.92078399658203
1629734202,7528020,87,0,6160,40.45736312866211,-79.97340393066406
1629734180,3393020,P1,0,3329,40.45286178588867,-79.89898681640625
1629734163,13161020,61D,0,3206,40.411014556884766,-79.90662384033203
1629734205,2463020,71A,0,3326,40.4539680480957,-79.94508361816406
1629734202,2304020,4,0,1702,40.466922760009766,-79.98039245605469
1629734213,11532020,82,0,6056,40.47298812866211,-79.8885726928711
1629734207,5364020,28X,0,6059,40.44371032714844,-80.0269546508789
1629734209,992020,71C,0,6051,40.443870544433594,-79.89102172851562
1629734213,12881020,44,0,1719,40.42000961303711,-79.99739074707031
1629734193,5975020,43,0,1718,40.437862396240234,-79.9999771118164
1629734187,2573020,48,0,5634,40.421051025390625,-80.00534057617188
1629734160,6433020,24,0,5635,40.47218322753906,-80.07305145263672
1629734215,9031020,54,0,6602,40.421783447265625,-79.97917938232422
1629734214,8866020,12,0,6604,40.5859489440918,-80.04000091552734
1629734179,14633020,44,0,1715,40.40937042236328,-79.9743881225586
1629734207,3659020,1,0,6606,40.50737380981445,-79.8516616821289
1629734212,13903020,61D,0,6620,40.44462585449219,-79.94400787353516
1629734210,3459020,40,0,1723,40.42104721069336,-80.01280212402344
1629734193,6041020,61C,0,6619,40.43785095214844,-79.98908996582031
1629734213,14709020,44,0,1729,40.44612503051758,-79.98873138427734
1629734197,5421020,G2,0,6614,40.41209411621094,-80.08541870117188
1629734195,7336020,38,0,6613,40.38254928588867,-80.04296112060547
1629734190,4001020,61B,0,6618,40.444637298583984,-79.94387817382812
1629734203,8292020,61C,0,6630,40.43690872192383,-79.9659194946289
1629734215,6013020,14,0,6511,40.44764709472656,-80.01992797851562
1629734210,10857020,54,0,6502,40.46463394165039,-79.95379638671875
1629734196,4325020,61A,0,6623,40.41810607910156,-79.88260650634766
1629734213,6085020,Y47,0,5654,40.34513854980469,-79.9490737915039
1629734195,10509020,54,0,6501,40.45566177368164,-80.00525665283203
1629734189,5745020,51,0,6625,40.426612854003906,-79.98077392578125
1629734202,10504020,8,0,6503,40.5166015625,-80.03860473632812
1629734186,4186020,2,0,6506,40.54326629638672,-80.01094055175781
1629734195,14419020,93,0,6627,40.437862396240234,-79.96393585205078
1629734215,14008020,16,0,6505,40.4952392578125,-80.05490112304688
1629734186,13050020,93,0,6626,40.46529769897461,-79.95790100097656
1629734209,4340020,53L,0,6629,40.407711029052734,-79.91381072998047
1629734212,887020,61B,0,6628,40.43645095825195,-79.96880340576172
1629734213,2597020,27,0,6520,40.44676208496094,-80.08006286621094
1629734181,8710020,77,0,6641,40.453025817871094,-79.75023651123047
1629734214,3589020,61D,0,3255,40.44192123413086,-79.95647430419922
1629734212,5497020,51,0,6634,40.39937973022461,-79.98902130126953
1629734207,4621020,41,0,6515,40.385108947753906,-80.05266571044922
1629734208,2649020,61A,0,6635,40.440956115722656,-79.89070129394531
1629734202,704020,39,0,6516,40.41474914550781,-80.01134490966797
1629734215,14514020,29,0,6519,40.42230987548828,-80.19110107421875
1629734208,11614020,24,0,6518,40.45975875854492,-80.04747772216797
1629734216,7410020,86,0,6650,40.456974029541016,-79.93498992919922
1629734190,9123020,71D,0,6652,40.43777084350586,-79.98721313476562
1629734215,4121020,Y46,0,6531,40.29251480102539,-79.87667846679688
1629734211,34020,61C,0,6530,40.40066909790039,-79.88007354736328
1629734195,5089020,54,0,6412,40.45614242553711,-79.97667694091797
1629734214,9411020,61C,0,6532,40.44044876098633,-79.93556213378906
1629734188,13716020,67,0,6653,40.4376220703125,-79.76139068603516
1629734216,1508020,86,0,6645,40.44751739501953,-79.88935089111328
1629734192,1035020,91,0,6403,40.494571685791016,-79.93250274658203
1629734189,11201020,28X,0,6644,40.4714469909668,-80.22811126708984
1629734213,6648020,91,0,6405,40.4675178527832,-79.96380615234375
1629734205,7028020,12,0,6404,40.450565338134766,-80.00126647949219
1629734192,2066020,28X,0,6649,40.43635940551758,-79.9713363647461
1629734196,-1546458912,91,1,6407,40.50181198120117,-80.02198028564453
1629734207,11612020,64,0,6527,40.46575927734375,-79.95455932617188
1629734182,10637020,16,0,6408,40.44987487792969,-80.00103759765625
1629734191,14451020,81,0,6529,40.44301223754883,-79.95415496826172
1629734211,8130020,P68,0,6542,40.41507339477539,-79.85441589355469
1629734194,11057020,28X,0,6544,40.44830322265625,-80.16266632080078
1629734210,5182020,14,0,6301,40.5299186706543,-80.16547393798828
1629734206,6612020,71A,0,6543,40.44710922241211,-79.94913482666016
1629734191,2898020,Y47,0,6535,40.37638854980469,-79.99406433105469
1629734215,2906020,1,0,6413,40.487220764160156,-79.89410400390625
1629734215,9643020,41,0,6416,40.40280532836914,-80.02080535888672
1629734172,13728020,Y46,0,6537,40.34204864501953,-79.96656036376953
1629734210,2588020,60,0,6538,40.35210037231445,-79.85963439941406
1629734201,403020,48,0,6419,40.428741455078125,-79.99503326416016
1629734210,8708020,71A,0,6551,40.437503814697266,-79.98152160644531
1629734216,7586020,61D,0,6432,40.440311431884766,-79.99995422363281
1629734202,5437020,82,0,6553,40.457359313964844,-79.93387603759766
1629734207,6440020,54,0,6310,40.41475296020508,-79.98775482177734
1629734206,1049020,59,0,6431,40.37982177734375,-79.86864471435547
1629734212,11911020,74,0,6552,40.46065902709961,-79.92269134521484
1629734191,1131020,17,0,6313,40.50053405761719,-80.02213287353516
1629734211,11981020,12,0,6312,40.5314826965332,-80.01046752929688
1629734202,4270020,71C,0,6546,40.45555877685547,-79.93972778320312
1629734210,2470020,31,0,6424,40.441349029541016,-80.00394439697266
1629734197,7164020,71C,0,6548,40.45133972167969,-79.95171356201172
1629734201,14661020,G2,0,6427,40.45232009887695,-80.05252075195312
1629734202,1502020,79,0,6547,40.44578170776367,-79.87226104736328
1629734192,3536020,8,0,6305,40.51759338378906,-80.03700256347656
1629734209,3769020,56,0,6429,40.35231018066406,-79.90454864501953
1629734213,1152020,8,0,6308,40.45289993286133,-80.00154876708984
1629734216,131020,13,0,6307,40.454315185546875,-80.01260375976562
1629734209,3504020,55,0,6428,40.32878875732422,-79.93812561035156
1629734190,13958020,64,0,6549,40.414039611816406,-79.92308044433594
1629734207,3854020,59,0,6441,40.37114715576172,-79.84957885742188
1629734194,7031020,61C,0,6440,40.39329147338867,-79.87049102783203
1629734207,5014020,12,0,6201,40.57432556152344,-80.01546478271484
1629734212,129020,51,0,6443,40.421470642089844,-79.98259735107422
1629734214,2616020,1,0,6203,40.563560485839844,-79.76798248291016
1629734206,2961020,93,0,6445,40.4329719543457,-79.92304992675781
1629734213,7477020,12,0,6202,40.54644775390625,-80.02007293701172
1629734207,-1981227753,16,1,5904,40.464996337890625,-80.02417755126953
1629734192,7523020,6,0,5907,40.454280853271484,-79.996337890625
1629734189,13486020,13,0,5909,40.51769256591797,-80.03130340576172
1629734195,7161020,14,0,6315,40.59125518798828,-80.22738647460938
1629734170,6370020,55,0,6436,40.38806915283203,-79.8234634399414
1629734189,5521020,67,0,6557,40.440040588378906,-79.87664031982422
1629734165,14602020,77,0,6556,40.44038391113281,-79.99945068359375
1629734206,7995020,83,0,6438,40.43041229248047,-79.9771957397461
1629734214,2672020,31,0,6319,40.36894989013672,-80.10194396972656
1629734190,5426020,38,0,6318,40.422786712646484,-80.03046417236328
1629734194,10387020,61D,0,6439,40.43236541748047,-79.92314147949219
1629734201,8920020,91,0,5901,40.50056076049805,-79.86080932617188
1629734195,4541020,17,0,5902,40.45537567138672,-80.01914978027344
1629734181,6627020,14,0,6212,40.4621467590332,-80.03075408935547
1629734201,7722020,26,0,6332,40.441070556640625,-80.06873321533203
1629734216,3467020,31,0,5917,40.44126892089844,-80.03382873535156
1629734201,14258020,48,0,6325,40.42832946777344,-79.97314453125
1629734207,12030020,54,0,6204,40.436092376708984,-79.97309875488281
1629734189,8507020,59,0,6446,40.388153076171875,-79.82357788085938
1629734209,9246020,54,0,6206,40.40885925292969,-79.99156188964844
1629734206,630020,24,0,5911,40.453895568847656,-80.15522003173828
1629734211,12035020,91,0,6209,40.44977569580078,-79.98442077636719
1629734210,5438020,75,0,6461,40.48899841308594,-79.90169525146484
1629734207,7224020,39,0,6221,40.4118766784668,-80.00892639160156
1629734200,14665020,71C,0,6463,40.440330505371094,-79.9603271484375
1629734199,4595020,56,0,6341,40.43278884887695,-79.96233367919922
1629734209,9731020,71D,0,6462,40.44606018066406,-79.88336181640625
1629734206,5474020,17,0,6102,40.456085205078125,-80.01541137695312
1629734212,12923020,27,0,6223,40.45494842529297,-80.06617736816406
1629734214,9005020,22,0,6222,40.4403076171875,-80.00444030761719
1629734194,12081020,61C,0,6343,40.35151672363281,-79.86316680908203
1629734213,2054020,1,0,6104,40.45526123046875,-79.99313354492188
1629734215,6779020,20,0,6225,40.44261169433594,-80.00420379638672
1629734190,11835020,51,0,6346,40.44060516357422,-80.00045776367188
1629734215,1485020,38,0,6224,40.383731842041016,-80.08039093017578
1629734213,1772020,8,0,5806,40.47435760498047,-80.01045989990234
1629734216,2900020,13,0,6216,40.46385192871094,-80.03215026855469
1629734209,11433020,36,0,6218,40.38295364379883,-80.05245971679688
1629734201,7447020,56,0,6339,40.35416030883789,-79.8365478515625
1629734186,5159020,59,0,5921,40.35121154785156,-79.87548828125
1629734189,7148020,83,0,5922,40.445762634277344,-79.9603271484375
1629734198,816020,1,0,5803,40.44245910644531,-79.99979400634766
1629734209,8036020,2,0,5804,40.524871826171875,-80.00900268554688
1629734776,3606020,51,0,6111,40.42866516113281,-79.9889907836914
1629734767,7734020,57,0,6353,40.43711853027344,-79.99825286865234
1629734800,14504020,20,0,6110,40.49277877807617,-80.11174774169922
1629734756,2572020,61C,0,6355,40.44481658935547,-79.9542465209961
1629734795,13682020,Y46,0,6113,40.437923431396484,-80.00226593017578
1629734776,8001020,53L,0,6233,40.364532470703125,-79.90814208984375
1629734792,3364020,61B,0,6112,40.43097686767578,-79.8927001953125
1629734776,1612020,55,0,6357,40.32992935180664,-79.92316436767578
1629734796,3291020,59,0,6235,40.371849060058594,-79.84380340576172
1629734777,8785020,59,0,6114,40.40593719482422,-79.88636779785156
1629734779,-854974931,88,1,5937,40.46409225463867,-79.93238830566406
1629734793,12791020,P3,0,5816,40.45581817626953,-79.94514465332031
1629734793,11232020,61A,0,5819,40.437984466552734,-79.99249267578125
1629734770,292020,51,0,6348,40.38077163696289,-79.97628021240234
1629734793,5216020,91,0,6106,40.4947509765625,-79.88638305664062
1629734773,4317020,1,0,6105,40.600685119628906,-79.75711059570312
1629734794,5413020,P68,0,6468,40.405826568603516,-79.84423828125
1629734792,3294020,21,0,5810,40.442691802978516,-80.02448272705078
1629734762,6066020,39,0,6229,40.44609832763672,-79.98878479003906
1629734787,9646020,61A,0,5931,40.439613342285156,-79.89844512939453
1629734790,13488020,29,0,5811,40.42621612548828,-80.1913070678711
1629734784,3611020,81,0,5932,40.44244384765625,-79.98783111572266
1629734784,5566020,71A,0,6362,40.44007873535156,-79.99417114257812
1629734789,10121020,61A,0,6240,40.41911315917969,-79.8843002319336
1629734767,5971020,88,0,6361,40.441837310791016,-79.999755859375
1629734797,12098020,71B,0,6363,40.44741439819336,-79.94276428222656
1629734787,1542020,71B,0,6366,40.43844223022461,-79.9825210571289
1629734790,3617020,17,0,6002,40.49958038330078,-80.03047180175781
1629734780,9539020,51,0,6244,40.38056564331055,-79.97624969482422
1629734797,176020,58,0,6365,40.444698333740234,-79.94375610351562
1629734796,10499020,15,0,6005,40.47783660888672,-80.00028991699219
1629734785,7517020,82,0,6368,40.457794189453125,-79.91706085205078
1629734782,8698020,59,0,6246,40.397857666015625,-79.88381958007812
1629734801,5047020,71B,0,6367,40.446800231933594,-79.9500961303711
1629734779,12648020,57,0,6117,40.41123580932617,-79.90599060058594
1629734799,11546020,61B,0,6238,40.44109344482422,-79.9576187133789
1629734780,11528020,59,0,6358,40.41541290283203,-79.84797668457031
1629734802,5994020,61B,0,6239,40.418312072753906,-79.88818359375
1629734792,1621020,54,0,5702,40.452022552490234,-80.0064468383789
1629734797,6591020,87,0,5944,40.473670959472656,-79.93138885498047
1629734785,3404020,16,0,5703,40.442020416259766,-80.0015640258789
1629734803,9340020,75,0,5945,40.45963668823242,-79.92068481445312
1629734796,14513020,51,0,6130,40.385833740234375,-79.97887420654297
1629734782,8022020,15,0,6011,40.4450569152832,-79.99938201904297
1629734771,5207020,54,0,6014,40.46323776245117,-79.95198822021484
1629734747,9702020,28X,0,6258,40.44321060180664,-79.95648193359375
1629734743,2180020,75,0,6137,40.49003982543945,-79.87002563476562
1629734783,10582020,61A,0,6250,40.438880920410156,-79.99266052246094
1629734783,9074020,P1,0,3416,40.44697189331055,-79.88874816894531
1629734793,9288020,P1,0,3414,40.45564651489258,-79.94482421875
1629734766,1722020,P3,0,6249,40.45728302001953,-79.95135498046875
1629734799,12910020,77,0,6369,40.464778900146484,-79.82925415039062
1629734783,8545020,14,0,6009,40.59126663208008,-80.22746276855469
1629734797,9394020,59,0,6129,40.41228103637695,-79.87848663330078
1629734801,6372020,8,0,6008,40.47148513793945,-80.009033203125
1629734786,7706020,71C,0,5715,40.44050216674805,-79.99564361572266
1629734795,7363020,29,0,6021,40.44335174560547,-80.02616882324219
1629734797,1694020,71B,0,6263,40.43803024291992,-79.99401092529297
1629734788,12066020,74,0,6262,40.47852325439453,-79.90184783935547
1629734800,5264020,G2,0,6023,40.45277404785156,-80.0533218383789
1629734787,359020,21,0,6022,40.50388717651367,-80.22459411621094
1629734800,1254020,74,0,6264,40.44866943359375,-79.91021728515625
1629734782,4625020,26,0,6025,40.44318389892578,-80.0256576538086
1629734795,2156020,77,0,6146,40.45597839355469,-79.9418716430664
1629734788,8821020,88,0,6267,40.463443756103516,-79.93037414550781
1629734756,12465020,82,0,6266,40.44266891479492,-79.99079132080078
1629734799,14172020,71B,0,6269,40.47980880737305,-79.9196548461914
1629734800,10648020,77,0,6268,40.456905364990234,-79.89415740966797
1629734787,5571020,P78,0,6147,40.44358825683594,-79.99337768554688
1629734795,193020,71C,0,6140,40.460845947265625,-79.92321014404297
1629734796,9169020,71D,0,3424,40.44186019897461,-79.9988021850586
1629734802,11552020,71D,0,3421,40.441856384277344,-79.9583969116211
1629734792,13337020,67,0,6259,40.439517974853516,-79.87480163574219
1629734770,8656020,71D,0,6138,40.45393753051758,-79.91301727294922
1629734800,11421020,16,0,5603,40.49781036376953,-80.06015014648438
1629734792,13780020,1,0,5605,40.60124969482422,-79.7562026977539
1629734791,13181020,71C,0,6153,40.4378776550293,-79.97769165039062
1629734797,8806020,93,0,6032,40.4712028503418,-79.95996856689453
1629734767,10896020,51,0,6031,40.41024398803711,-79.99041748046875
1629734790,1896020,71,0,6152,40.446083068847656,-79.88825225830078
1629734799,12017020,77,0,6155,40.47509002685547,-79.79081726074219
1629734779,11265020,64,0,6033,40.409461975097656,-79.9108657836914
1629734773,11947020,87,0,6154,40.48796081542969,-79.92459106445312
1629734787,10458020,81,0,6038,40.430328369140625,-79.97664642333984
1629734770,11886020,P1,0,3320,40.436580657958984,-79.88560485839844
1629734786,10332020,71A,0,6270,40.45858383178711,-79.93367004394531
1629734802,13019020,P78,0,6272,40.54039001464844,-79.83114624023438
1629734799,9790020,82,0,6271,40.4531364440918,-79.94790649414062
1629734784,12426020,22,0,5611,40.46825408935547,-80.09815216064453
1629734789,10177020,67,0,6149,40.438507080078125,-79.98395538330078
1629734790,5165020,91,0,5732,40.47589111328125,-79.95764923095703
1629734803,12795020,61D,0,5614,40.434173583984375,-79.92289733886719
1629734791,788020,P1,0,3319,40.456687927246094,-79.9135971069336
1629734787,7274020,Y49,0,6043,40.43895721435547,-80.0015640258789
1629734783,6665020,71D,0,6045,40.44530487060547,-79.8877944946289
1629734790,12997020,75,0,6046,40.4243278503418,-79.96224975585938
1629734788,7528020,87,0,6160,40.4434814453125,-79.99933624267578
1629734777,3393020,P1,0,3329,40.45191955566406,-79.9789047241211
1629734799,13161020,61D,0,3206,40.41291809082031,-79.90850830078125
1629734798,2463020,71A,0,3326,40.47420120239258,-79.92505645751953
1629734783,2304020,4,0,1702,40.45349884033203,-80.00059509277344
1629734777,11532020,82,0,6056,40.46087646484375,-79.91512298583984
1629734780,5364020,28X,0,6059,40.425445556640625,-80.07349395751953
1629734777,7288020,71C,0,6051,40.44989013671875,-79.8918228149414
1629734794,12881020,44,0,1719,40.41405487060547,-79.98387908935547
1629734797,5975020,43,0,1718,40.423641204833984,-79.9974594116211
1629734770,10395020,48,0,5634,40.42104721069336,-80.00540924072266
1629734771,6433020,24,0,5635,40.467193603515625,-80.09745025634766
1629734775,9031020,54,0,6602,40.43724822998047,-79.97261810302734
1629734796,14633020,44,0,1715,40.41997528076172,-79.99747467041016
1629734797,3659020,1,0,6606,40.540958404541016,-79.79560852050781
1629734788,13903020,61D,0,6620,40.440086364746094,-79.96076202392578
1629734798,3459020,40,0,1723,40.43888854980469,-80.02059936523438
1629734788,6041020,61C,0,6619,40.44045639038086,-79.95850372314453
1629734793,14709020,44,0,1729,40.44612503051758,-79.98873138427734
1629734792,3639020,G2,0,6614,40.40553283691406,-80.0906753540039
1629734794,7336020,38,0,6613,40.38665008544922,-80.04379272460938
1629734792,4001020,61B,0,6618,40.439666748046875,-79.96134948730469
1629734793,8292020,61C,0,6630,40.44084167480469,-79.99610137939453
1629734799,6013020,14,0,6511,40.44764709472656,-80.01992797851562
1629734792,10857020,54,0,6502,40.45230484008789,-79.95069122314453
1629734793,4325020,61A,0,6623,40.40428924560547,-79.86687469482422
1629734786,6085020,Y47,0,5654,40.3419075012207,-79.98255157470703
1629734789,10509020,54,0,6501,40.45582962036133,-79.97560119628906
1629734785,5745020,51,0,6625,40.437129974365234,-80.00200653076172
1629734778,4186020,2,0,6506,40.55356979370117,-80.02192687988281
1629734786,14419020,93,0,6627,40.43415832519531,-79.92290496826172
1629734778,14008020,16,0,6505,40.475730895996094,-80.03102111816406
1629734740,13050020,93,0,6626,40.482818603515625,-79.94891357421875
1629734778,4340020,53L,0,6629,40.43250274658203,-79.96060180664062
1629734779,887020,61B,0,6628,40.44104766845703,-79.99665069580078
1629734801,2597020,27,0,6520,40.449554443359375,-80.06425476074219
1629734784,8710020,77,0,6641,40.453025817871094,-79.75023651123047
1629734795,3589020,61D,0,3255,40.432411193847656,-79.92313385009766
1629734785,5497020,51,0,6634,40.42216110229492,-79.97847747802734
1629734802,4621020,41,0,6515,40.36973571777344,-80.08618927001953
1629734788,2649020,61A,0,6635,40.43806076049805,-79.9246597290039
1629734798,704020,39,0,6516,40.38983917236328,-80.0146713256836
1629734790,11614020,24,0,6518,40.440338134765625,-80.00453186035156
1629734758,7410020,86,0,6650,40.46186447143555,-79.96397399902344
1629734796,9123020,71D,0,6652,40.44345474243164,-79.95606994628906
1629734798,4121020,Y46,0,6531,40.292213439941406,-79.89543914794922
1629734796,34020,61C,0,6530,40.366573333740234,-79.84224700927734
1629734794,7785020,51,0,6533,40.34849548339844,-79.94474029541016
1629734786,5089020,54,0,6412,40.45587921142578,-80.00253295898438
1629734788,4754020,77,0,6654,40.44050598144531,-79.99976348876953
1629734802,9411020,61C,0,6532,40.42628860473633,-79.92759704589844
1629734787,13716020,67,0,6653,40.428653717041016,-79.79666137695312
1629734787,71020,59,0,6524,40.33628845214844,-79.94587707519531
1629734795,1508020,86,0,6645,40.45587921142578,-79.88965606689453
1629734766,1035020,91,0,6403,40.4879264831543,-79.88968658447266
1629734801,11201020,28X,0,6644,40.49618911743164,-80.25886535644531
1629734796,6648020,91,0,6405,40.4451789855957,-79.9933090209961
1629734796,7028020,12,0,6404,40.482322692871094,-80.00597381591797
1629734783,2066020,28X,0,6649,40.44477462768555,-79.94291687011719
1629734366,11612020,64,0,6527,40.46719741821289,-79.96326446533203
1629734798,10637020,16,0,6408,40.46681594848633,-80.02497100830078
1629734794,14451020,81,0,6529,40.440364837646484,-79.9655532836914
1629734785,12643020,59,0,6540,40.40437316894531,-79.82518005371094
1629734797,8130020,P68,0,6542,40.43939208984375,-79.87753295898438
1629734794,4267020,41,0,6420,40.34920883178711,-80.10366821289062
1629734766,11057020,28X,0,6544,40.431495666503906,-80.0684814453125
1629734786,5182020,14,0,6301,40.50706481933594,-80.08765411376953
1629734791,6612020,71A,0,6543,40.43796157836914,-79.97390747070312
1629734789,2898020,Y47,0,6535,40.341312408447266,-79.98120880126953
1629734793,2906020,1,0,6413,40.496681213378906,-79.94245147705078
1629734781,9643020,41,0,6416,40.431724548339844,-80.00308227539062
1629734796,13728020,Y46,0,6537,40.312278747558594,-79.93836975097656
1629734786,2588020,60,0,6538,40.35078048706055,-79.86679077148438
1629734754,403020,48,0,6419,40.42823791503906,-79.97174835205078
1629734787,8708020,71A,0,6551,40.44343566894531,-79.95610046386719
1629734796,7586020,61D,0,6432,40.43787384033203,-79.98967742919922
1629734799,5437020,82,0,6553,40.44549560546875,-79.97312927246094
1629734795,6440020,54,0,6310,40.421268463134766,-80.00607299804688
1629734779,1049020,59,0,6431,40.384239196777344,-79.8752670288086
1629734748,1131020,17,0,6313,40.50053405761719,-80.02213287353516
1629734766,1523020,61A,0,6434,40.40233612060547,-79.86834716796875
1629734788,11981020,12,0,6312,40.49260330200195,-80.0112533569336
1629734798,11305020,71A,0,6554,40.47890090942383,-79.91903686523438
1629734802,4270020,71C,0,6546,40.46111297607422,-79.92394256591797
1629734794,2470020,31,0,6424,40.445735931396484,-79.98954010009766
1629734797,7164020,71C,0,6548,40.44391632080078,-79.95560455322266
1629734768,14661020,G2,0,6427,40.44279861450195,-79.99853515625
1629734796,1502020,79,0,6547,40.46083068847656,-79.86631774902344
1629734791,3536020,8,0,6305,40.518741607666016,-80.0261001586914
1629734798,3769020,56,0,6429,40.385921478271484,-79.9320297241211
1629734801,8799020,8,0,6308,40.452598571777344,-80.00145721435547
1629734782,131020,13,0,6307,40.44312286376953,-79.99811553955078
1629734774,3504020,55,0,6428,40.3201904296875,-79.93303680419922
1629734800,13958020,64,0,6549,40.43586730957031,-79.9228744506836
1629734792,3854020,59,0,6441,40.37175750732422,-79.84654998779297
1629734786,7031020,61C,0,6440,40.41501235961914,-79.9244384765625
1629734772,5014020,12,0,6201,40.55302810668945,-80.02056884765625
1629734788,129020,51,0,6443,40.39061737060547,-79.98628234863281
1629734798,2616020,1,0,6203,40.5407829284668,-79.80765533447266
1629734790,5493020,36,0,6324,40.340309143066406,-80.05301666259766
1629734770,2961020,93,0,6445,40.43594741821289,-79.96153259277344
1629734781,7477020,12,0,6202,40.55484390258789,-80.0169906616211
1629734796,-1981227753,16,1,5904,40.492347717285156,-80.04905700683594
1629734792,7523020,6,0,5907,40.44459915161133,-79.99108123779297
1629734782,13486020,13,0,5909,40.500267028808594,-80.05303955078125
1629734800,7161020,14,0,6315,40.59125518798828,-80.22738647460938
1629734785,6370020,55,0,6436,40.38806915283203,-79.8234634399414
1629734785,5521020,67,0,6557,40.430267333984375,-79.81683349609375
1629734800,7995020,83,0,6438,40.43838882446289,-79.96136474609375
1629734777,11714020,38,0,6318,40.44309616088867,-80.02538299560547
1629734772,10387020,61D,0,6439,40.409217834472656,-79.9166259765625
1629734795,8920020,91,0,5901,40.48725891113281,-79.88485717773438
1629734800,6627020,14,0,6212,40.51202392578125,-80.10330200195312
1629734795,14060020,26,0,6332,40.441043853759766,-80.06879425048828
1629734786,3467020,31,0,5917,40.4105110168457,-80.0819320678711
1629734771,14258020,48,0,6325,40.43046188354492,-80.0001449584961
1629734785,12030020,54,0,6204,40.417823791503906,-79.98638916015625
1629734773,8507020,59,0,6446,40.388153076171875,-79.82357788085938
1629734794,9246020,54,0,6206,40.41044616699219,-79.99895477294922
1629734789,630020,24,0,5911,40.45384979248047,-80.15520477294922
1629734793,12035020,91,0,6209,40.469871520996094,-79.96085357666016
1629734801,14332020,31,0,5914,40.36518096923828,-80.1085433959961
1629734797,5438020,75,0,6461,40.47325897216797,-79.9307632446289
1629734802,7224020,39,0,6221,40.43388748168945,-80.00277709960938
1629734790,14665020,71C,0,6463,40.44969177246094,-79.95063018798828
1629734793,4595020,56,0,6341,40.40122604370117,-79.93976593017578
1629734786,9731020,71D,0,6462,40.453914642333984,-79.91320037841797
1629734801,5474020,17,0,6102,40.4698486328125,-80.02616882324219
1629734798,12923020,27,0,6223,40.442134857177734,-80.06805419921875
1629734792,4260020,22,0,6222,40.443328857421875,-80.02584075927734
1629734799,12081020,61C,0,6343,40.37300109863281,-79.8469009399414
1629734801,2054020,1,0,6104,40.49666213989258,-79.94258117675781
1629734777,13475020,20,0,6225,40.443851470947266,-80.0273666381836
1629734740,85020,51,0,6346,40.43183517456055,-80.00345611572266
1629734765,1485020,38,0,6224,40.36606979370117,-80.10706329345703
1629734796,1772020,8,0,5806,40.5070915222168,-80.02976989746094
1629734795,4251020,2,0,5807,40.44408416748047,-80.00064086914062
1629734800,2900020,13,0,6216,40.497314453125,-80.05081176757812
1629734788,11433020,36,0,6218,40.35722732543945,-80.05457305908203
1629734793,7447020,56,0,6339,40.346153259277344,-79.82937622070312
1629734789,5159020,59,0,5921,40.35359191894531,-79.90153503417969
1629734792,7148020,83,0,5922,40.45048904418945,-79.97299194335938
1629734792,8036020,2,0,5804,40.524871826171875,-80.00900268554688
1629735507,3606020,51,0,6111,40.40470886230469,-79.99051666259766
1629735500,13786020,57,0,6353,40.4344482421875,-79.98828125
1629735503,14504020,20,0,6110,40.48455810546875,-80.11251831054688
1629735488,2572020,61C,0,6355,40.43865203857422,-79.987548828125
1629735502,4882020,Y46,0,6113,40.43281555175781,-80.00355529785156
1629735506,8001020,53L,0,6233,40.34377670288086,-79.9448471069336
1629735504,3364020,61B,0,6112,40.4422721862793,-79.9372329711914
1629735482,1612020,55,0,6357,40.343963623046875,-79.94549560546875
1629735505,3291020,59,0,6235,40.364471435546875,-79.8472671508789
1629735493,8785020,59,0,6114,40.41269302368164,-79.90950012207031
1629735488,12791020,P3,0,5816,40.43771743774414,-79.96469116210938
1629735497,11232020,61A,0,5819,40.43727493286133,-79.97705841064453
1629735508,292020,51,0,6348,40.4052848815918,-79.9908676147461
1629735505,5131020,91,0,6106,40.494598388671875,-79.88587188720703
1629735503,10908020,1,0,6105,40.60238265991211,-79.75602722167969
1629735508,5413020,P68,0,6468,40.407745361328125,-79.82103729248047
1629735503,3294020,21,0,5810,40.466766357421875,-80.06039428710938
1629735489,1432020,39,0,6229,40.443363189697266,-79.9961929321289
1629735480,9646020,61A,0,5931,40.42284393310547,-79.88623809814453
1629735505,13488020,29,0,5811,40.45589828491211,-80.19248962402344
1629735476,3611020,81,0,5932,40.43980407714844,-79.97030639648438
1629735504,5566020,71A,0,6362,40.43755340576172,-79.98274230957031
1629735499,5971020,88,0,6361,40.462398529052734,-79.96756744384766
1629735506,12098020,71B,0,6363,40.4379768371582,-79.97410583496094
1629735507,7801020,71B,0,6366,40.440792083740234,-80.00065612792969
1629735493,3617020,17,0,6002,40.46916961669922,-80.02536010742188
1629735493,13126020,51,0,6244,40.380615234375,-79.97626495361328
1629735501,176020,58,0,6365,40.44240188598633,-79.9576187133789
1629735500,10499020,15,0,6005,40.45532989501953,-80.00697326660156
1629735482,6161020,82,0,6368,40.473148345947266,-79.88822174072266
1629735494,8698020,59,0,6246,40.38331985473633,-79.86851501464844
1629735488,5047020,71B,0,6367,40.46323013305664,-79.92401123046875
1629735481,4446020,57,0,6117,40.41044998168945,-79.91143035888672
1629735492,11546020,61B,0,6238,40.43806076049805,-79.92361450195312
1629735503,12970020,71B,0,5940,40.463844299316406,-79.92374420166016
1629735505,11528020,59,0,6358,40.392704010009766,-79.81913757324219
1629735479,1621020,54,0,5702,40.45436096191406,-79.99568176269531
1629735500,6591020,87,0,5944,40.46286392211914,-79.94775390625
1629735506,3404020,16,0,5703,40.455894470214844,-80.01526641845703
1629735498,9340020,75,0,5945,40.480003356933594,-79.92853546142578
1629735506,14513020,51,0,6130,40.347900390625,-79.97433471679688
1629735506,5809020,53L,0,6133,40.34394073486328,-79.94339752197266
1629735507,8022020,15,0,6011,40.464786529541016,-80.0206069946289
1629735502,5207020,54,0,6014,40.45265579223633,-79.99205017089844
1629735508,9702020,28X,0,6258,40.44221878051758,-79.99515533447266
1629735506,12242020,75,0,6137,40.49003982543945,-79.87002563476562
1629735505,14256020,61A,0,6250,40.439537048339844,-79.99720764160156
1629735503,9074020,P1,0,3416,40.44672393798828,-79.98807525634766
1629735493,9288020,P1,0,3414,40.423675537109375,-79.88642883300781
1629735489,1722020,P3,0,6249,40.41896438598633,-79.88617706298828
1629735483,122020,1,0,6006,40.44361877441406,-79.99549865722656
1629735484,12910020,77,0,6369,40.4552116394043,-79.88531494140625
1629735490,8545020,14,0,6009,40.59126663208008,-80.22746276855469
1629735490,9394020,59,0,6129,40.41548538208008,-79.87767791748047
1629735490,6372020,8,0,6008,40.45362091064453,-80.00178527832031
1629735490,1333020,71C,0,5715,40.44034957885742,-79.99491119384766
1629735508,7363020,29,0,6021,40.43917465209961,-80.07405853271484
1629735508,1694020,71B,0,6263,40.4373664855957,-79.97772979736328
1629735500,12066020,74,0,6262,40.45557403564453,-79.89698791503906
1629735449,5264020,G2,0,6023,40.40562057495117,-80.09066772460938
1629735493,359020,21,0,6022,40.50388717651367,-80.22459411621094
1629735506,1254020,74,0,6264,40.465545654296875,-79.89006042480469
1629735486,4625020,26,0,6025,40.453887939453125,-80.05582427978516
1629735508,8821020,88,0,6267,40.46040725708008,-79.97049713134766
1629735497,12465020,82,0,6266,40.45133590698242,-79.95387268066406
1629735480,14172020,71B,0,6269,40.479408264160156,-79.92150115966797
1629735504,10648020,77,0,6268,40.46384048461914,-79.83971405029297
1629735474,7025020,P78,0,6147,40.44377517700195,-79.99394226074219
1629735474,193020,71C,0,6140,40.452423095703125,-79.95030212402344
1629735484,5201020,71D,0,3424,40.43894958496094,-79.9947280883789
1629735483,11552020,71D,0,3421,40.44075393676758,-79.99588012695312
1629735507,13337020,67,0,6259,40.44641876220703,-79.91399383544922
1629735481,8656020,71D,0,6138,40.444061279296875,-79.88587188720703
1629735493,11421020,16,0,5603,40.47093963623047,-80.02591705322266
1629735494,13780020,1,0,5605,40.60042953491211,-79.75682830810547
1629735508,13181020,71C,0,6153,40.44628143310547,-79.95209503173828
1629735508,8806020,93,0,6032,40.446800231933594,-79.95042419433594
1629735501,10896020,51,0,6031,40.42948913574219,-79.99729919433594
1629735502,1896020,71,0,6152,40.4268913269043,-79.88755798339844
1629735470,12017020,77,0,6155,40.452659606933594,-79.75059509277344
1629735496,11265020,64,0,6033,40.40781784057617,-79.91366577148438
1629735491,11947020,87,0,6154,40.48290252685547,-79.94801330566406
1629735479,10458020,81,0,6038,40.430328369140625,-79.97664642333984
1629735482,11886020,P1,0,3320,40.415008544921875,-79.87924194335938
1629735479,10332020,71A,0,6270,40.447662353515625,-79.94939422607422
1629735491,13890020,P78,0,6272,40.538570404052734,-79.83102416992188
1629735493,9790020,82,0,6271,40.46194076538086,-79.92695617675781
1629735422,4927020,22,0,5611,40.4682502746582,-80.09815216064453
1629735474,5165020,91,0,5732,40.44915008544922,-79.98539733886719
1629735497,12795020,61D,0,5614,40.44620895385742,-79.9522933959961
1629735492,10111020,Y49,0,6043,40.43281555175781,-80.00355529785156
1629735507,464020,71D,0,6045,40.4466667175293,-79.88346099853516
1629735475,7317020,75,0,6046,40.42530059814453,-79.96440124511719
1629735506,5537020,87,0,6160,40.46364974975586,-79.95293426513672
1629735496,14244020,P1,0,3329,40.456790924072266,-79.97142791748047
1629735484,13161020,61D,0,3206,40.418819427490234,-79.92668914794922
1629735480,9435020,P1,0,3323,40.41954803466797,-79.88646697998047
1629735508,1325020,11,0,1709,40.442440032958984,-79.9998550415039
1629735495,1559020,4,0,1702,40.45209503173828,-80.00128173828125
1629735508,11532020,82,0,6056,40.45680618286133,-79.93553924560547
1629735497,5364020,28X,0,6059,40.45331954956055,-80.16669464111328
1629735500,7288020,71C,0,6051,40.446617126464844,-79.89356994628906
1629735490,12881020,44,0,1719,40.39640808105469,-79.98750305175781
1629735499,5975020,43,0,1718,40.42103576660156,-80.00552368164062
1629735507,10395020,48,0,5634,40.417518615722656,-79.96955108642578
1629735491,38020,24,0,5635,40.47461700439453,-80.09175872802734
1629735486,9031020,54,0,6602,40.446937561035156,-79.9489974975586
1629735482,14633020,44,0,1715,40.44136428833008,-80.00196838378906
1629735482,3659020,1,0,6606,40.56471252441406,-79.77003479003906
1629735500,13903020,61D,0,6620,40.44205093383789,-79.99928283691406
1629735504,1138020,40,0,1723,40.42372131347656,-80.01109313964844
1629735500,6041020,61C,0,6619,40.43705749511719,-79.92292785644531
1629735491,4629020,44,0,1729,40.420989990234375,-80.00726318359375
1629735473,3639020,G2,0,6614,40.45185089111328,-80.04552459716797
1629735501,7336020,38,0,6613,40.408626556396484,-80.04981231689453
1629735492,4001020,61B,0,6618,40.442256927490234,-79.99980926513672
1629735504,4876020,61C,0,6630,40.439544677734375,-79.99722290039062
1629735486,6013020,14,0,6511,40.44764709472656,-80.01992797851562
1629735484,10857020,54,0,6502,40.43702697753906,-79.97059631347656
1629735508,4325020,61A,0,6623,40.413536071777344,-79.85478210449219
1629735495,6085020,Y47,0,5654,40.395668029785156,-79.9996337890625
1629735495,10509020,54,0,6501,40.454410552978516,-79.94766998291016
1629735490,8147020,51,0,6625,40.436344146728516,-80.00114440917969
1629735502,4186020,2,0,6506,40.52275085449219,-79.96016693115234
1629735505,14419020,93,0,6627,40.406654357910156,-79.94078063964844
1629735484,14008020,16,0,6505,40.45436096191406,-80.00202941894531
1629735456,13050020,93,0,6626,40.48329162597656,-79.94754028320312
1629735502,11176020,53L,0,6629,40.4365234375,-79.9969711303711
1629735475,9631020,61B,0,6628,40.43894958496094,-79.9947280883789
1629735491,2597020,27,0,6520,40.43826675415039,-80.01261138916016
1629735502,13817020,77,0,6641,40.48434829711914,-79.7670669555664
1629735483,3589020,61D,0,3255,40.409263610839844,-79.91658020019531
1629735502,5497020,51,0,6634,40.43711471557617,-80.00193786621094
1629735482,2649020,61A,0,6635,40.44181823730469,-79.95845031738281
1629735495,4035020,39,0,6516,40.39183044433594,-80.01563262939453
1629735493,811020,24,0,6518,40.44356918334961,-80.02655029296875
1629735486,7410020,86,0,6650,40.44083023071289,-80.00025177001953
1629735483,9123020,71D,0,6652,40.45279312133789,-79.92137908935547
1629735508,4121020,Y46,0,6531,40.3210563659668,-79.94216918945312
1629735505,7785020,51,0,6533,40.345550537109375,-79.9731216430664
1629735493,5089020,54,0,6412,40.451560974121094,-80.0066146850586
1629735499,2759020,77,0,6654,40.454498291015625,-79.95364379882812
1629735497,9411020,61C,0,6532,40.40865707397461,-79.89524841308594
1629735502,13716020,67,0,6653,40.423919677734375,-79.81331634521484
1629735503,71020,59,0,6524,40.34348678588867,-79.94300842285156
1629735486,1508020,86,0,6645,40.45938491821289,-79.92012023925781
1629735493,1035020,91,0,6403,40.50037384033203,-79.86103057861328
1629735506,10481020,28X,0,6644,40.486785888671875,-80.2673110961914
1629735484,10906020,91,0,6405,40.451454162597656,-79.98199462890625
1629735499,7028020,12,0,6404,40.53777313232422,-80.01124572753906
1629735504,4639020,64,0,6527,40.457786560058594,-79.94181060791016
1629735501,10637020,16,0,6408,40.49795913696289,-80.06035614013672
1629735489,14451020,81,0,6529,40.4430046081543,-79.98133087158203
1629735502,12643020,59,0,6540,40.414424896240234,-79.85520935058594
1629735504,8130020,P68,0,6542,40.44877624511719,-79.98493957519531
1629735500,4267020,41,0,6420,40.3749885559082,-80.09369659423828
1629735470,11057020,28X,0,6544,40.44132995605469,-80.00438690185547
1629735500,5182020,14,0,6301,40.45430374145508,-80.02931213378906
1629735500,6612020,71A,0,6543,40.441471099853516,-80.0023193359375
1629735495,2898020,Y47,0,6535,40.341739654541016,-79.94386291503906
1629735486,2906020,1,0,6413,40.4534912109375,-80.0006332397461
1629735501,7792020,41,0,6416,40.4368896484375,-80.00083923339844
1629735503,13728020,Y46,0,6537,40.28876495361328,-79.8912353515625
1629735505,2588020,60,0,6538,40.32183074951172,-79.83543395996094
1629735501,403020,48,0,6419,40.42168045043945,-79.99229431152344
1629735482,8708020,71A,0,6551,40.455692291259766,-79.93927764892578
1629735486,7586020,61D,0,6432,40.439453125,-79.95986938476562
1629735502,5437020,82,0,6553,40.44046401977539,-79.9996566772461
1629735501,6440020,54,0,6310,40.421268463134766,-80.00607299804688
1629735493,1049020,59,0,6431,40.405975341796875,-79.89293670654297
1629735494,1131020,17,0,6313,40.500125885009766,-80.02177429199219
1629735506,1523020,61A,0,6434,40.4083251953125,-79.86559295654297
1629735483,7025020,P78,0,6555,40.44221115112305,-80.0007095336914
1629735504,11981020,12,0,6312,40.44868469238281,-80.00064849853516
1629735503,11305020,71A,0,6554,40.46592712402344,-79.92920684814453
1629735497,4270020,71C,0,6546,40.443294525146484,-79.8892822265625
1629735502,10736020,31,0,6424,40.44153594970703,-80.00526428222656
1629735504,7574020,12,0,6306,40.573829650878906,-80.0130615234375
1629735495,7164020,71C,0,6548,40.43901824951172,-79.99449157714844
1629735462,2048020,G2,0,6427,40.44150924682617,-80.00535583496094
1629735485,10500020,79,0,6547,40.453369140625,-79.86673736572266
1629735507,3536020,8,0,6305,40.48870086669922,-80.0174331665039
1629735507,3769020,56,0,6429,40.42550277709961,-79.95343017578125
1629735504,8799020,8,0,6308,40.47062301635742,-80.00845336914062
1629735502,8649020,13,0,6307,40.455711364746094,-80.00242614746094
1629735502,3504020,55,0,6428,40.2923698425293,-79.8823013305664
1629735501,13958020,64,0,6549,40.45344161987305,-79.93177795410156
1629735454,3854020,59,0,6441,40.34123611450195,-79.8609619140625
1629735508,7031020,61C,0,6440,40.43806076049805,-79.92456817626953
1629735483,5014020,12,0,6201,40.55461883544922,-80.02118682861328
1629735473,129020,51,0,6443,40.380550384521484,-79.97625732421875
1629735506,2616020,1,0,6203,40.49161148071289,-79.8656005859375
1629735479,5493020,36,0,6324,40.3759765625,-80.05619812011719
1629735508,2961020,93,0,6445,40.446353912353516,-79.9520263671875
1629735493,7477020,12,0,6202,40.5721321105957,-80.0229721069336
1629735497,-1055748354,16,1,5904,40.50379180908203,-80.07449340820312
1629735486,4199020,6,0,5907,40.44581604003906,-79.98926544189453
1629735495,13486020,13,0,5909,40.475589752197266,-80.0396957397461
1629735496,5845020,14,0,6315,40.56224822998047,-80.2037582397461
1629735482,6370020,55,0,6436,40.38815689086914,-79.8236312866211
1629735484,5521020,67,0,6557,40.431739807128906,-79.79116821289062
1629735498,7995020,83,0,6438,40.44284439086914,-79.95930480957031
1629735486,7657020,79,0,6558,40.44994354248047,-79.89179992675781
1629735500,11714020,38,0,6318,40.421722412109375,-80.04630279541016
1629735498,12952020,61D,0,6439,40.41073226928711,-79.90719604492188
1629735498,8920020,91,0,5901,40.49457550048828,-79.93287658691406
1629735499,-964934804,17,1,5902,40.452110290527344,-80.00129699707031
1629735479,1286020,74,0,6450,40.461181640625,-79.92414855957031
1629735498,6627020,14,0,6212,40.551368713378906,-80.19125366210938
1629735503,14060020,26,0,6332,40.44169998168945,-80.06830596923828
1629735494,7775020,28X,0,6455,40.45478439331055,-79.91154479980469
1629735480,3467020,31,0,5917,40.3654899597168,-80.10822296142578
1629735494,11684020,61B,0,6447,40.407901763916016,-79.87613677978516
1629735505,12373020,48,0,6325,40.4415283203125,-79.99803924560547
1629735499,12030020,54,0,6204,40.40898132324219,-79.99240112304688
1629735498,6909020,55,0,6446,40.36429214477539,-79.82916259765625
1629735507,9246020,54,0,6206,40.42848587036133,-79.98058319091797
1629735508,12035020,91,0,6209,40.494571685791016,-79.93250274658203
1629735499,14332020,31,0,5914,40.39146041870117,-80.08781433105469
1629735507,5438020,75,0,6461,40.458702087402344,-79.92596435546875
1629735495,7224020,39,0,6221,40.44354248046875,-79.99539184570312
1629735479,14665020,71C,0,6463,40.456356048583984,-79.93706512451172
1629735490,4595020,56,0,6341,40.3549690246582,-79.91323852539062
1629735484,9731020,71D,0,6462,40.446720123291016,-79.9513168334961
1629735496,5474020,17,0,6102,40.48757553100586,-80.04067993164062
1629735502,4260020,22,0,6222,40.473541259765625,-80.06267547607422
1629735500,12081020,61C,0,6343,40.40837097167969,-79.8941879272461
1629735500,2054020,1,0,6104,40.48808670043945,-79.89370727539062
1629735495,13475020,20,0,6225,40.47066116333008,-80.09127044677734
1629735500,85020,51,0,6346,40.41019821166992,-79.99046325683594
1629735503,1485020,38,0,6224,40.367103576660156,-80.10821533203125
1629735507,1772020,8,0,5806,40.517494201660156,-80.03677368164062
1629735500,4251020,2,0,5807,40.46530532836914,-79.97919464111328
1629735481,2900020,13,0,6216,40.51695251464844,-80.03865814208984
1629735497,2068020,93,0,6337,40.40932846069336,-79.94389343261719
1629735508,11433020,36,0,6218,40.347068786621094,-80.05512237548828
1629735493,8870020,56,0,6339,40.344757080078125,-79.82649993896484
1629735494,5159020,59,0,5921,40.34467697143555,-79.94849395751953
1629735484,5643020,P3,0,6338,40.414756774902344,-79.87882995605469
1629735492,7148020,83,0,5922,40.439979553222656,-79.99835205078125
1629735499,8036020,2,0,5804,40.524871826171875,-80.00900268554688
1629736499,3606020,51,0,6111,40.38055419921875,-79.97626495361328
1629736499,13786020,57,0,6353,40.40773010253906,-79.92961120605469
1629736523,14504020,20,0,6110,40.45433044433594,-80.04080200195312
1629736522,7529020,61C,0,6355,40.43790054321289,-79.990234375
1629736508,4882020,Y46,0,6113,40.371559143066406,-79.98204803466797
1629736493,3364020,61B,0,6112,40.43855285644531,-79.98495483398438
1629736506,1612020,55,0,6357,40.349124908447266,-79.93758392333984
1629736496,3291020,59,0,6235,40.38673782348633,-79.87458801269531
1629736509,8785020,59,0,6114,40.395755767822266,-79.88226318359375
1629736506,1793020,P3,0,5816,40.45856475830078,-79.92694854736328
1629736519,11232020,61A,0,5819,40.4379997253418,-79.91520690917969
1629736516,292020,51,0,6348,40.42949295043945,-79.99730682373047
1629736516,5131020,91,0,6106,40.48759460449219,-79.89662170410156
1629736486,10908020,1,0,6105,40.5413703918457,-79.77824401855469
1629736454,5413020,P68,0,6468,40.433528900146484,-79.7833023071289
1629736510,3294020,21,0,5810,40.51519775390625,-80.15523529052734
1629736512,1432020,39,0,6229,40.39310073852539,-80.01909637451172
1629736510,13488020,29,0,5811,40.4516716003418,-80.1320571899414
1629736498,3611020,81,0,5932,40.42856979370117,-79.97367858886719
1629736521,5566020,71A,0,6362,40.45341110229492,-79.94693756103516
1629736509,5971020,88,0,6361,40.4592399597168,-79.92008972167969
1629736507,5950020,61A,0,6122,40.40238952636719,-79.86827850341797
1629736467,7626020,71B,0,6363,40.44053268432617,-79.99502563476562
1629736493,7801020,71B,0,6366,40.44083023071289,-79.95962524414062
1629736507,3617020,17,0,6002,40.455474853515625,-80.00621795654297
1629736504,13126020,51,0,6244,40.42609405517578,-79.98081970214844
1629736521,176020,58,0,6365,40.42422103881836,-79.93618774414062
1629736504,6161020,82,0,6368,40.46035385131836,-79.92170715332031
1629736513,8698020,59,0,6246,40.37151336669922,-79.84803009033203
1629736517,5047020,71B,0,6367,40.479618072509766,-79.9219741821289
1629736520,4446020,57,0,6117,40.40617752075195,-79.93106842041016
1629736511,11546020,61B,0,6238,40.41044235229492,-79.87820434570312
1629736521,12970020,71B,0,5940,40.444793701171875,-79.95427703857422
1629736505,1621020,54,0,5702,40.46162033081055,-79.9489974975586
1629736519,5510020,87,0,5944,40.44189453125,-79.9995346069336
1629736507,3404020,16,0,5703,40.4981803894043,-80.06088256835938
1629736521,9340020,75,0,5945,40.48726272583008,-79.88459777832031
1629736511,14513020,51,0,6130,40.34854507446289,-79.94334411621094
1629736515,5809020,53L,0,6133,40.385169982910156,-79.90338134765625
1629736502,1810020,6,0,6011,40.48094940185547,-80.00216674804688
1629736517,12121020,59,0,6135,40.33628845214844,-79.94587707519531
1629736513,9702020,28X,0,6258,40.44394302368164,-80.02757263183594
1629736515,12242020,75,0,6137,40.48759460449219,-79.92478942871094
1629736515,14256020,61A,0,6250,40.43975830078125,-79.95947265625
1629736513,4932020,P1,0,3416,40.45878982543945,-79.91499328613281
1629736456,5791020,P1,0,3414,40.414756774902344,-79.87882995605469
1629736522,1722020,P3,0,6249,40.41515350341797,-79.87942504882812
1629736505,122020,1,0,6006,40.47793960571289,-79.96913146972656
1629736520,12910020,77,0,6369,40.46250915527344,-79.92780303955078
1629736507,8545020,14,0,6009,40.59143829345703,-80.22749328613281
1629736500,9394020,59,0,6129,40.40718078613281,-79.84120178222656
1629736505,9811020,8,0,6008,40.457275390625,-80.00721740722656
1629736506,1333020,71C,0,5715,40.44313430786133,-79.95649719238281
1629736509,7363020,29,0,6021,40.45247268676758,-80.16458892822266
1629736502,1694020,71B,0,6263,40.448211669921875,-79.93482208251953
1629736518,3494020,74,0,6262,40.42792892456055,-79.91870880126953
1629736515,8729020,G2,0,6023,40.4443473815918,-80.06587982177734
1629736522,2688020,21,0,6022,40.51691436767578,-80.16278839111328
1629736520,1173020,71A,0,6143,40.46805191040039,-79.92793273925781
1629736516,1254020,74,0,6264,40.46015167236328,-79.92121887207031
1629736493,4625020,26,0,6025,40.44133377075195,-80.06864166259766
1629736517,4708020,88,0,6267,40.44300842285156,-79.99787902832031
1629736507,12465020,82,0,6266,40.461299896240234,-79.92448425292969
1629736522,185020,71B,0,6269,40.45730972290039,-79.92523193359375
1629736504,10648020,77,0,6268,40.483489990234375,-79.76571655273438
1629736518,193020,71C,0,6140,40.43860626220703,-79.98636627197266
1629736498,5201020,71D,0,3424,40.44120788574219,-79.9591064453125
1629736501,3180020,71D,0,3421,40.438072204589844,-79.9776611328125
1629736521,13337020,67,0,6259,40.4373664855957,-79.965576171875
1629736494,2743020,71D,0,6138,40.44913101196289,-79.89102935791016
1629736516,6501020,16,0,5603,40.444908142089844,-79.99976348876953
1629736501,2624020,1,0,5605,40.596065521240234,-79.76760864257812
1629736515,13181020,71C,0,6153,40.46229934692383,-79.93141174316406
1629736509,8806020,93,0,6032,40.43004608154297,-79.92344665527344
1629736508,3041020,51,0,6031,40.436744689941406,-80.00090789794922
1629736516,1838020,71,0,6152,40.41215896606445,-79.87824249267578
1629736515,12017020,77,0,6155,40.452659606933594,-79.75059509277344
1629736514,11265020,64,0,6033,40.438018798828125,-79.9211196899414
1629736517,468020,87,0,6154,40.489009857177734,-79.92516326904297
1629736510,7680020,81,0,6038,40.4394416809082,-79.95988464355469
1629736476,3488020,P1,0,3320,40.460052490234375,-79.9193344116211
1629736486,10332020,71A,0,6270,40.43860626220703,-79.9863510131836
1629736493,13890020,P78,0,6272,40.47751235961914,-79.84659576416016
1629736509,-15505825,79,1,6271,40.466121673583984,-79.87525177001953
1629736511,4927020,22,0,5611,40.476348876953125,-80.06719207763672
1629736518,6604020,91,0,5732,40.448768615722656,-79.98589324951172
1629736495,12795020,61D,0,5614,40.44127655029297,-79.99728393554688
1629736521,10111020,Y49,0,6043,40.366249084472656,-79.98451232910156
1629736507,464020,71D,0,6045,40.446990966796875,-79.94850158691406
1629736512,7317020,75,0,6046,40.44683074951172,-79.94949340820312
1629736520,5537020,87,0,6160,40.47751998901367,-79.95287322998047
1629736498,14244020,P1,0,3329,40.41515350341797,-79.87950134277344
1629736497,13161020,61D,0,3206,40.44390106201172,-79.93881225585938
1629736510,9435020,P1,0,3323,40.45949935913086,-79.95516967773438
1629736498,1325020,11,0,1709,40.47018814086914,-80.00541687011719
1629736513,14741020,4,0,1705,40.49705123901367,-80.01542663574219
1629736515,11532020,82,0,6056,40.441104888916016,-79.9858169555664
1629736505,3201020,28X,0,6059,40.49637222290039,-80.25888061523438
1629736498,7288020,71C,0,6051,40.4577751159668,-79.93415069580078
1629736501,6941020,8,0,6608,40.50362014770508,-80.02539825439453
1629736505,12881020,44,0,1719,40.3861083984375,-79.94274139404297
1629736480,4761020,43,0,1718,40.42102813720703,-80.00554656982422
1629736523,10395020,48,0,5634,40.42914581298828,-79.99626159667969
1629736498,38020,24,0,5635,40.45130157470703,-80.03751373291016
1629736509,5663020,40,0,1717,40.44615936279297,-79.98866271972656
1629736502,9031020,54,0,6602,40.46491241455078,-79.95962524414062
1629736510,1766020,44,0,1715,40.446102142333984,-79.9888916015625
1629736510,3659020,1,0,6606,40.59792709350586,-79.76966094970703
1629736491,3188020,61D,0,6620,40.43617630004883,-79.96979522705078
1629736513,1138020,40,0,1723,40.44300079345703,-79.99774169921875
1629736509,6041020,61C,0,6619,40.40362548828125,-79.88272094726562
1629736515,4629020,44,0,1729,40.406368255615234,-79.97844696044922
1629736505,12032020,G2,0,6614,40.44255447387695,-79.99607849121094
1629736522,6065020,38,0,6613,40.44104766845703,-80.00397491455078
1629736503,11120020,61B,0,6618,40.435916900634766,-79.96857452392578
1629736490,4876020,61C,0,6630,40.4394416809082,-79.95988464355469
1629736493,5900020,14,0,6511,40.500465393066406,-80.07351684570312
1629736518,10857020,54,0,6502,40.414241790771484,-79.99504852294922
1629736517,6425020,61B,0,6623,40.40452194213867,-79.86640930175781
1629736504,6085020,Y47,0,5654,40.44049072265625,-80.00052642822266
1629736522,10509020,54,0,6501,40.43752670288086,-79.97273254394531
1629736522,8147020,51,0,6625,40.400577545166016,-79.98921966552734
1629736505,4186020,2,0,6506,40.481021881103516,-79.97486877441406
1629736510,13573020,93,0,6627,40.4078254699707,-79.92640686035156
1629736519,121020,16,0,6505,40.44932556152344,-80.00080871582031
1629736523,9356020,93,0,6626,40.4706916809082,-79.96031188964844
1629736505,11176020,53L,0,6629,40.41899108886719,-79.9268798828125
1629736510,9631020,61B,0,6628,40.44441223144531,-79.94878387451172
1629736516,5684020,27,0,6520,40.451393127441406,-80.06889343261719
1629736511,13817020,77,0,6641,40.46196746826172,-79.84097290039062
1629736495,3193020,82,0,6640,40.473148345947266,-79.88822174072266
1629736519,2175020,13,0,6401,40.518455505371094,-80.04414367675781
1629736501,11875020,P68,0,6642,40.460445404052734,-79.95611572265625
1629736502,14216020,61D,0,3255,40.4110221862793,-79.90657806396484
1629736509,10799020,51,0,6634,40.428794860839844,-79.98469543457031
1629736517,12001020,38,0,6514,40.38179016113281,-80.08544158935547
1629736509,2649020,61A,0,6635,40.44186019897461,-79.99879455566406
1629736499,4035020,39,0,6516,40.43635940551758,-80.00113677978516
1629736510,811020,24,0,6518,40.47507095336914,-80.08930206298828
1629736522,11681020,86,0,6650,40.45677947998047,-79.93994903564453
1629736503,9123020,71D,0,6652,40.44975662231445,-79.89163208007812
1629736522,4121020,Y46,0,6531,40.37020492553711,-79.9825439453125
1629736493,7785020,51,0,6533,40.39596939086914,-79.98722076416016
1629736493,7660020,54,0,6412,40.45446014404297,-80.00840759277344
1629736507,2759020,77,0,6654,40.460750579833984,-79.91570281982422
1629736517,13716020,67,0,6653,40.44451141357422,-79.88435363769531
1629736504,71020,59,0,6524,40.3524284362793,-79.85176086425781
1629736494,1508020,86,0,6645,40.462947845458984,-79.95655059814453
1629736508,258020,91,0,6403,40.50041580200195,-79.86093139648438
1629736503,10481020,28X,0,6644,40.42285919189453,-80.1032943725586
1629736512,10906020,91,0,6405,40.48358154296875,-79.9499282836914
1629736493,7028020,12,0,6404,40.549617767333984,-80.01500701904297
1629736519,4639020,64,0,6527,40.438053131103516,-79.91948699951172
1629736522,320020,16,0,6408,40.49958801269531,-80.0644302368164
1629736502,7102020,81,0,6529,40.44166564941406,-79.99384307861328
1629736521,12643020,59,0,6540,40.41468811035156,-79.8833236694336
1629736520,4267020,41,0,6420,40.396522521972656,-80.0314712524414
1629736464,11057020,28X,0,6544,40.44306182861328,-79.95381927490234
1629736518,11968020,71A,0,6543,40.437477111816406,-79.97212982177734
1629736502,4241020,Y47,0,6535,40.33015441894531,-79.92350006103516
1629736520,7792020,41,0,6416,40.38745880126953,-80.0435562133789
1629736515,108020,60,0,6538,40.34657669067383,-79.8639907836914
1629736512,1321020,48,0,6419,40.420982360839844,-80.0058364868164
1629736500,8708020,71A,0,6551,40.47957992553711,-79.92183685302734
1629736511,7586020,61D,0,6432,40.428646087646484,-79.92436218261719
1629736501,7840020,82,0,6553,40.444480895996094,-79.97853088378906
1629736495,7987020,54,0,6310,40.418460845947266,-79.98622131347656
1629736501,1049020,59,0,6431,40.4093132019043,-79.91658782958984
1629736511,8699020,17,0,6313,40.499942779541016,-80.0315170288086
1629736521,1523020,61A,0,6434,40.44215393066406,-79.88601684570312
1629736515,9038020,12,0,6312,40.465911865234375,-79.99974822998047
1629736468,11305020,71A,0,6554,40.44458770751953,-79.95457458496094
1629736502,13108020,1,0,6304,40.446075439453125,-79.98873901367188
1629736520,14735020,27,0,6425,40.44158172607422,-80.06832885742188
1629736518,1797020,86,0,6546,40.447731018066406,-79.88372802734375
1629736509,10736020,31,0,6424,40.43726348876953,-80.04093933105469
1629736503,7574020,12,0,6306,40.54945755004883,-80.01496887207031
1629736513,5646020,71C,0,6548,40.437461853027344,-79.98056030273438
1629736393,10500020,79,0,6547,40.44880294799805,-79.89060974121094
1629736506,3536020,8,0,6305,40.450618743896484,-80.00128936767578
1629736496,5439020,56,0,6429,40.43632888793945,-79.9964828491211
1629736503,8799020,8,0,6308,40.51768493652344,-80.03026580810547
1629736519,8649020,13,0,6307,40.487274169921875,-80.04502868652344
1629736515,3504020,55,0,6428,40.34870147705078,-79.87745666503906
1629736385,13958020,64,0,6549,40.46720504760742,-79.96327209472656
1629736503,3854020,59,0,6441,40.348690032958984,-79.93903350830078
1629736520,7031020,61C,0,6440,40.436920166015625,-79.96591186523438
1629736521,5014020,12,0,6201,40.53050231933594,-80.00988006591797
1629736476,11618020,51,0,6443,40.38077163696289,-79.97628021240234
1629736503,2616020,1,0,6203,40.494590759277344,-79.93347930908203
1629736522,5493020,36,0,6324,40.43338394165039,-80.0216064453125
1629736513,2961020,93,0,6445,40.4832763671875,-79.94950866699219
1629736510,-1055748354,16,1,5904,40.47962951660156,-80.03106689453125
1629736510,4199020,6,0,5907,40.44513702392578,-79.99910736083984
1629736501,13486020,13,0,5909,40.45610427856445,-80.00287628173828
1629736520,5845020,14,0,6315,40.51171875,-80.10211181640625
1629736496,346020,59,0,6436,40.40510940551758,-79.82943725585938
1629736480,7995020,83,0,6438,40.452186584472656,-79.96900177001953
1629736510,7657020,79,0,6558,40.45484161376953,-79.87068176269531
1629736509,11714020,38,0,6318,40.38042449951172,-80.04315185546875
1629736495,12952020,61D,0,6439,40.415008544921875,-79.92443084716797
1629736517,8920020,91,0,5901,40.45868682861328,-79.97297668457031
1629736515,6267020,17,0,5902,40.46931076049805,-80.02899169921875
1629736519,1286020,74,0,6450,40.47078323364258,-79.89772033691406
1629736504,7312020,67,0,6452,40.44431686401367,-79.93030548095703
1629736509,6627020,14,0,6212,40.59148025512695,-80.2275619506836
1629736523,7712020,55,0,6333,40.34769821166992,-79.93354034423828
1629736468,14060020,26,0,6332,40.44253158569336,-80.03302764892578
1629736481,13816020,83,0,6335,40.430419921875,-79.9771957397461
1629736521,7775020,28X,0,6455,40.438079833984375,-79.96344757080078
1629736500,11684020,61B,0,6447,40.43804168701172,-79.92052459716797
1629736511,12373020,48,0,6325,40.42838668823242,-79.97405242919922
1629736434,12030020,54,0,6204,40.40879821777344,-79.991455078125
1629736507,6909020,55,0,6446,40.34688949584961,-79.88075256347656
1629736516,9246020,54,0,6206,40.444297790527344,-79.95486450195312
1629736510,11582020,24,0,5911,40.44807434082031,-80.16168975830078
1629736499,12035020,91,0,6209,40.498779296875,-79.88668823242188
1629736487,14332020,31,0,5914,40.437339782714844,-80.05366516113281
1629736492,5438020,75,0,6461,40.43727111816406,-79.971435546875
1629736489,7224020,39,0,6221,40.44569778442383,-79.98963928222656
1629736517,14665020,71C,0,6463,40.448604583740234,-79.89957427978516
1629736523,4595020,56,0,6341,40.34476089477539,-79.83033752441406
1629736476,9731020,71D,0,6462,40.43912887573242,-79.99461364746094
1629736475,4260020,22,0,6222,40.468257904052734,-80.09815979003906
1629736517,12081020,61C,0,6343,40.430755615234375,-79.92335510253906
1629736505,2054020,1,0,6104,40.53866958618164,-79.82998657226562
1629736516,13475020,20,0,6225,40.48190689086914,-80.11045837402344
1629736519,85020,51,0,6346,40.3690071105957,-79.97587585449219
1629736501,1772020,8,0,5806,40.51750183105469,-80.03678894042969
1629736521,4251020,2,0,5807,40.53567123413086,-79.97053527832031
1629736496,2068020,93,0,6337,40.435123443603516,-79.95623016357422
1629736494,2295020,51,0,6336,40.34168243408203,-79.94390106201172
1629736470,8870020,56,0,6339,40.336761474609375,-79.86286163330078
1629736469,5643020,P3,0,6338,40.456111907958984,-79.94554138183594
1629736509,10740020,83,0,5922,40.443241119384766,-79.98074340820312
1629736512,8036020,2,0,5804,40.52497100830078,-80.00897979736328
1629737567,5827020,51,0,6111,40.38687515258789,-79.9819107055664
1629737541,13786020,57,0,6353,40.41297149658203,-79.90312194824219
1629737556,12366020,20,0,6110,40.44342803955078,-80.02611541748047
1629737563,7529020,61C,0,6355,40.44399642944336,-79.93927764892578
1629737568,4882020,Y46,0,6113,40.32448959350586,-79.94368743896484
1629737563,2310020,61B,0,6112,40.437503814697266,-79.98151397705078
1629737567,3291020,59,0,6235,40.40733337402344,-79.91119384765625
1629737525,8785020,59,0,6114,40.3808708190918,-79.86082458496094
1629737523,1793020,P3,0,5816,40.415164947509766,-79.87945556640625
1629737565,11232020,61A,0,5819,40.41461944580078,-79.87357330322266
1629737555,30020,51,0,6348,40.43213653564453,-80.00389099121094
1629737542,5131020,91,0,6106,40.46873474121094,-79.96226501464844
1629737553,10908020,1,0,6105,40.49240493774414,-79.8639907836914
1629737525,5413020,P68,0,6468,40.428985595703125,-79.74918365478516
1629737564,9444020,39,0,6229,40.40119934082031,-80.01827239990234
1629737563,13488020,29,0,5811,40.441261291503906,-80.040283203125
1629737560,3611020,81,0,5932,40.43032455444336,-79.97649383544922
1629737563,5566020,71A,0,6362,40.478946685791016,-79.91909790039062
1629737544,14399020,Y46,0,6241,40.28887939453125,-79.89109802246094
1629737523,10973020,88,0,6361,40.456756591796875,-79.91361999511719
1629737560,5950020,61A,0,6122,40.43901062011719,-79.8810043334961
1629737548,6355020,77,0,6364,40.45808029174805,-79.93473052978516
1629737485,7626020,71B,0,6363,40.443946838378906,-79.95540618896484
1629737569,7801020,71B,0,6366,40.46175003051758,-79.9246826171875
1629737543,10252020,17,0,6002,40.45033264160156,-80.0011978149414
1629737564,13126020,51,0,6244,40.44103240966797,-80.00111389160156
1629737556,6508020,58,0,6365,40.43879699707031,-79.99974060058594
1629737567,6161020,82,0,6368,40.45116424560547,-79.95452117919922
1629737541,8698020,59,0,6246,40.35111618041992,-79.875732421875
1629737559,5086020,71B,0,6367,40.46052169799805,-79.92499542236328
1629737570,13397020,12,0,5707,40.58565902709961,-80.0386962890625
1629737553,4446020,57,0,6117,40.43887710571289,-80.00311279296875
1629737560,11546020,61B,0,6238,40.41362762451172,-79.85386657714844
1629737555,12970020,71B,0,5940,40.44211959838867,-80.00139617919922
1629737539,1621020,54,0,5702,40.439388275146484,-79.96172332763672
1629737545,5510020,87,0,5944,40.46377182006836,-79.95281982421875
1629737569,2440020,16,0,5703,40.499664306640625,-80.06462860107422
1629737564,5809020,53L,0,6133,40.41292953491211,-79.90853881835938
1629737567,1810020,6,0,6011,40.44315719604492,-79.99812316894531
1629737550,12121020,59,0,6135,40.34334182739258,-79.94086456298828
1629737513,9702020,28X,0,6258,40.453575134277344,-80.17188262939453
1629737560,12242020,75,0,6137,40.45503234863281,-79.9319839477539
1629737561,14256020,61A,0,6250,40.43806076049805,-79.90633392333984
1629737488,4932020,P1,0,3416,40.41476058959961,-79.87879180908203
1629737548,5791020,P1,0,3414,40.45069885253906,-79.98128509521484
1629737551,5830020,P3,0,6249,40.42821502685547,-79.88491821289062
1629737568,122020,1,0,6006,40.488014221191406,-79.8896484375
1629737566,12910020,77,0,6369,40.441429138183594,-79.99422454833984
1629737545,4478020,14,0,6009,40.54096984863281,-80.18128967285156
1629737529,9394020,59,0,6129,40.38786315917969,-79.82400512695312
1629737564,9811020,8,0,6008,40.51439666748047,-80.02410888671875
1629737558,1333020,71C,0,5715,40.46295166015625,-79.93099212646484
1629737565,7363020,29,0,6021,40.4411735534668,-80.1930923461914
1629737553,1694020,71B,0,6263,40.4796028137207,-79.92198181152344
1629737567,3494020,74,0,6262,40.45077896118164,-79.900146484375
1629737561,3332020,G2,0,6023,40.44258117675781,-79.99613952636719
1629737566,2688020,21,0,6022,40.47320556640625,-80.06221771240234
1629737568,1173020,71A,0,6143,40.44573974609375,-79.9531021118164
1629737545,1254020,74,0,6264,40.46051788330078,-79.92784881591797
1629737565,13778020,26,0,6025,40.44168472290039,-80.06831359863281
1629737563,4708020,88,0,6267,40.46483612060547,-79.94178009033203
1629737564,185020,71B,0,6269,40.441471099853516,-79.95890045166016
1629737517,10648020,77,0,6268,40.453025817871094,-79.75023651123047
1629737561,9346020,71C,0,6140,40.43804168701172,-79.9941635131836
1629737565,5201020,71D,0,3424,40.45688247680664,-79.90753173828125
1629737506,2263020,G2,0,3302,40.427040100097656,-80.07183074951172
1629737549,3180020,71D,0,3421,40.44974136352539,-79.92991638183594
1629737552,2743020,71D,0,6138,40.45049285888672,-79.92755126953125
1629737568,6501020,16,0,5603,40.4675407409668,-80.02508544921875
1629737566,2624020,1,0,5605,40.545040130615234,-79.77072143554688
1629737560,13181020,71C,0,6153,40.442588806152344,-79.8871841430664
1629737559,8806020,93,0,6032,40.40789031982422,-79.92642211914062
1629737563,3041020,51,0,6031,40.40416717529297,-79.99027252197266
1629737567,1838020,71,0,6152,40.42655563354492,-79.88993835449219
1629737569,8551020,77,0,6155,40.48447799682617,-79.8188705444336
1629737563,11265020,64,0,6033,40.45854568481445,-79.94322967529297
1629737566,468020,87,0,6154,40.464599609375,-79.9504165649414
1629737563,7680020,81,0,6038,40.44050216674805,-79.97473907470703
1629737566,8962020,P1,0,3320,40.459999084472656,-79.962890625
1629737558,5461020,71A,0,6270,40.43804168701172,-79.994140625
1629737554,13890020,P78,0,6272,40.458675384521484,-79.91471099853516
1629737558,9035020,79,0,6271,40.455081939697266,-79.87439727783203
1629737550,4164020,22,0,5611,40.44243621826172,-80.00454711914062
1629737556,6604020,91,0,5732,40.48825454711914,-79.93755340576172
1629737569,13767020,61D,0,5614,40.43695068359375,-79.96333312988281
1629737549,10111020,Y49,0,6043,40.344085693359375,-79.9471206665039
1629737565,464020,71D,0,6045,40.4409294128418,-79.99632263183594
1629737560,7317020,75,0,6046,40.469642639160156,-79.92112731933594
1629737553,11793020,87,0,6160,40.48314666748047,-79.94776916503906
1629737569,2893020,P1,0,3329,40.43336868286133,-79.88497924804688
1629737566,13161020,61D,0,3206,40.438621520996094,-79.9867172241211
1629737568,11169020,P1,0,3323,40.45722579956055,-79.97074127197266
1629737568,1325020,11,0,1709,40.44330978393555,-79.99658203125
1629737555,14741020,4,0,1705,40.4540901184082,-79.99755859375
1629737541,14176020,17,0,5627,40.500946044921875,-80.022216796875
1629737531,10202020,82,0,6056,40.44517517089844,-79.97406005859375
1629737543,3201020,28X,0,6059,40.4515266418457,-80.17485046386719
1629737548,2087020,67,0,6052,40.439308166503906,-79.76056671142578
1629737566,7288020,71C,0,6051,40.441776275634766,-79.95850372314453
1629737542,6941020,8,0,6608,40.45707321166992,-80.00714874267578
1629737546,14702020,44,0,1719,40.39696502685547,-79.9780044555664
1629737559,4761020,43,0,1718,40.43281555175781,-80.00349426269531
1629737557,14319020,48,0,5634,40.43606948852539,-80.00132751464844
1629737479,1611020,24,0,5635,40.44279861450195,-80.0247573852539
1629737542,5663020,40,0,1717,40.43231201171875,-80.00379180908203
1629737567,9031020,54,0,6602,40.4553108215332,-80.00760650634766
1629737563,1766020,44,0,1715,40.421043395996094,-80.00170135498047
1629737565,3659020,1,0,6606,40.482723236083984,-79.96273040771484
1629737562,3188020,61D,0,6620,40.43804931640625,-79.9229965209961
1629737548,11410020,41,0,6611,40.35939025878906,-80.10273742675781
1629737569,4629020,44,0,1729,40.384300231933594,-79.95062255859375
1629737559,12032020,G2,0,6614,40.443302154541016,-80.06610870361328
1629737561,6065020,38,0,6613,40.3919677734375,-80.06867218017578
1629737534,11120020,61B,0,6618,40.438011169433594,-79.9231948852539
1629737564,4876020,61C,0,6630,40.43589401245117,-79.9228744506836
1629737559,5900020,14,0,6511,40.55726623535156,-80.19825744628906
1629737565,11273020,14,0,6510,40.447669982910156,-80.01898193359375
1629737569,11868020,61C,0,6631,40.416778564453125,-79.9258041381836
1629737561,10857020,54,0,6502,40.42103576660156,-80.00558471679688
1629737557,6425020,61B,0,6623,40.43803024291992,-79.91534423828125
1629737562,11136020,Y47,0,5654,40.38755798339844,-79.99707794189453
1629737562,10509020,54,0,6501,40.40966796875,-79.99838256835938
1629737556,8147020,51,0,6625,40.38066482543945,-79.97624206542969
1629737560,13573020,93,0,6627,40.42326736450195,-79.92861938476562
1629737566,121020,16,0,6505,40.48153305053711,-80.03364562988281
1629737550,9356020,93,0,6626,40.44316482543945,-79.95655059814453
1629737554,11176020,53L,0,6629,40.406715393066406,-79.9095458984375
1629737545,9631020,61B,0,6628,40.423789978027344,-79.89093017578125
1629737552,13817020,77,0,6641,40.459617614746094,-79.9113998413086
1629737560,3193020,82,0,6640,40.46026611328125,-79.92800903320312
1629737555,2175020,13,0,6401,40.47637176513672,-80.0399398803711
1629737527,7799020,69,0,6643,40.439613342285156,-79.87816619873047
1629737552,11875020,P68,0,6642,40.42755126953125,-79.8729476928711
1629737565,14216020,61D,0,3255,40.40381622314453,-79.91988372802734
1629737567,10799020,51,0,6634,40.38608932495117,-79.97930145263672
1629737563,12001020,38,0,6514,40.4168586730957,-80.04501342773438
1629737565,11078020,61A,0,6635,40.43730926513672,-79.96284484863281
1629737565,811020,24,0,6518,40.451499938964844,-80.1609878540039
1629737546,11681020,86,0,6650,40.458377838134766,-79.90648651123047
1629737551,4908020,71D,0,6652,40.44594192504883,-79.88816833496094
1629737558,4121020,Y46,0,6531,40.43105697631836,-80.00198364257812
1629737557,2287020,51,0,6530,40.36216354370117,-79.92976379394531
1629737565,7785020,51,0,6533,40.428749084472656,-79.98833465576172
1629737569,7660020,54,0,6412,40.457733154296875,-79.96553039550781
1629737569,2759020,77,0,6654,40.466957092285156,-79.83679962158203
1629737518,13716020,67,0,6653,40.444580078125,-79.94498443603516
1629737554,71020,59,0,6524,40.3727912902832,-79.84858703613281
1629737569,4224020,86,0,6645,40.44345474243164,-79.99567413330078
1629737563,258020,91,0,6403,40.48846435546875,-79.89974212646484
1629737543,10481020,28X,0,6644,40.441436767578125,-79.99799346923828
1629737544,13360020,61C,0,6526,40.396728515625,-79.87449645996094
1629737561,10906020,91,0,6405,40.487876892089844,-79.88688659667969
1629737554,7028020,12,0,6404,40.58574295043945,-80.03662109375
1629737544,7388020,28X,0,6646,40.44769287109375,-79.9389419555664
1629737556,4310020,54,0,6406,40.45223617553711,-80.00740814208984
1629737565,4639020,64,0,6527,40.40720748901367,-79.91921997070312
1629737567,320020,16,0,6408,40.46383285522461,-80.02277374267578
1629737562,7102020,81,0,6529,40.441646575927734,-79.96566009521484
1629737569,12643020,59,0,6540,40.408931732177734,-79.91712188720703
1629737565,4267020,41,0,6420,40.440853118896484,-80.00071716308594
1629737563,5868020,31,0,6423,40.35953903198242,-80.11177062988281
1629737558,11968020,71A,0,6543,40.45581817626953,-79.9388198852539
1629737569,4241020,Y47,0,6535,40.3436164855957,-79.94483184814453
1629737528,7792020,41,0,6416,40.36176300048828,-80.09213256835938
1629737565,5748020,60,0,6538,40.34518051147461,-79.84115600585938
1629737559,1321020,48,0,6419,40.42691421508789,-79.96864318847656
1629737567,5083020,71A,0,6551,40.4775276184082,-79.91987609863281
1629737554,7840020,82,0,6553,40.45750427246094,-79.93309783935547
1629737558,7987020,54,0,6310,40.44113540649414,-79.95919036865234
1629737540,1049020,59,0,6431,40.421234130859375,-79.8862075805664
1629737550,8699020,17,0,6313,40.463966369628906,-80.0282211303711
1629737543,1523020,61A,0,6434,40.4444694519043,-79.9420166015625
1629737554,9038020,12,0,6312,40.545677185058594,-80.00959014892578
1629737552,11305020,71A,0,6554,40.441864013671875,-79.99880981445312
1629737555,13108020,1,0,6304,40.443668365478516,-79.99531555175781
1629737569,14735020,27,0,6425,40.44245529174805,-80.05108642578125
1629737560,1797020,86,0,6546,40.46100616455078,-79.92353057861328
1629737565,10736020,31,0,6424,40.38679122924805,-80.09361267089844
1629737545,7574020,12,0,6306,40.545379638671875,-80.00605773925781
1629737568,5646020,71C,0,6548,40.45225143432617,-79.95085144042969
1629737549,144020,79,0,6547,40.442806243896484,-79.88690185546875
1629737564,4253020,8,0,6305,40.46347427368164,-80.01335144042969
1629737555,5439020,56,0,6429,40.388370513916016,-79.93256378173828
1629737564,8799020,8,0,6308,40.517601013183594,-80.03693389892578
1629737569,3504020,55,0,6428,40.38499450683594,-79.82483673095703
1629737540,5759020,64,0,6549,40.45206069946289,-79.93096160888672
1629737531,12171020,61C,0,6440,40.439697265625,-79.99644470214844
1629737564,5014020,12,0,6201,40.4458122253418,-79.99931335449219
1629737569,11618020,51,0,6443,40.423301696777344,-79.97769927978516
1629737548,2616020,1,0,6203,40.45149612426758,-80.0010986328125
1629737556,4949020,36,0,6324,40.40741729736328,-80.03360748291016
1629737553,12461020,93,0,6445,40.482994079589844,-79.94793701171875
1629737546,-1055748354,16,1,5904,40.44334030151367,-79.99822235107422
1629737562,4199020,6,0,5907,40.4782829284668,-80.00059509277344
1629737527,6498020,15,0,5908,40.443729400634766,-79.9950942993164
1629737544,4386020,13,0,5909,40.45344543457031,-80.00169372558594
1629737568,5845020,14,0,6315,40.44715118408203,-80.02001190185547
1629737567,346020,59,0,6436,40.40618896484375,-79.86627960205078
1629737559,13633020,83,0,6438,40.44220733642578,-80.00071716308594
1629737560,7657020,79,0,6558,40.47105026245117,-79.86119842529297
1629737553,11714020,38,0,6318,40.38105773925781,-80.04362487792969
1629737562,12952020,61D,0,6439,40.44454574584961,-79.9424057006836
1629737549,9510020,91,0,5901,40.443660736083984,-79.99526977539062
1629737537,6267020,17,0,5902,40.494869232177734,-80.02146911621094
1629737563,1286020,74,0,6450,40.44194412231445,-79.91996002197266
1629737566,7312020,67,0,6452,40.43982696533203,-79.87110137939453
1629737553,6627020,14,0,6212,40.59121322631836,-80.22737884521484
1629737551,7712020,55,0,6333,40.32167053222656,-79.94243621826172
1629737554,6290020,26,0,6332,40.44395065307617,-80.02778625488281
1629737566,13816020,83,0,6335,40.442291259765625,-79.9577865600586
1629737551,1777020,2,0,6213,40.44428253173828,-80.00072479248047
1629737557,7775020,28X,0,6455,40.44166564941406,-80.02147674560547
1629737542,11684020,61B,0,6447,40.43938064575195,-79.96173095703125
1629737539,12373020,48,0,6325,40.42097091674805,-80.00578308105469
1629737556,13412020,54,0,6204,40.41419982910156,-79.98816680908203
1629737539,6909020,55,0,6446,40.29597854614258,-79.89386749267578
1629737545,9246020,54,0,6206,40.461700439453125,-79.96578216552734
1629737553,11582020,24,0,5911,40.4706916809082,-80.09187316894531
1629737551,10454020,91,0,6209,40.494632720947266,-79.88591003417969
1629737550,14332020,31,0,5914,40.44607162475586,-79.98877716064453
1629737543,11502020,61B,0,6340,40.40233612060547,-79.86834716796875
1629737563,7088020,75,0,6461,40.42670822143555,-79.966552734375
1629737549,10487020,39,0,6221,40.43678283691406,-80.00090026855469
1629737569,19020,61A,0,6342,40.40105438232422,-79.86212921142578
1629737567,10977020,71C,0,6463,40.44599914550781,-79.89173126220703
1629737542,4595020,56,0,6341,40.346435546875,-79.82958984375
1629737552,10469020,71D,0,6462,40.4378776550293,-79.97769165039062
1629737543,4260020,22,0,6222,40.468257904052734,-80.09815979003906
1629737565,12081020,61C,0,6343,40.44181823730469,-79.95845031738281
1629737555,2054020,1,0,6104,40.56755065917969,-79.77606964111328
1629737564,3887020,20,0,6225,40.470218658447266,-80.10003662109375
1629737561,85020,51,0,6346,40.34379196166992,-79.94485473632812
1629737564,10963020,8,0,5806,40.50159454345703,-80.02352142333984
1629737549,4251020,2,0,5807,40.545249938964844,-80.01619720458984
1629737567,2068020,93,0,6337,40.452491760253906,-79.95244598388672
1629737569,2295020,51,0,6336,40.367671966552734,-79.97827911376953
1629737549,8870020,56,0,6339,40.37742614746094,-79.9208984375
1629737544,4566020,P3,0,6338,40.44207000732422,-79.95797729492188
1629737570,10740020,83,0,5922,40.442806243896484,-79.9657211303711
1629737558,5620020,2,0,5804,40.54547119140625,-80.00969696044922
1629738258,5827020,51,0,6111,40.41672134399414,-79.98682403564453
1629738251,5302020,57,0,6353,40.41059112548828,-79.91117095947266
1629738279,12366020,20,0,6110,40.4649543762207,-80.07350158691406
1629738276,7529020,61C,0,6355,40.419677734375,-79.92803192138672
1629738261,4882020,Y46,0,6113,40.286739349365234,-79.89530944824219
1629738269,2310020,61B,0,6112,40.44462966918945,-79.94300079345703
1629738275,3291020,59,0,6235,40.41155242919922,-79.90803527832031
1629738275,8785020,59,0,6114,40.370147705078125,-79.85303497314453
1629738260,1793020,P3,0,5816,40.415164947509766,-79.87943267822266
1629738247,11232020,61A,0,5819,40.40924072265625,-79.85650634765625
1629738265,30020,51,0,6348,40.4147834777832,-79.98773193359375
1629738262,5131020,91,0,6106,40.4449462890625,-79.99373626708984
1629738272,10908020,1,0,6105,40.490684509277344,-79.90757751464844
1629738262,5413020,P68,0,6468,40.428985595703125,-79.74918365478516
1629738262,9444020,39,0,6229,40.43105697631836,-80.00198364257812
1629738257,13488020,29,0,5811,40.44319534301758,-79.99687957763672
1629738265,1038020,81,0,5932,40.43701171875,-79.96327209472656
1629738251,6807020,71A,0,6362,40.47891616821289,-79.9190902709961
1629738267,14399020,Y46,0,6241,40.324745178222656,-79.94379425048828
1629738268,10973020,88,0,6361,40.45599365234375,-79.9151382446289
1629738251,5950020,61A,0,6122,40.43804168701172,-79.91962432861328
1629738269,6355020,77,0,6364,40.45811080932617,-79.90403747558594
1629738269,7626020,71B,0,6363,40.461944580078125,-79.92460632324219
1629738250,9015020,83,0,6124,40.430419921875,-79.9771957397461
1629738260,10252020,17,0,6002,40.46162033081055,-80.03070831298828
1629738255,14386020,51,0,6244,40.428741455078125,-79.99504089355469
1629738270,6508020,58,0,6365,40.4261589050293,-79.93987274169922
1629738219,6161020,82,0,6368,40.4405403137207,-79.9902572631836
1629738257,8698020,59,0,6246,40.34953308105469,-79.9335708618164
1629738224,5086020,71B,0,6367,40.447410583496094,-79.9427719116211
1629738262,13397020,12,0,5707,40.56037139892578,-80.0241470336914
1629738244,3316020,57,0,6117,40.43090057373047,-79.95897674560547
1629738266,11546020,61B,0,6238,40.41362762451172,-79.85386657714844
1629738273,4866020,71B,0,5940,40.437530517578125,-79.98218536376953
1629738274,1621020,54,0,5702,40.42121124267578,-79.98014831542969
1629738270,5510020,87,0,5944,40.4764404296875,-79.9297103881836
1629738268,2440020,16,0,5703,40.480045318603516,-80.03136444091797
1629738273,5809020,53L,0,6133,40.43259048461914,-79.96080780029297
1629738271,6268020,6,0,6011,40.44619369506836,-79.98867797851562
1629738264,12121020,59,0,6135,40.3502197265625,-79.87065887451172
1629738251,9702020,28X,0,6258,40.49940490722656,-80.25760650634766
1629738274,12242020,75,0,6137,40.437862396240234,-79.96392822265625
1629738270,14256020,61A,0,6250,40.43173599243164,-79.8844985961914
1629738258,13413020,P1,0,3416,40.419551849365234,-79.88646697998047
1629738259,6839020,P1,0,3414,40.46025085449219,-79.96148681640625
1629738236,5830020,P3,0,6249,40.45460510253906,-79.94327545166016
1629738256,122020,1,0,6006,40.53593063354492,-79.84166717529297
1629738254,4478020,14,0,6009,40.510719299316406,-80.09861755371094
1629738252,13225020,55,0,6129,40.387847900390625,-79.8231201171875
1629738270,1333020,71C,0,5715,40.44752883911133,-79.89631652832031
1629738259,4233020,71B,0,6263,40.4796028137207,-79.92198181152344
1629738271,3494020,74,0,6262,40.47224807739258,-79.8970718383789
1629738242,3332020,G2,0,6023,40.44272232055664,-80.0245590209961
1629738274,2688020,21,0,6022,40.44013595581055,-80.00647735595703
1629738258,1173020,71A,0,6143,40.43880844116211,-79.99082946777344
1629738261,321020,74,0,6264,40.46052551269531,-79.91566467285156
1629738258,13778020,26,0,6025,40.45542526245117,-80.06110382080078
1629738263,4708020,88,0,6267,40.45426559448242,-79.91275024414062
1629738266,185020,71B,0,6269,40.440887451171875,-79.99620819091797
1629738249,10648020,77,0,6268,40.453025817871094,-79.75023651123047
1629738274,9346020,71C,0,6140,40.442344665527344,-79.9576416015625
1629738269,13217020,71D,0,3424,40.44993209838867,-79.89158630371094
1629738277,2263020,G2,0,3302,40.44074249267578,-80.0069808959961
1629738271,3180020,71D,0,3421,40.445457458496094,-79.88375091552734
1629738262,2743020,71D,0,6138,40.4393196105957,-79.96182250976562
1629738273,6501020,16,0,5603,40.4981803894043,-80.06088256835938
1629738277,2624020,1,0,5605,40.53593063354492,-79.84166717529297
1629738273,6748020,71C,0,6153,40.44050979614258,-79.88761138916016
1629738275,5391020,93,0,6032,40.4078254699707,-79.92640686035156
1629738259,3041020,51,0,6031,40.37835693359375,-79.97545623779297
1629738277,8551020,77,0,6155,40.46207046508789,-79.85955047607422
1629738233,11265020,64,0,6033,40.46668243408203,-79.96261596679688
1629738252,468020,87,0,6154,40.44667434692383,-79.99467468261719
1629738249,14475020,77,0,6156,40.441802978515625,-80.00208282470703
1629738266,7680020,81,0,6038,40.4405403137207,-79.99052429199219
1629738263,8962020,P1,0,3320,40.4298095703125,-79.88455963134766
1629738252,5461020,71A,0,6270,40.44213104248047,-79.95787048339844
1629738252,13890020,P78,0,6272,40.44136428833008,-79.99555969238281
1629738269,4164020,22,0,5611,40.44517135620117,-80.02945709228516
1629738264,6604020,91,0,5732,40.487735748291016,-79.89717102050781
1629738255,13767020,61D,0,5614,40.444087982177734,-79.93980407714844
1629738273,5294020,71D,0,6045,40.4379768371582,-79.99223327636719
1629738274,7317020,75,0,6046,40.48871612548828,-79.90067291259766
1629738275,11793020,87,0,6160,40.48187255859375,-79.94074249267578
1629738265,2893020,P1,0,3329,40.45573425292969,-79.94503021240234
1629738277,12084020,61D,0,3206,40.440208435058594,-79.99464416503906
1629738255,11169020,P1,0,3323,40.450889587402344,-79.89387512207031
1629738275,521020,4,0,1705,40.44244384765625,-79.9998550415039
1629738254,14176020,17,0,5627,40.49113082885742,-80.04483795166016
1629738267,10202020,82,0,6056,40.455841064453125,-79.9387435913086
1629738246,3201020,28X,0,6059,40.42008590698242,-80.09213256835938
1629738271,2087020,67,0,6052,40.428531646728516,-79.79952239990234
1629738273,7288020,71C,0,6051,40.44110107421875,-79.99679565429688
1629738254,6633020,8,0,6608,40.44429397583008,-80.000732421875
1629738275,14702020,44,0,1719,40.41348648071289,-79.9811782836914
1629738262,10035020,43,0,1718,40.4395866394043,-79.99909973144531
1629738273,14319020,48,0,5634,40.42819595336914,-79.97129821777344
1629738274,1611020,24,0,5635,40.46992874145508,-80.070068359375
1629738272,5663020,40,0,1717,40.432064056396484,-80.01593780517578
1629738254,1766020,44,0,1715,40.409576416015625,-79.97663879394531
1629738214,7343020,1,0,6606,40.50032424926758,-80.0230712890625
1629738278,10000020,36,0,6612,40.33995056152344,-80.05420684814453
1629738254,11410020,41,0,6611,40.37621307373047,-80.06787872314453
1629738269,10238020,44,0,1729,40.39564514160156,-79.96834564208984
1629738274,5882020,G2,0,6614,40.40557861328125,-80.09066009521484
1629738276,6065020,38,0,6613,40.37868118286133,-80.09644317626953
1629738269,11120020,61B,0,6618,40.411556243896484,-79.88030242919922
1629738229,4876020,61C,0,6630,40.4076042175293,-79.91432189941406
1629738259,5900020,14,0,6511,40.59272766113281,-80.23043060302734
1629738271,11273020,14,0,6510,40.49406814575195,-80.06404876708984
1629738273,11868020,61C,0,6631,40.43806076049805,-79.92752075195312
1629738277,10927020,54,0,6502,40.41957092285156,-79.9973373413086
1629738274,6425020,61B,0,6623,40.44452667236328,-79.94853973388672
1629738249,11136020,Y47,0,5654,40.3390007019043,-79.97953033447266
1629738279,10509020,54,0,6501,40.40882873535156,-79.991455078125
1629738277,13335020,51,0,6625,40.380615234375,-79.97626495361328
1629738257,13573020,93,0,6627,40.43498229980469,-79.95597076416016
1629738259,9356020,93,0,6626,40.43408203125,-79.92796325683594
1629738245,11176020,53L,0,6629,40.37744140625,-79.9089126586914
1629738276,9631020,61B,0,6628,40.41392517089844,-79.8543930053711
1629738252,13817020,77,0,6641,40.45891571044922,-79.93345642089844
1629738258,3193020,82,0,6640,40.44886016845703,-79.96483612060547
1629738265,2175020,13,0,6401,40.45532989501953,-80.00697326660156
1629738258,7799020,69,0,6643,40.44999313354492,-79.89181518554688
1629738270,11875020,P68,0,6642,40.406009674072266,-79.84607696533203
1629738259,14216020,61D,0,3255,40.431880950927734,-79.92321014404297
1629738252,638020,59,0,6633,40.33628845214844,-79.94587707519531
1629738256,1841020,67,0,6636,40.43952178955078,-79.87482452392578
1629738271,2067020,38,0,6514,40.441043853759766,-80.00396728515625
1629738276,11078020,61A,0,6635,40.43783950805664,-79.93070983886719
1629738268,11681020,86,0,6650,40.44420623779297,-79.88583374023438
1629738264,4908020,71D,0,6652,40.45355224609375,-79.91575622558594
1629738244,10280020,Y46,0,6531,40.44155502319336,-79.99827575683594
1629738273,2287020,51,0,6530,40.34416961669922,-79.94741821289062
1629738276,7785020,51,0,6533,40.4415168762207,-80.00194549560547
1629738272,7660020,54,0,6412,40.452816009521484,-79.94903564453125
1629738266,2759020,77,0,6654,40.484291076660156,-79.80125427246094
1629738276,13716020,67,0,6653,40.43861389160156,-79.98653411865234
1629738272,71020,59,0,6524,40.38237380981445,-79.86985778808594
1629738253,4224020,86,0,6645,40.46350860595703,-79.95337677001953
1629738265,258020,91,0,6403,40.48472213745117,-79.94731903076172
1629738271,10481020,28X,0,6644,40.443843841552734,-79.95099639892578
1629738274,13360020,61C,0,6526,40.41688919067383,-79.92583465576172
1629738274,10906020,91,0,6405,40.500492095947266,-79.86087036132812
1629738259,7388020,28X,0,6646,40.43648910522461,-79.96903228759766
1629738268,5934020,61D,0,6528,40.41044998168945,-79.91143035888672
1629738273,4310020,54,0,6406,40.45534896850586,-79.97625732421875
1629738278,4973020,64,0,6527,40.411094665527344,-79.90655517578125
1629738260,320020,16,0,6408,40.44552993774414,-79.99922180175781
1629738253,7102020,81,0,6529,40.429832458496094,-79.97354125976562
1629738262,12643020,59,0,6540,40.39777374267578,-79.88087463378906
1629738268,13904020,41,0,6420,40.41225814819336,-80.01091003417969
1629738262,5868020,31,0,6423,40.38688659667969,-80.09404754638672
1629738277,4241020,Y47,0,6535,40.34537887573242,-79.98625183105469
1629738278,5748020,60,0,6538,40.350624084472656,-79.86774444580078
1629738270,1321020,48,0,6419,40.428749084472656,-79.99508666992188
1629738263,5083020,71A,0,6551,40.455196380615234,-79.94091796875
1629738271,7840020,82,0,6553,40.46369934082031,-79.9027328491211
1629738276,7987020,54,0,6310,40.45242691040039,-79.95030212402344
1629738266,1049020,59,0,6431,40.40571594238281,-79.85938262939453
1629738273,8699020,17,0,6313,40.45548629760742,-80.00614929199219
1629738268,1523020,61A,0,6434,40.4382209777832,-79.97759246826172
1629738226,9038020,12,0,6312,40.549617767333984,-80.01500701904297
1629738267,6930020,71A,0,6554,40.437713623046875,-79.98606872558594
1629738271,13108020,1,0,6304,40.454315185546875,-79.99586486816406
1629738277,11967020,27,0,6425,40.441558837890625,-80.00518798828125
1629738276,1797020,86,0,6546,40.459083557128906,-79.94424438476562
1629738267,7574020,12,0,6306,40.5219612121582,-80.00537872314453
1629738253,5646020,71C,0,6548,40.460784912109375,-79.92316436767578
1629738269,144020,79,0,6547,40.4565544128418,-79.87126159667969
1629738262,4253020,8,0,6305,40.49449920654297,-80.02104949951172
1629738278,5439020,56,0,6429,40.35541534423828,-79.90020751953125
1629738277,6470020,8,0,6308,40.51755142211914,-80.0373306274414
1629738252,3504020,55,0,6428,40.38816833496094,-79.82360076904297
1629738270,5759020,64,0,6549,40.4341926574707,-79.92289733886719
1629738278,12171020,61C,0,6440,40.439292907714844,-79.96007537841797
1629738246,6020020,12,0,6201,40.45547866821289,-80.00238800048828
1629738277,11618020,51,0,6443,40.435794830322266,-80.00151824951172
1629738268,4949020,36,0,6324,40.372718811035156,-80.05841827392578
1629738264,12461020,93,0,6445,40.46903610229492,-79.96184539794922
1629738266,-516713189,16,1,5904,40.45309066772461,-80.00162506103516
1629738272,654020,15,0,5907,40.47037124633789,-80.01188659667969
1629738259,6498020,15,0,5908,40.45305252075195,-80.0015640258789
1629738274,4386020,13,0,5909,40.466426849365234,-80.0337142944336
1629738264,346020,59,0,6436,40.41565704345703,-79.88362121582031
1629738276,2515020,13,0,6314,40.51726531982422,-80.0386734008789
1629738266,13633020,83,0,6438,40.445247650146484,-79.9815673828125
1629738253,12737020,82,0,6558,40.46087646484375,-79.91513061523438
1629738267,11957020,38,0,6318,40.38677978515625,-80.04490661621094
1629738274,12952020,61D,0,6439,40.43703079223633,-79.9706039428711
1629738275,9510020,91,0,5901,40.47020721435547,-79.96062469482422
1629738275,12365020,74,0,6450,40.432640075683594,-79.91831970214844
1629738257,7312020,67,0,6452,40.43404006958008,-79.8086929321289
1629738257,6627020,14,0,6212,40.59121322631836,-80.22737884521484
1629738273,7712020,55,0,6333,40.3183479309082,-79.93385314941406
1629738272,6290020,26,0,6332,40.455806732177734,-80.0615005493164
1629738262,13816020,83,0,6335,40.449039459228516,-79.95765686035156
1629738267,1777020,2,0,6213,40.478111267089844,-79.96795654296875
1629738223,7775020,28X,0,6455,40.44487380981445,-80.02896881103516
1629738235,11684020,61B,0,6447,40.441436767578125,-79.99771881103516
1629738249,6009020,48,0,6325,40.420982360839844,-80.0058364868164
1629738277,13412020,54,0,6204,40.4376335144043,-79.97251892089844
1629738265,6909020,55,0,6446,40.32242202758789,-79.92823028564453
1629738275,9246020,54,0,6206,40.45488739013672,-80.002197265625
1629738254,11582020,24,0,5911,40.46569061279297,-80.06277465820312
1629738252,10454020,91,0,6209,40.499183654785156,-79.8836898803711
1629738271,2762020,31,0,5914,40.44169616699219,-80.00344848632812
1629738270,11502020,61B,0,6340,40.418277740478516,-79.8881607055664
1629738273,7088020,75,0,6461,40.443939208984375,-79.9554214477539
1629738273,10487020,39,0,6221,40.396053314208984,-80.02322387695312
1629738227,19020,61A,0,6342,40.422210693359375,-79.88615417480469
1629738268,10977020,71C,0,6463,40.46229553222656,-79.92726135253906
1629738273,4982020,56,0,6341,40.343318939208984,-79.82923889160156
1629738269,10469020,71D,0,6462,40.446876525878906,-79.9494857788086
1629738104,4260020,22,0,6222,40.468257904052734,-80.09815979003906
1629738277,12081020,61C,0,6343,40.44021224975586,-79.99437713623047
1629738249,2054020,1,0,6104,40.60044860839844,-79.75714111328125
1629738262,3887020,20,0,6225,40.503761291503906,-80.1391830444336
1629738278,14493020,59,0,5926,40.39643859863281,-79.82125091552734
1629738262,10963020,8,0,5806,40.47119140625,-80.0086898803711
1629738264,4251020,2,0,5807,40.52753829956055,-80.00755310058594
1629738264,2068020,93,0,6337,40.4795036315918,-79.95494842529297
1629738275,2295020,51,0,6336,40.40312194824219,-79.98979187011719
1629738255,8870020,56,0,6339,40.42498016357422,-79.95206451416016
1629738266,4566020,P3,0,6338,40.45463943481445,-79.93526458740234
1629738260,10740020,83,0,5922,40.4298095703125,-79.97354125976562
1629738269,5620020,2,0,5804,40.56679916381836,-80.0042495727539
1629738954,5827020,51,0,6111,40.428619384765625,-79.99225616455078
1629738944,5302020,57,0,6353,40.41270446777344,-79.92259216308594
1629738951,12366020,20,0,6110,40.5059700012207,-80.14118957519531
1629738902,7529020,61C,0,6355,40.407752990722656,-79.89175415039062
1629738925,4882020,Y46,0,6113,40.276100158691406,-79.89067840576172
1629738932,2310020,61B,0,6112,40.43804931640625,-79.90782165527344
1629738917,11232020,61A,0,6115,40.41368865966797,-79.85367584228516
1629738928,3291020,59,0,6235,40.40532684326172,-79.88538360595703
1629738948,8785020,59,0,6114,40.351715087890625,-79.86399841308594
1629738925,5289020,P3,0,5816,40.415008544921875,-79.87924194335938
1629738952,30020,51,0,6348,40.38565444946289,-79.97869873046875
1629738951,8518020,91,0,6106,40.44314956665039,-79.99720764160156
1629738943,10908020,1,0,6105,40.46921157836914,-79.976318359375
1629738954,5420020,P68,0,6468,40.427581787109375,-79.75051879882812
1629738950,9444020,39,0,6229,40.443603515625,-79.99549102783203
1629738941,10133020,29,0,5811,40.44316864013672,-79.99689483642578
1629738938,1038020,81,0,5932,40.443355560302734,-79.95628356933594
1629738938,6807020,71A,0,6362,40.45718765258789,-79.93429565429688
1629738952,14399020,Y46,0,6241,40.3433952331543,-79.96975708007812
1629738941,10973020,88,0,6361,40.466060638427734,-79.9507064819336
1629738953,10089020,54,0,6001,40.454002380371094,-80.00191497802734
1629738931,5950020,61A,0,6122,40.444210052490234,-79.9495849609375
1629738953,6355020,77,0,6364,40.462989807128906,-79.85040283203125
1629738941,9015020,83,0,6124,40.436492919921875,-79.9707260131836
1629738932,10252020,17,0,6002,40.487239837646484,-80.03873443603516
1629738944,14386020,51,0,6244,40.41246795654297,-79.9893798828125
1629738948,6508020,58,0,6365,40.43439865112305,-79.94205474853516
1629738933,10650020,82,0,6368,40.44277572631836,-79.99861145019531
1629738949,8698020,59,0,6246,40.34648895263672,-79.95154571533203
1629738948,5086020,71B,0,6367,40.43769073486328,-79.97268676757812
1629738912,13397020,12,0,5707,40.55686569213867,-80.01885986328125
1629738944,3316020,57,0,6117,40.40856170654297,-79.92575073242188
1629738939,10435020,61B,0,6238,40.40362548828125,-79.8681640625
1629738911,4866020,71B,0,5940,40.44303894042969,-79.95661163330078
1629738933,1621020,54,0,5702,40.42153549194336,-80.00373077392578
1629738945,5510020,87,0,5944,40.482940673828125,-79.94906616210938
1629738942,2440020,16,0,5703,40.45563888549805,-80.00546264648438
1629738939,10584020,53L,0,6133,40.43812942504883,-79.99797058105469
1629738954,6268020,6,0,6011,40.444488525390625,-79.99124145507812
1629738951,12121020,59,0,6135,40.37037658691406,-79.8526611328125
1629738948,1244020,28X,0,6258,40.4991340637207,-80.25614929199219
1629738908,12242020,75,0,6137,40.42432403564453,-79.96231079101562
1629738951,14256020,61A,0,6250,40.40061950683594,-79.86493682861328
1629738890,13413020,P1,0,3416,40.453514099121094,-79.93829345703125
1629738942,6839020,P1,0,3414,40.418975830078125,-79.88618469238281
1629738943,5830020,P3,0,6249,40.43819046020508,-79.96329498291016
1629738921,122020,1,0,6006,40.56108856201172,-79.77316284179688
1629738886,4478020,14,0,6009,40.46128845214844,-80.03141784667969
1629738953,13225020,55,0,6129,40.35289764404297,-79.84751892089844
1629738921,4233020,71B,0,6263,40.45711898803711,-79.92520141601562
1629738954,3494020,74,0,6262,40.46128845214844,-79.91602325439453
1629738947,8372020,82,0,6265,40.47297286987305,-79.88878631591797
1629738925,3332020,G2,0,6023,40.43553924560547,-80.06764221191406
1629738953,3007020,21,0,6022,40.4434814453125,-80.02629089355469
1629738947,5563020,71A,0,6143,40.44010925292969,-79.99870300292969
1629738942,321020,74,0,6264,40.472408294677734,-79.89696502685547
1629738954,13778020,26,0,6025,40.44011688232422,-80.01776885986328
1629738954,2787020,71B,0,6269,40.43771743774414,-79.9866943359375
1629738932,9440020,77,0,6268,40.485069274902344,-79.76842498779297
1629738953,9346020,71C,0,6140,40.45345687866211,-79.94679260253906
1629738948,13217020,71D,0,3424,40.45258331298828,-79.88850402832031
1629738949,11771020,G2,0,3302,40.44245910644531,-79.99578857421875
1629738950,3180020,71D,0,3421,40.44985580444336,-79.89168548583984
1629738947,7536020,71,0,6139,40.44751739501953,-79.88935089111328
1629738936,2743020,71D,0,6138,40.44204330444336,-79.99925994873047
1629738933,6501020,16,0,5603,40.503883361816406,-80.0748291015625
1629738950,2624020,1,0,5605,40.487239837646484,-79.88502502441406
1629738945,6748020,71C,0,6153,40.46052551269531,-79.92228698730469
1629738952,5391020,93,0,6032,40.40728759765625,-79.94329833984375
1629738947,3041020,51,0,6031,40.34205627441406,-79.9665756225586
1629738951,8551020,77,0,6155,40.459136962890625,-79.909912109375
1629738945,10079020,64,0,6033,40.46179962158203,-79.9457015991211
1629738945,13589020,87,0,6154,40.45861053466797,-79.97159576416016
1629738945,14475020,77,0,6156,40.45626449584961,-79.9644546508789
1629738953,4510020,81,0,6038,40.44282913208008,-79.9984130859375
1629738939,8962020,P1,0,3320,40.41518020629883,-79.87953186035156
1629738934,5461020,71A,0,6270,40.45380783081055,-79.94561004638672
1629738921,12571020,P78,0,6272,40.45127487182617,-79.98005676269531
1629738935,12471020,61C,0,3314,40.385040283203125,-79.8628158569336
1629738947,11383020,51,0,6029,40.380615234375,-79.97626495361328
1629738948,4164020,22,0,5611,40.48011016845703,-80.07683563232422
1629738927,6604020,91,0,5732,40.49663162231445,-79.89067840576172
1629738954,13767020,61D,0,5614,40.42255783081055,-79.92881774902344
1629738941,5294020,71D,0,6045,40.44221115112305,-79.95777893066406
1629738951,11793020,87,0,6160,40.462223052978516,-79.94161987304688
1629738925,5673020,P1,0,3329,40.44084930419922,-79.9961166381836
1629738949,12084020,61D,0,3206,40.437129974365234,-79.97371673583984
1629738893,12088020,P1,0,3323,40.425113677978516,-79.88594818115234
1629738950,521020,4,0,1705,40.46277618408203,-79.98326873779297
1629738942,14176020,17,0,5627,40.4692497253418,-80.02538299560547
1629738953,8079020,11,0,1702,40.44306564331055,-79.99752044677734
1629738934,10202020,82,0,6056,40.460384368896484,-79.92188262939453
1629738933,3201020,28X,0,6059,40.439273834228516,-80.01634979248047
1629738949,2087020,67,0,6052,40.43852615356445,-79.8309326171875
1629738944,10990020,71C,0,6051,40.43799591064453,-79.99275207519531
1629738938,6633020,8,0,6608,40.457275390625,-80.00721740722656
1629738946,14702020,44,0,1719,40.42153549194336,-80.006103515625
1629738943,10035020,43,0,1718,40.42572021484375,-79.99758911132812
1629738946,14319020,48,0,5634,40.42179870605469,-79.99385833740234
1629738942,1611020,24,0,5635,40.46723556518555,-80.09748077392578
1629738946,10442020,40,0,1717,40.431251525878906,-80.01117706298828
1629738924,1766020,44,0,1715,40.39335250854492,-79.98181915283203
1629738932,10000020,36,0,6612,40.35118103027344,-80.05084991455078
1629738943,11410020,41,0,6611,40.39495086669922,-80.03440856933594
1629738920,10238020,44,0,1729,40.410953521728516,-79.9901123046875
1629738943,5882020,G2,0,6614,40.44557189941406,-80.06573486328125
1629738954,4876020,61C,0,6630,40.3846435546875,-79.86192321777344
1629738942,5900020,14,0,6511,40.59149932861328,-80.22750091552734
1629738929,11273020,14,0,6510,40.523738861083984,-80.15167999267578
1629738946,11868020,61C,0,6631,40.443965911865234,-79.95545959472656
1629738946,3436020,61A,0,3244,40.40550231933594,-79.86184692382812
1629738945,8140020,12,0,6509,40.5861701965332,-80.04148864746094
1629738913,10927020,54,0,6502,40.428138732910156,-79.9806137084961
1629738953,6425020,61B,0,6623,40.438419342041016,-79.98197937011719
1629738910,11136020,Y47,0,5654,40.34318542480469,-79.9383773803711
1629738923,10509020,54,0,6501,40.40882873535156,-79.991455078125
1629738953,13335020,51,0,6625,40.40822219848633,-79.99134826660156
1629738941,13573020,93,0,6627,40.441890716552734,-79.95829010009766
1629738947,9356020,93,0,6626,40.41144943237305,-79.94392395019531
1629738935,11176020,53L,0,6629,40.34792709350586,-79.92949676513672
1629738951,9631020,61B,0,6628,40.413551330566406,-79.85418701171875
1629738925,13817020,77,0,6641,40.45567321777344,-79.96625518798828
1629738952,3193020,82,0,6640,40.44029998779297,-79.99330139160156
1629738917,2175020,13,0,6401,40.442562103271484,-79.99960327148438
1629738935,8525020,69,0,6643,40.44999313354492,-79.89180755615234
1629738950,11875020,P68,0,6642,40.40749740600586,-79.82341766357422
1629738927,14216020,61D,0,3255,40.44462966918945,-79.9439468383789
1629738928,638020,59,0,6633,40.34307098388672,-79.95374298095703
1629738948,1841020,67,0,6636,40.4444580078125,-79.91706848144531
1629738953,2067020,38,0,6514,40.441368103027344,-80.0335693359375
1629738947,11078020,61A,0,6635,40.44062805175781,-79.88695526123047
1629738941,4908020,71D,0,6652,40.4440803527832,-79.9552993774414
1629738923,10280020,Y46,0,6531,40.41532516479492,-80.0115737915039
1629738937,2287020,51,0,6530,40.362030029296875,-79.98297882080078
1629738937,2005020,51,0,6533,40.42864227294922,-79.99085998535156
1629738937,7660020,54,0,6412,40.44207000732422,-79.95806121826172
1629738931,2759020,77,0,6654,40.4515495300293,-79.76148223876953
1629738934,7343020,1,0,6411,40.567649841308594,-79.77610778808594
1629738949,71020,59,0,6524,40.4033317565918,-79.8901596069336
1629738902,4224020,86,0,6645,40.458919525146484,-79.92857360839844
1629738947,258020,91,0,6403,40.4612922668457,-79.96919250488281
1629738926,7831020,58,0,6647,40.44443893432617,-79.94866943359375
1629738937,13360020,61C,0,6526,40.438053131103516,-79.92306518554688
1629738898,5477020,91,0,6405,40.500518798828125,-79.8608627319336
1629738927,7388020,28X,0,6646,40.44301986694336,-79.9976806640625
1629738931,5934020,61D,0,6528,40.4102897644043,-79.91787719726562
1629738931,4310020,54,0,6406,40.463687896728516,-79.95281982421875
1629738932,4973020,64,0,6527,40.409332275390625,-79.91656494140625
1629738930,5636020,16,0,6408,40.455909729003906,-80.00252532958984
1629738953,7102020,81,0,6529,40.4303092956543,-79.9762954711914
1629738929,12643020,59,0,6540,40.38417434692383,-79.86799621582031
1629738944,13904020,41,0,6420,40.38503646850586,-80.05314636230469
1629738952,5868020,31,0,6423,40.42381286621094,-80.06647491455078
1629738937,4241020,Y47,0,6535,40.38287353515625,-79.99658966064453
1629738931,4268020,39,0,6417,40.444488525390625,-79.99124145507812
1629738932,5748020,60,0,6538,40.35110855102539,-79.8650131225586
1629738943,3701020,48,0,6419,40.43992233276367,-79.99878692626953
1629738954,5083020,71A,0,6551,40.442081451416016,-79.95804595947266
1629738924,10449020,1,0,6311,40.44615936279297,-79.98866271972656
1629738938,7840020,82,0,6553,40.478206634521484,-79.87814331054688
1629738933,7987020,54,0,6310,40.46525192260742,-79.9608383178711
1629738945,1049020,59,0,6431,40.3999137878418,-79.83551788330078
1629738894,10355020,17,0,6313,40.44173049926758,-80.00360107421875
1629738923,1523020,61A,0,6434,40.44208908081055,-80.00116729736328
1629738951,9038020,12,0,6312,40.57224655151367,-80.01266479492188
1629738917,6930020,71A,0,6554,40.44356155395508,-79.9559326171875
1629738953,13108020,1,0,6304,40.49678039550781,-79.94184875488281
1629738918,11967020,27,0,6425,40.44170379638672,-80.03538513183594
1629738936,1797020,86,0,6546,40.45490646362305,-79.97695922851562
1629738952,7574020,12,0,6306,40.454132080078125,-80.001953125
1629738950,5646020,71C,0,6548,40.443294525146484,-79.8892822265625
1629738930,12012020,79,0,6547,40.454898834228516,-79.87078857421875
1629738941,4253020,8,0,6305,40.51663589477539,-80.03456115722656
1629738947,5439020,56,0,6429,40.352439880371094,-79.8424072265625
1629738949,6470020,8,0,6308,40.504371643066406,-80.02655792236328
1629738926,3504020,55,0,6428,40.38816833496094,-79.82360076904297
1629738946,5759020,64,0,6549,40.40927505493164,-79.91656494140625
1629738942,12171020,61C,0,6440,40.43806076049805,-79.92334747314453
1629738950,6020020,12,0,6201,40.51946258544922,-80.00486755371094
1629738931,10048020,51,0,6443,40.436431884765625,-80.00108337402344
1629738940,4949020,36,0,6324,40.34897994995117,-80.0519790649414
1629738928,12461020,93,0,6445,40.44969940185547,-79.95067596435547
1629738947,-516713189,16,1,5904,40.475337982177734,-80.03034973144531
1629738943,654020,15,0,5907,40.453819274902344,-80.00187683105469
1629738927,6498020,15,0,5908,40.46682357788086,-80.01889038085938
1629738941,4386020,13,0,5909,40.500732421875,-80.05391693115234
1629738940,346020,59,0,6436,40.410648345947266,-79.91104888916016
1629738950,2515020,13,0,6314,40.50453567504883,-80.0521240234375
1629738949,8358020,27,0,6317,40.44074249267578,-80.07140350341797
1629738948,13633020,83,0,6438,40.45069885253906,-79.95698547363281
1629738950,12737020,82,0,6558,40.45633316040039,-79.93714141845703
1629738929,11957020,38,0,6318,40.41926956176758,-80.0460205078125
1629738923,12952020,61D,0,6439,40.44220733642578,-79.99969482421875
1629738952,9510020,91,0,5901,40.494747161865234,-79.93607330322266
1629738953,12365020,74,0,6450,40.44738006591797,-79.90259552001953
1629738943,7312020,67,0,6452,40.44465255737305,-79.78499603271484
1629738950,467020,14,0,6212,40.562950134277344,-80.20448303222656
1629738952,7712020,55,0,6333,40.29526138305664,-79.8746109008789
1629738915,2812020,75,0,6453,40.48978042602539,-79.90452575683594
1629738931,13816020,83,0,6335,40.444332122802734,-79.98087310791016
1629738939,1777020,2,0,6213,40.49375915527344,-79.95144653320312
1629738936,7775020,28X,0,6455,40.435089111328125,-80.14522552490234
1629738942,6868020,61B,0,6447,40.43782043457031,-79.98832702636719
1629738945,6009020,48,0,6325,40.417747497558594,-79.97677612304688
1629738950,13412020,54,0,6204,40.44631576538086,-79.95206451416016
1629738944,6909020,55,0,6446,40.32847213745117,-79.9448471069336
1629738938,11582020,24,0,5911,40.43967819213867,-80.00524139404297
1629738938,10454020,91,0,6209,40.494503021240234,-79.92105865478516
1629738904,13559020,29,0,5913,40.42259979248047,-80.19184875488281
1629738928,2762020,31,0,5914,40.44126892089844,-80.03382873535156
1629738939,11502020,61B,0,6340,40.43804168701172,-79.91952514648438
1629738941,7088020,75,0,6461,40.458709716796875,-79.92572021484375
1629738948,6254020,39,0,6221,40.39226150512695,-80.00514221191406
1629738943,19020,61A,0,6342,40.440555572509766,-79.88951110839844
1629738942,10977020,71C,0,6463,40.45243453979492,-79.95027160644531
1629738941,4982020,56,0,6341,40.351234436035156,-79.86504364013672
1629738951,10469020,71D,0,6462,40.45454788208008,-79.91178894042969
1629738938,12479020,22,0,6222,40.467647552490234,-80.09700775146484
1629738954,12340020,61C,0,6343,40.43798065185547,-79.99236297607422
1629738925,2054020,1,0,6104,40.60044860839844,-79.75714111328125
1629738952,3887020,20,0,6225,40.468238830566406,-80.0851821899414
1629738951,14493020,59,0,5926,40.407989501953125,-79.84161376953125
1629738927,10963020,8,0,5806,40.45159149169922,-80.00117492675781
1629738950,4251020,2,0,5807,40.524620056152344,-80.00837707519531
1629738946,5401020,16,0,5809,40.4874153137207,-80.04517364501953
1629738952,2068020,93,0,6337,40.483219146728516,-79.94775390625
1629738937,2295020,51,0,6336,40.424659729003906,-79.97894287109375
1629738933,8870020,56,0,6339,40.439064025878906,-80.00361633300781
1629738953,4566020,P3,0,6338,40.41487503051758,-79.87858581542969
1629738951,5620020,2,0,5804,40.51789855957031,-79.95894622802734
1629739625,5827020,51,0,6111,40.44142150878906,-80.00251770019531
1629739653,5302020,57,0,6353,40.41887664794922,-79.95091247558594
1629739634,12366020,20,0,6110,40.46760177612305,-80.09842681884766
1629739638,7529020,61C,0,6355,40.36382293701172,-79.84297180175781
1629739650,2310020,61B,0,6112,40.407005310058594,-79.87504577636719
1629739635,2274020,61A,0,6115,40.40769577026367,-79.85868835449219
1629739651,3291020,59,0,6235,40.41222381591797,-79.8701400756836
1629739657,8785020,59,0,6114,40.34839630126953,-79.89134216308594
1629739643,5289020,P3,0,5816,40.44083786010742,-79.88651275634766
1629739642,8518020,91,0,6106,40.46845245361328,-79.9626235961914
1629739643,5420020,P68,0,6468,40.432373046875,-79.7904281616211
1629739650,10133020,29,0,5811,40.44192886352539,-80.0453109741211
1629739656,3675020,48,0,6107,40.42107009887695,-80.00548553466797
1629739624,1038020,81,0,5932,40.439544677734375,-79.97157287597656
1629739654,6807020,71A,0,6362,40.44349670410156,-79.95610046386719
1629739631,14399020,Y46,0,6241,40.378665924072266,-79.99286651611328
1629739633,10973020,88,0,6361,40.45170974731445,-79.98162078857422
1629739652,10089020,54,0,6001,40.45663833618164,-79.96770477294922
1629739657,5950020,61A,0,6122,40.438777923583984,-79.9902114868164
1629739643,6355020,77,0,6364,40.48557662963867,-79.8172836303711
1629739637,9015020,83,0,6124,40.44291305541992,-79.95942687988281
1629739655,6508020,58,0,6365,40.4437141418457,-79.95149993896484
1629739642,10650020,82,0,6368,40.44557571411133,-79.97151947021484
1629739649,5086020,71B,0,6367,40.44235610961914,-79.99989318847656
1629739617,13397020,12,0,5707,40.5421142578125,-80.01297760009766
1629739656,3316020,57,0,6117,40.41080093383789,-79.91065979003906
1629739654,10435020,61B,0,6238,40.42703628540039,-79.89105224609375
1629739628,4866020,71B,0,5940,40.45461654663086,-79.92532348632812
1629739599,3956020,16,0,5703,40.441463470458984,-80.00362396240234
1629739644,-1903972635,71C,1,5945,40.447139739990234,-79.89515686035156
1629739654,10584020,53L,0,6133,40.428138732910156,-79.92979431152344
1629739655,6268020,6,0,6011,40.45669937133789,-79.99508666992188
1629739648,12121020,59,0,6135,40.37381362915039,-79.8448257446289
1629739634,1244020,28X,0,6258,40.45167541503906,-80.17498016357422
1629739629,4723020,75,0,6137,40.42670440673828,-79.96654510498047
1629739656,14256020,61A,0,6250,40.413734436035156,-79.853271484375
1629739647,10155020,P1,0,3416,40.4410285949707,-79.99565124511719
1629739656,122020,1,0,6006,40.60007095336914,-79.76058197021484
1629739638,13225020,55,0,6129,40.33749008178711,-79.86311340332031
1629739658,4233020,71B,0,6263,40.4434928894043,-79.95610809326172
1629739630,3494020,74,0,6262,40.460201263427734,-79.92774963378906
1629739658,8372020,82,0,6265,40.45988845825195,-79.92079162597656
1629739648,2626020,G2,0,6023,40.40745544433594,-80.08972930908203
1629739635,3007020,21,0,6022,40.471317291259766,-80.06098175048828
1629739635,5563020,71A,0,6143,40.43791580200195,-79.97341918945312
1629739657,321020,74,0,6264,40.45284652709961,-79.89871215820312
1629739620,4137020,26,0,6025,40.44371795654297,-80.02729034423828
1629739642,9230020,79,0,6146,40.44268035888672,-79.88458251953125
1629739648,2787020,71B,0,6269,40.44275665283203,-79.95708465576172
1629739638,9440020,77,0,6268,40.47121047973633,-79.8202133178711
1629739642,11281020,P78,0,6147,40.537052154541016,-79.83917236328125
1629739635,9346020,71C,0,6140,40.46140670776367,-79.92478942871094
1629739651,13217020,71D,0,3424,40.44858169555664,-79.93362426757812
1629739645,11771020,G2,0,3302,40.44350051879883,-80.02635192871094
1629739654,12587020,71D,0,3421,40.443912506103516,-79.88591003417969
1629739651,7536020,71,0,6139,40.42699432373047,-79.88655090332031
1629739650,12082020,71D,0,6138,40.43778991699219,-79.98760986328125
1629739656,702020,88,0,6259,40.45474624633789,-79.91158294677734
1629739634,9438020,16,0,5603,40.50046920776367,-80.06639099121094
1629739655,2624020,1,0,5605,40.494590759277344,-79.93358612060547
1629739651,6748020,71C,0,6153,40.454158782958984,-79.94444274902344
1629739646,5391020,93,0,6032,40.434757232666016,-79.92282104492188
1629739634,3041020,51,0,6031,40.34849548339844,-79.94397735595703
1629739610,8551020,77,0,6155,40.46339797973633,-79.93025970458984
1629739610,10079020,64,0,6033,40.45094680786133,-79.93030548095703
1629739639,13589020,87,0,6154,40.46556091308594,-79.929443359375
1629739649,14475020,77,0,6156,40.462562561035156,-79.92797088623047
1629739644,4510020,81,0,6038,40.443538665771484,-79.97645568847656
1629739652,13221020,P1,0,3320,40.42356491088867,-79.88646697998047
1629739649,5461020,71A,0,6270,40.46974182128906,-79.92705535888672
1629739653,12571020,P78,0,6272,40.44267654418945,-79.88457489013672
1629739649,12471020,61C,0,3314,40.41961669921875,-79.9272232055664
1629739626,12359020,61D,0,3311,40.411354064941406,-79.9088363647461
1629739636,11383020,51,0,6029,40.40563201904297,-79.9912109375
1629739638,6604020,91,0,5732,40.494632720947266,-79.88591003417969
1629739649,13767020,61D,0,5614,40.41347122192383,-79.90647888183594
1629739624,5294020,71D,0,6045,40.45279312133789,-79.92137908935547
1629739644,14115020,71A,0,6048,40.47343063354492,-79.92543029785156
1629739649,11793020,87,0,6160,40.44878387451172,-79.98600006103516
1629739650,5673020,P1,0,3329,40.459415435791016,-79.91664123535156
1629739650,12084020,61D,0,3206,40.444339752197266,-79.94889831542969
1629739652,12088020,P1,0,3323,40.454368591308594,-79.94275665283203
1629739649,521020,4,0,1705,40.49723815917969,-80.01577758789062
1629739641,14176020,17,0,5627,40.454002380371094,-80.01406860351562
1629739639,8079020,11,0,1702,40.457210540771484,-80.0072021484375
1629739647,5484020,79,0,6056,40.47121047973633,-79.88897705078125
1629739649,3201020,28X,0,6059,40.437808990478516,-79.962158203125
1629739619,2087020,67,0,6052,40.44109344482422,-79.87702178955078
1629739651,10990020,71C,0,6051,40.441898345947266,-79.9582748413086
1629739656,6633020,8,0,6608,40.492759704589844,-80.02178955078125
1629739648,7326020,14,0,6603,40.46253967285156,-80.0296401977539
1629739639,2635020,24,0,5635,40.46756362915039,-80.09696960449219
1629739653,10442020,40,0,1717,40.431400299072266,-80.00251770019531
1629739648,1766020,44,0,1715,40.38352966308594,-79.95519256591797
1629739647,10000020,36,0,6612,40.38966369628906,-80.04813385009766
1629739494,11410020,41,0,6611,40.42234420776367,-80.0062026977539
1629739651,10238020,44,0,1729,40.41994857788086,-80.00048065185547
1629739653,5882020,G2,0,6614,40.44220733642578,-80.00072479248047
1629739652,8244020,51,0,5660,40.36216354370117,-79.92976379394531
1629739649,5900020,14,0,6511,40.59149932861328,-80.22750091552734
1629739624,11273020,14,0,6510,40.564979553222656,-80.20701599121094
1629739632,11868020,61C,0,6631,40.43941116333008,-79.99443817138672
1629739641,3436020,61A,0,3244,40.431819915771484,-79.884521484375
1629739651,8140020,12,0,6509,40.57229995727539,-80.02362060546875
1629739640,10927020,54,0,6502,40.439117431640625,-79.96199798583984
1629739653,2185020,61B,0,6623,40.43989944458008,-79.99813842773438
1629739630,14379020,54,0,6501,40.40882873535156,-79.99143981933594
1629739635,312020,55,0,6622,40.350162506103516,-79.92769622802734
1629739649,4169020,Y46,0,5655,40.278141021728516,-79.88804626464844
1629739645,13335020,51,0,6625,40.42867660522461,-79.98927307128906
1629739653,13573020,93,0,6627,40.464359283447266,-79.95345306396484
1629739657,9356020,93,0,6626,40.407814025878906,-79.92642974853516
1629739639,11176020,53L,0,6629,40.36112976074219,-79.93277740478516
1629739631,9631020,61B,0,6628,40.41377258300781,-79.85322570800781
1629739641,2449020,82,0,6640,40.44221878051758,-80.00028991699219
1629739647,7136020,13,0,6401,40.4556999206543,-80.00562286376953
1629739618,8525020,69,0,6643,40.44279861450195,-79.88684844970703
1629739641,13504020,26,0,6521,40.44144821166992,-80.06874084472656
1629739641,11875020,P68,0,6642,40.429969787597656,-79.7998275756836
1629739656,14216020,61D,0,3255,40.43833923339844,-79.98019409179688
1629739622,638020,59,0,6633,40.354225158691406,-79.91268920898438
1629739646,1841020,67,0,6636,40.44417953491211,-79.94971466064453
1629739647,2067020,38,0,6514,40.399662017822266,-80.0650405883789
1629739649,11078020,61A,0,6635,40.41328811645508,-79.87109375
1629739618,-1213554325,67,1,6637,40.43927001953125,-79.96011352539062
1629739641,4908020,71D,0,6652,40.43888854980469,-79.99290466308594
1629739649,10280020,Y46,0,6531,40.36677551269531,-79.98426055908203
1629739623,2287020,51,0,6530,40.38687515258789,-79.98186492919922
1629739643,2005020,51,0,6533,40.41141128540039,-79.9898910522461
1629739650,7660020,54,0,6412,40.4288215637207,-79.97358703613281
1629739628,2759020,77,0,6654,40.453025817871094,-79.75023651123047
1629739657,7343020,1,0,6411,40.54124069213867,-79.787109375
1629739616,71020,59,0,6524,40.41135787963867,-79.90882873535156
1629739657,4224020,86,0,6645,40.45672607421875,-79.89329528808594
1629739650,-1676888442,91,1,6403,40.44089126586914,-80.0006332397461
1629739656,7831020,58,0,6647,40.43532180786133,-79.94631958007812
1629739634,13360020,61C,0,6526,40.44401550292969,-79.95036315917969
1629739651,5477020,91,0,6405,40.4876594543457,-79.88168334960938
1629739647,7388020,28X,0,6646,40.4521484375,-80.0576400756836
1629739645,5934020,61D,0,6528,40.435691833496094,-79.92286682128906
1629739650,14231020,87,0,6649,40.48290252685547,-79.94801330566406
1629739654,4310020,54,0,6406,40.447265625,-79.94916534423828
1629739656,4973020,64,0,6527,40.42754364013672,-79.92619323730469
1629739638,5636020,16,0,6408,40.47712326049805,-80.03172302246094
1629739629,7102020,81,0,6529,40.4303092956543,-79.9762954711914
1629739643,12643020,59,0,6540,40.368919372558594,-79.84861755371094
1629739654,13904020,41,0,6420,40.368412017822266,-80.08428192138672
1629739653,5868020,31,0,6423,40.43915939331055,-80.0108413696289
1629739649,8840020,8,0,6414,40.51704025268555,-80.02220153808594
1629739648,4241020,Y47,0,6535,40.41901397705078,-80.01045989990234
1629739654,6741020,53L,0,6537,40.354469299316406,-79.91387939453125
1629739630,4268020,39,0,6417,40.4269905090332,-80.00521087646484
1629739657,5748020,60,0,6538,40.315040588378906,-79.83045196533203
1629739628,3701020,48,0,6419,40.42863464355469,-79.97834777832031
1629739645,5083020,71A,0,6551,40.44185256958008,-79.998779296875
1629739653,10449020,1,0,6311,40.45389175415039,-79.99810028076172
1629739640,7840020,82,0,6553,40.478206634521484,-79.87814331054688
1629739656,7987020,54,0,6310,40.454742431640625,-79.9948501586914
1629739655,10355020,17,0,6313,40.454410552978516,-80.01238250732422
1629739653,12790020,61A,0,6434,40.43770217895508,-79.98580932617188
1629739640,6930020,71A,0,6554,40.456363677978516,-79.93704223632812
1629739656,13108020,1,0,6304,40.488746643066406,-79.891845703125
1629739657,11967020,27,0,6425,40.45859909057617,-80.07659149169922
1629739645,12575020,86,0,6546,40.442874908447266,-79.99822998046875
1629739658,12792020,12,0,6306,40.4442253112793,-80.00070190429688
1629739653,12012020,79,0,6547,40.444461822509766,-79.8841552734375
1629739627,5439020,56,0,6429,40.3467903137207,-79.82926940917969
1629739655,6470020,8,0,6308,40.466426849365234,-80.01136016845703
1629739632,3504020,55,0,6428,40.38816833496094,-79.82360076904297
1629739326,5759020,64,0,6549,40.410850524902344,-79.90740966796875
1629739643,12171020,61C,0,6440,40.4060173034668,-79.91221618652344
1629739594,6020020,12,0,6201,40.542633056640625,-80.0134048461914
1629739647,10048020,51,0,6443,40.42167282104492,-79.97936248779297
1629739654,4724020,38,0,6321,40.36722946166992,-80.10494232177734
1629739637,12461020,93,0,6445,40.435081481933594,-79.94509887695312
1629739649,-516713189,16,1,5904,40.50006103515625,-80.06562805175781
1629739656,12244020,6,0,5908,40.47742462158203,-79.99990844726562
1629739627,346020,59,0,6436,40.409000396728516,-79.90316009521484
1629739637,10759020,71B,0,6557,40.46638870239258,-79.92261505126953
1629739655,2515020,13,0,6314,40.47559356689453,-80.03970336914062
1629739656,8358020,27,0,6317,40.450775146484375,-80.06676483154297
1629739642,13633020,83,0,6438,40.44089889526367,-79.96076202392578
1629739650,12737020,82,0,6558,40.44640350341797,-79.9685287475586
1629739639,9087020,41,0,6319,40.365699768066406,-80.0865707397461
1629739650,14328020,38,0,6318,40.43967819213867,-80.00524139404297
1629739645,10233020,61D,0,6439,40.43772888183594,-79.9866943359375
1629739640,9510020,91,0,5901,40.487823486328125,-79.88866424560547
1629739629,7909020,54,0,5903,40.452022552490234,-80.0064468383789
1629739656,12365020,74,0,6450,40.46871566772461,-79.8960189819336
1629739636,7312020,67,0,6452,40.44706344604492,-79.74276733398438
1629739656,467020,14,0,6212,40.529930114746094,-80.16549682617188
1629739636,7712020,55,0,6333,40.3408088684082,-79.88740539550781
1629739647,2812020,75,0,6453,40.46813201904297,-79.9217529296875
1629739631,10980020,83,0,6335,40.44221878051758,-80.00028991699219
1629739651,1777020,2,0,6213,40.53682327270508,-79.97144317626953
1629739635,7775020,28X,0,6455,40.47227096557617,-80.22088623046875
1629739640,6868020,61B,0,6447,40.441070556640625,-79.95765686035156
1629739647,6009020,48,0,6325,40.42850875854492,-79.97639465332031
1629739629,13412020,54,0,6204,40.46332550048828,-79.95216369628906
1629739643,6909020,55,0,6446,40.34387969970703,-79.94332122802734
1629739653,12751020,24,0,5911,40.44377899169922,-80.02716064453125
1629739645,10454020,91,0,6209,40.46875,-79.96224975585938
1629739640,13559020,29,0,5913,40.443115234375,-80.2115478515625
1629739630,2762020,31,0,5914,40.41015625,-80.08247375488281
1629739655,11502020,61B,0,6340,40.44435501098633,-79.95094299316406
1629739646,7088020,75,0,6461,40.47661209106445,-79.92964935302734
1629739645,6254020,39,0,6221,40.4185905456543,-80.01094055175781
1629739653,19020,61A,0,6342,40.438053131103516,-79.92329406738281
1629739657,10977020,71C,0,6463,40.43690490722656,-79.9659194946289
1629739649,4982020,56,0,6341,40.34825897216797,-79.8912124633789
1629739632,12479020,22,0,6222,40.475582122802734,-80.07267761230469
1629739652,12340020,61C,0,6343,40.439884185791016,-79.95928955078125
1629739657,11838020,1,0,6104,40.60052490234375,-79.75706481933594
1629739648,3887020,20,0,6225,40.45714569091797,-80.04411315917969
1629739657,14493020,59,0,5926,40.40800857543945,-79.86701965332031
1629739643,12378020,8,0,5806,40.45388412475586,-80.00187683105469
1629739650,7474020,Y49,0,5927,40.33070755004883,-79.92446899414062
1629739626,4251020,2,0,5807,40.52423095703125,-80.00798034667969
1629739632,5401020,16,0,5809,40.456974029541016,-80.01564025878906
1629739635,10159020,93,0,6337,40.48326873779297,-79.94772338867188
1629739649,2295020,51,0,6336,40.436424255371094,-80.00109100341797
1629739639,9363020,74,0,6457,40.46160125732422,-79.9271011352539
1629739633,7813020,56,0,6339,40.43453598022461,-79.99058532714844
1629739626,4566020,P3,0,6338,40.41487503051758,-79.87858581542969
1629739649,5620020,2,0,5804,40.4876594543457,-79.97265625
1629740196,9754020,P3,0,6351,40.4404296875,-79.88642883300781
1629740202,285020,51,0,6111,40.43186950683594,-80.00341033935547
1629740175,5302020,57,0,6353,40.43661880493164,-79.9970932006836
1629740187,2310020,61B,0,6112,40.4136848449707,-79.85348510742188
1629740206,2274020,61A,0,6115,40.41359329223633,-79.87149810791016
1629740212,3291020,59,0,6235,40.41464614868164,-79.85352325439453
1629740212,8785020,59,0,6114,40.34828186035156,-79.9390640258789
1629740191,5289020,P3,0,5816,40.4566535949707,-79.95132446289062
1629740192,8518020,91,0,6106,40.49539566040039,-79.93928527832031
1629740206,5420020,P68,0,6468,40.42354202270508,-79.79396057128906
1629740203,10133020,29,0,5811,40.440338134765625,-80.07979583740234
1629740210,3675020,48,0,6107,40.4210090637207,-79.99949645996094
1629740169,1038020,81,0,5932,40.44456100463867,-79.98702239990234
1629740210,6807020,71A,0,6362,40.43851089477539,-79.984130859375
1629740212,14399020,Y46,0,6241,40.42167663574219,-80.00638580322266
1629740196,5713020,88,0,6361,40.442138671875,-79.9999008178711
1629740212,10089020,54,0,6001,40.45983123779297,-79.94607543945312
1629740214,11906020,61A,0,6122,40.440486907958984,-79.99971008300781
1629740213,6355020,77,0,6364,40.47721862792969,-79.75968170166016
1629740134,8975020,Y47,0,6243,40.33015441894531,-79.92350006103516
1629740208,9015020,83,0,6124,40.44834899902344,-79.95868682861328
1629740196,10650020,82,0,6368,40.451698303222656,-79.95263671875
1629740202,2308020,71B,0,6367,40.43778991699219,-79.98760986328125
1629740208,13397020,12,0,5707,40.50861358642578,-80.00467681884766
1629740205,3316020,57,0,6117,40.4110221862793,-79.9065933227539
1629740184,10435020,61B,0,6238,40.438053131103516,-79.92306518554688
1629740186,4866020,71B,0,5940,40.468170166015625,-79.9217300415039
1629740205,3956020,16,0,5703,40.45527648925781,-80.00776672363281
1629740207,-1903972635,71C,1,5945,40.460540771484375,-79.92233276367188
1629740189,10584020,53L,0,6133,40.40898513793945,-79.91693115234375
1629740205,2593020,15,0,6011,40.48556137084961,-80.0058822631836
1629740187,12121020,59,0,6135,40.38351821899414,-79.87818908691406
1629740188,1244020,28X,0,6258,40.43577194213867,-80.14679718017578
1629740209,4723020,75,0,6137,40.44082260131836,-79.95963287353516
1629740209,14256020,61A,0,6250,40.413734436035156,-79.853271484375
1629740201,10155020,P1,0,3416,40.458534240722656,-79.92706298828125
1629740207,-1358729635,28X,1,3414,40.45770263671875,-79.9121322631836
1629740188,7885020,16,0,6007,40.503814697265625,-80.0745849609375
1629740191,122020,1,0,6006,40.600440979003906,-79.75711059570312
1629740209,13225020,55,0,6129,40.32814407348633,-79.89250946044922
1629740204,4233020,71B,0,6263,40.438690185546875,-79.98825073242188
1629740183,3494020,74,0,6262,40.460201263427734,-79.92774963378906
1629740198,8372020,82,0,6265,40.45652770996094,-79.93650817871094
1629740201,2626020,G2,0,6023,40.452510833740234,-80.05288696289062
1629740210,3007020,21,0,6022,40.50574493408203,-80.10581970214844
1629740189,5563020,71A,0,6143,40.44519805908203,-79.95370483398438
1629740195,321020,74,0,6264,40.43804168701172,-79.92054748535156
1629740209,4137020,26,0,6025,40.45425033569336,-80.05904388427734
1629740190,9230020,79,0,6146,40.454959869384766,-79.87089538574219
1629740193,4221020,P68,0,6267,40.45400619506836,-79.97583770751953
1629740200,2787020,71B,0,6269,40.44829559326172,-79.93438720703125
1629740211,9440020,77,0,6268,40.46165084838867,-79.86099243164062
1629740160,11281020,P78,0,6147,40.505916595458984,-79.84297180175781
1629740212,9346020,71C,0,6140,40.44880294799805,-79.90016174316406
1629740211,13217020,71D,0,3424,40.44172286987305,-79.95857238769531
1629740193,11771020,G2,0,3302,40.422752380371094,-80.07998657226562
1629740211,12587020,71D,0,3421,40.45575714111328,-79.9105224609375
1629740202,7536020,71,0,6139,40.42057418823242,-79.896484375
1629740202,12082020,71D,0,6138,40.43912124633789,-79.96199035644531
1629740206,702020,88,0,6259,40.4641227722168,-79.93246459960938
1629740210,9438020,16,0,5603,40.48719787597656,-80.03853607177734
1629740205,2624020,1,0,5605,40.49393081665039,-79.9588394165039
1629740206,6748020,71C,0,6153,40.44169235229492,-79.9586181640625
1629740199,7685020,75,0,6274,40.49006271362305,-79.87030792236328
1629740194,5391020,93,0,6032,40.43758773803711,-79.96524047851562
1629740210,8551020,77,0,6155,40.458778381347656,-79.95767974853516
1629740205,10079020,64,0,6033,40.438053131103516,-79.92125701904297
1629740209,13589020,87,0,6154,40.47999954223633,-79.9547119140625
1629740204,14475020,77,0,6156,40.45933151245117,-79.91053771972656
1629740194,4510020,81,0,6038,40.44089126586914,-79.96074676513672
1629740207,13221020,P1,0,3320,40.45893096923828,-79.92521667480469
1629740196,14369020,71A,0,6270,40.47891616821289,-79.9190902709961
1629740212,12571020,P78,0,6272,40.457664489746094,-79.85004425048828
1629740192,12471020,61C,0,3314,40.43767166137695,-79.9229507446289
1629740191,12359020,61D,0,3311,40.407711029052734,-79.91381072998047
1629740207,11383020,51,0,6029,40.4281120300293,-79.98062133789062
1629740210,4729020,91,0,5732,40.495933532714844,-79.8876953125
1629740206,5294020,71D,0,6045,40.4499626159668,-79.88429260253906
1629740204,14115020,71A,0,6048,40.455204010009766,-79.9408950805664
1629740180,10370020,87,0,6160,40.44350051879883,-79.99584197998047
1629740195,9515020,61D,0,3207,40.41111373901367,-79.90643310546875
1629740195,12084020,61D,0,3206,40.437171936035156,-79.9229965209961
1629740196,3912020,P1,0,3323,40.44168472290039,-79.99761199951172
1629740199,521020,4,0,1705,40.50167465209961,-80.02198791503906
1629740182,14176020,17,0,5627,40.45156478881836,-80.0011215209961
1629740207,1396020,4,0,1703,40.49795913696289,-80.01946258544922
1629740194,8079020,11,0,1702,40.4710578918457,-80.00848388671875
1629740209,5484020,79,0,6056,40.47391128540039,-79.86370086669922
1629740203,9771020,21,0,6610,40.51436233520508,-80.15603637695312
1629740212,3201020,28X,0,6059,40.447654724121094,-79.93934631347656
1629740213,4288020,86,0,3340,40.456993103027344,-79.89454650878906
1629740198,2087020,67,0,6052,40.447792053222656,-79.91082000732422
1629740155,10990020,71C,0,6051,40.45170974731445,-79.95183563232422
1629740177,6633020,8,0,6608,40.51689910888672,-80.03358459472656
1629740184,7326020,14,0,6603,40.50261688232422,-80.07833862304688
1629740204,2635020,24,0,5635,40.467716217041016,-80.06712341308594
1629740206,10442020,40,0,1717,40.443870544433594,-79.99429321289062
1629740213,166020,44,0,1715,40.38579177856445,-79.97086334228516
1629740194,11170020,44,0,1720,40.444488525390625,-79.99124145507812
1629740210,10000020,36,0,6612,40.43196105957031,-80.02406311035156
1629740191,11410020,41,0,6611,40.4420051574707,-79.999267578125
1629740206,10238020,44,0,1729,40.43622970581055,-80.001220703125
1629740193,4855020,G2,0,6614,40.44187545776367,-80.00201416015625
1629740206,6255020,51,0,6617,40.38189697265625,-79.97647094726562
1629740194,8244020,51,0,5660,40.343345642089844,-79.9427490234375
1629740212,8076020,14,0,6511,40.592857360839844,-80.22860717773438
1629740186,11273020,14,0,6510,40.590030670166016,-80.22952270507812
1629740210,11868020,61C,0,6631,40.44087219238281,-80.00074005126953
1629740200,3436020,61A,0,3244,40.439720153808594,-79.89647674560547
1629740201,8140020,12,0,6509,40.557308197021484,-80.0230484008789
1629740190,10927020,54,0,6502,40.44935607910156,-79.95045471191406
1629740214,2185020,61B,0,6623,40.43720626831055,-79.97540283203125
1629740198,14379020,54,0,6501,40.425960540771484,-79.98082733154297
1629740197,312020,55,0,6622,40.347354888916016,-79.93701934814453
1629740161,4169020,Y46,0,5655,40.2884407043457,-79.89617156982422
1629740180,13335020,51,0,6625,40.440467834472656,-80.00054168701172
1629740192,13573020,93,0,6627,40.4835205078125,-79.94982147216797
1629740085,7160020,93,0,6626,40.4078254699707,-79.92640686035156
1629740210,7163020,61B,0,6628,40.41305923461914,-79.85598754882812
1629740200,2449020,82,0,6640,40.442684173583984,-79.98724365234375
1629740176,7136020,13,0,6401,40.46464157104492,-80.03274536132812
1629740212,8525020,69,0,6643,40.42460250854492,-79.85951232910156
1629740179,13504020,26,0,6521,40.45185089111328,-80.06773376464844
1629740185,11875020,P68,0,6642,40.43708038330078,-79.77518463134766
1629740165,14216020,61D,0,3255,40.4423828125,-80.00008392333984
1629740213,2189020,61C,0,3250,40.35226058959961,-79.85569763183594
1629740199,638020,59,0,6633,40.35207748413086,-79.85850524902344
1629740192,1841020,67,0,6636,40.43721389770508,-79.97116088867188
1629740195,2067020,38,0,6514,40.3822135925293,-80.04302215576172
1629740189,11078020,61A,0,6635,40.412723541259766,-79.85637664794922
1629740170,-1213554325,67,1,6637,40.44462585449219,-79.94400787353516
1629740199,2127020,71D,0,6652,40.43981170654297,-79.99649810791016
1629740208,10280020,Y46,0,6531,40.339962005615234,-79.96348571777344
1629740206,2287020,51,0,6530,40.41689682006836,-79.98675537109375
1629740197,2005020,51,0,6533,40.38298034667969,-79.97689056396484
1629740204,7660020,54,0,6412,40.41716384887695,-79.98664093017578
1629740211,2759020,77,0,6654,40.45320510864258,-79.75025177001953
1629740208,7343020,1,0,6411,40.5262565612793,-79.8509750366211
1629740169,71020,59,0,6524,40.41106414794922,-79.89685821533203
1629740212,13158020,91,0,6403,40.449710845947266,-79.98451232910156
1629740150,7831020,58,0,6647,40.42277908325195,-79.93003845214844
1629740189,13360020,61C,0,6526,40.43769836425781,-79.97270202636719
1629740203,5477020,91,0,6405,40.487060546875,-79.89447021484375
1629740175,7388020,28X,0,6646,40.4293327331543,-80.13307189941406
1629740182,422020,59,0,6525,40.335384368896484,-79.9471664428711
1629740187,5934020,61D,0,6528,40.444461822509766,-79.94822692871094
1629740211,14231020,87,0,6649,40.47979736328125,-79.92960357666016
1629740183,4310020,54,0,6406,40.437217712402344,-79.97117614746094
1629740189,4973020,64,0,6527,40.439788818359375,-79.91956329345703
1629740126,5636020,16,0,6408,40.49397659301758,-80.05223846435547
1629740186,1335020,81,0,6529,40.434844970703125,-79.97306823730469
1629740211,12643020,59,0,6540,40.37160110473633,-79.8437728881836
1629740196,5868020,31,0,6423,40.4460563659668,-79.98897552490234
1629740209,8840020,8,0,6414,40.49124526977539,-80.02006530761719
1629740178,6656020,Y47,0,6535,40.4390754699707,-80.00147247314453
1629740205,6741020,53L,0,6537,40.38182830810547,-79.90534210205078
1629740204,4268020,39,0,6417,40.395721435546875,-80.02269744873047
1629740207,1651020,60,0,6538,40.335201263427734,-79.85071563720703
1629740207,3701020,48,0,6419,40.42744827270508,-79.96858215332031
1629740206,776020,71A,0,6551,40.437782287597656,-79.98746490478516
1629740210,10449020,1,0,6311,40.493858337402344,-79.94743347167969
1629740209,11539020,82,0,6553,40.47163391113281,-79.89151000976562
1629740170,10355020,17,0,6313,40.46677017211914,-80.025146484375
1629740213,12790020,61A,0,6434,40.44294357299805,-79.95441436767578
1629740187,6930020,71A,0,6554,40.47593307495117,-79.92042541503906
1629740208,13108020,1,0,6304,40.4957389831543,-79.85775756835938
1629740188,11967020,27,0,6425,40.440895080566406,-80.072265625
1629740186,12575020,86,0,6546,40.46198654174805,-79.96260070800781
1629740213,12792020,12,0,6306,40.48193359375,-80.005859375
1629740211,5439020,56,0,6429,40.3467903137207,-79.82926940917969
1629740197,6470020,8,0,6308,40.4533805847168,-80.001708984375
1629740200,5527020,59,0,6428,40.405311584472656,-79.82792663574219
1629740210,12171020,61C,0,6440,40.390655517578125,-79.86921691894531
1629740196,6020020,12,0,6201,40.549617767333984,-80.01500701904297
1629740208,10048020,51,0,6443,40.39323425292969,-79.98651123046875
1629740211,4724020,38,0,6321,40.384071350097656,-80.0794906616211
1629740190,12461020,93,0,6445,40.42317199707031,-79.92864990234375
1629740184,-516713189,16,1,5904,40.50693130493164,-80.05915069580078
1629740200,12244020,6,0,5908,40.455379486083984,-79.9946517944336
1629740213,12677020,13,0,5909,40.51630783081055,-80.03752899169922
1629740206,346020,59,0,6436,40.392757415771484,-79.87801361083984
1629740206,10759020,71B,0,6557,40.44998550415039,-79.92913818359375
1629740207,2515020,13,0,6314,40.45609664916992,-80.01534271240234
1629740208,8358020,27,0,6317,40.4416618347168,-80.02161407470703
1629740200,13633020,83,0,6438,40.429954528808594,-79.97355651855469
1629740211,12737020,82,0,6558,40.440185546875,-79.99490356445312
1629740206,9087020,41,0,6319,40.37630844116211,-80.0677261352539
1629740190,14328020,38,0,6318,40.438228607177734,-80.01261138916016
1629740213,10233020,61D,0,6439,40.44224548339844,-79.95603942871094
1629740204,7909020,54,0,5903,40.454322814941406,-80.00884246826172
1629740187,12365020,74,0,6450,40.46797561645508,-79.90354919433594
1629740198,13017020,31,0,6331,40.367679595947266,-80.1041488647461
1629740190,7312020,67,0,6452,40.4597282409668,-79.74732971191406
1629740190,467020,14,0,6212,40.50522994995117,-80.08554077148438
1629740205,7712020,55,0,6333,40.357643127441406,-79.83573913574219
1629740212,2812020,75,0,6453,40.455509185791016,-79.93141174316406
1629740204,10980020,83,0,6335,40.44244384765625,-79.98783111572266
1629740210,1777020,2,0,6213,40.56524658203125,-80.00859832763672
1629740196,7775020,28X,0,6455,40.49513244628906,-80.25558471679688
1629740213,6868020,61B,0,6447,40.43801498413086,-79.92303466796875
1629740191,6009020,48,0,6325,40.43680953979492,-80.00116729736328
1629740199,13412020,54,0,6204,40.453346252441406,-79.9792251586914
1629740198,6909020,55,0,6446,40.340728759765625,-79.91515350341797
1629740197,12002020,64,0,6449,40.46815490722656,-79.96299743652344
1629740212,12751020,24,0,5911,40.46792221069336,-80.06739044189453
1629740207,10454020,91,0,6209,40.45112991333008,-79.98246765136719
1629740198,13559020,29,0,5913,40.45352554321289,-80.1719741821289
1629740190,2762020,31,0,5914,40.38766098022461,-80.0926284790039
1629740192,11502020,61B,0,6340,40.437217712402344,-79.9711685180664
1629740214,7088020,75,0,6461,40.487308502197266,-79.8956069946289
1629740209,6254020,39,0,6221,40.43981170654297,-80.00099182128906
1629740190,19020,61A,0,6342,40.44403839111328,-79.95026397705078
1629740191,10977020,71C,0,6463,40.44040298461914,-79.99480438232422
1629740194,4982020,56,0,6341,40.36957550048828,-79.9124526977539
1629740206,12479020,22,0,6222,40.45431137084961,-80.04077911376953
1629740206,12340020,61C,0,6343,40.44046401977539,-79.93557739257812
1629740198,11838020,1,0,6104,40.602516174316406,-79.75440979003906
1629740209,6756020,20,0,6225,40.44318771362305,-80.00450134277344
1629740213,14493020,59,0,5926,40.41547775268555,-79.8829574584961
1629740190,12378020,8,0,5806,40.4670295715332,-80.01006317138672
1629740207,7474020,Y49,0,5927,40.34440994262695,-79.94801330566406
1629740210,4251020,2,0,5807,40.52423095703125,-80.00798034667969
1629740194,5401020,16,0,5809,40.45122528076172,-80.00102233886719
1629740198,10159020,93,0,6337,40.46623992919922,-79.95922088623047
1629740198,6692020,12,0,6215,40.58669662475586,-80.03024291992188
1629740187,1046020,51,0,6336,40.43992233276367,-79.99878692626953
1629740204,9363020,74,0,6457,40.46497344970703,-79.9150161743164
1629740212,7813020,56,0,6339,40.410701751708984,-79.94438934326172
1629740201,7705020,77,0,6459,40.44292068481445,-79.99803924560547
1629739856,4566020,P3,0,6338,40.41487503051758,-79.87858581542969
1629740203,5620020,2,0,5804,40.46475601196289,-79.97999572753906
1629740197,7589020,61C,0,5925,40.40885543823242,-79.9064712524414
1629740656,9754020,P3,0,6351,40.41518020629883,-79.87947082519531
1629740662,285020,51,0,6111,40.42765426635742,-79.98065948486328
1629740655,14063020,57,0,6353,40.4345817565918,-79.99105834960938
1629740631,2310020,61B,0,6112,40.41375732421875,-79.85316467285156
1629740672,2274020,61A,0,6115,40.43037033081055,-79.8843765258789
1629740674,3291020,59,0,6235,40.399383544921875,-79.83601379394531
1629740656,8785020,59,0,6114,40.34669876098633,-79.95013427734375
1629740673,5289020,P3,0,5816,40.443397521972656,-79.95623016357422
1629740671,8518020,91,0,6106,40.48815155029297,-79.89865112304688
1629740674,5420020,P68,0,6468,40.40522003173828,-79.82888793945312
1629740651,10133020,29,0,5811,40.44951629638672,-80.12540435791016
1629740661,3675020,48,0,6107,40.417293548583984,-79.97615051269531
1629740657,1038020,81,0,5932,40.44065856933594,-80.00017547607422
1629740652,6807020,71A,0,6362,40.442203521728516,-79.99968719482422
1629740662,14399020,Y46,0,6241,40.438018798828125,-80.002197265625
1629740647,5713020,88,0,6361,40.45491027832031,-79.9784164428711
1629740618,10089020,54,0,6001,40.449745178222656,-79.9507064819336
1629740656,11906020,61A,0,6122,40.43776321411133,-79.98699188232422
1629740614,6355020,77,0,6364,40.45198059082031,-79.75418090820312
1629740639,8975020,Y47,0,6243,40.33222961425781,-79.92634582519531
1629740647,14233020,71C,0,6366,40.448490142822266,-79.89923858642578
1629740673,9015020,83,0,6124,40.45268630981445,-79.96782684326172
1629740653,10650020,82,0,6368,40.457942962646484,-79.93162536621094
1629740668,2308020,71B,0,6367,40.441890716552734,-79.95828247070312
1629740659,13397020,12,0,5707,40.46503829956055,-79.9993896484375
1629740648,6766020,57,0,6117,40.408992767333984,-79.912109375
1629740654,10435020,61B,0,6238,40.4444694519043,-79.9480209350586
1629740650,3956020,16,0,5703,40.47654342651367,-80.03173065185547
1629740656,-1903972635,71C,1,5945,40.45859909057617,-79.93372344970703
1629740671,11212020,15,0,5705,40.441497802734375,-80.00347137451172
1629740660,10584020,53L,0,6133,40.409915924072266,-79.91582489013672
1629740655,2593020,15,0,6011,40.48204040527344,-80.00279998779297
1629740670,12121020,59,0,6135,40.40093994140625,-79.88760375976562
1629740658,1244020,28X,0,6258,40.43589782714844,-80.06761169433594
1629740668,4723020,75,0,6137,40.44725036621094,-79.94739532470703
1629740675,14669020,39,0,6015,40.44615936279297,-79.98866271972656
1629740668,10155020,P1,0,3416,40.424076080322266,-79.88629913330078
1629740635,-1358729635,28X,1,3414,40.457759857177734,-79.91228485107422
1629740670,7885020,16,0,6007,40.495704650878906,-80.05586242675781
1629740653,122020,1,0,6006,40.600440979003906,-79.75711059570312
1629740655,13225020,55,0,6129,40.309226989746094,-79.8905029296875
1629740657,2807020,P1,0,3419,40.447532653808594,-79.88933563232422
1629740672,4233020,71B,0,6263,40.4421272277832,-80.00139617919922
1629740648,9233020,89,0,6262,40.45923614501953,-79.92009735107422
1629740670,8690020,71D,0,6144,40.44527816772461,-79.88382720947266
1629740617,8372020,82,0,6265,40.451114654541016,-79.95458221435547
1629740665,2626020,G2,0,6023,40.44167709350586,-80.0026626586914
1629740665,3007020,21,0,6022,40.51649475097656,-80.14643096923828
1629740669,5563020,71A,0,6143,40.45485305786133,-79.94208526611328
1629740672,7041020,74,0,6264,40.43622970581055,-79.91912078857422
1629740658,4137020,26,0,6025,40.4520263671875,-80.06599426269531
1629740670,9230020,79,0,6146,40.460533142089844,-79.86634826660156
1629740653,4221020,P68,0,6267,40.456790924072266,-79.90978240966797
1629740667,6114020,67,0,6266,40.4431037902832,-79.74429321289062
1629740674,2787020,71B,0,6269,40.4611930847168,-79.92487335205078
1629740671,9440020,77,0,6268,40.45787811279297,-79.89842224121094
1629740675,11281020,P78,0,6147,40.47067642211914,-79.84754180908203
1629740648,13217020,71D,0,3424,40.43846893310547,-79.98303985595703
1629740671,1946020,G2,0,3303,40.405521392822266,-80.0907974243164
1629740646,11771020,G2,0,3302,40.405548095703125,-80.09073638916016
1629740612,12587020,71D,0,3421,40.44857406616211,-79.93365478515625
1629740675,7536020,71,0,6139,40.41423034667969,-79.88355255126953
1629740668,12082020,71D,0,6138,40.44680404663086,-79.9500961303711
1629740670,702020,88,0,6259,40.46602249145508,-79.95340728759766
1629740672,9438020,16,0,5603,40.46151351928711,-80.0189437866211
1629740664,2624020,1,0,5605,40.46562957763672,-79.9792251586914
1629740669,6748020,71C,0,6153,40.43849563598633,-79.98363494873047
1629740661,7685020,75,0,6274,40.48769760131836,-79.89393615722656
1629740667,5391020,93,0,6032,40.44394302368164,-79.95541381835938
1629740658,8551020,77,0,6155,40.4400520324707,-79.99842071533203
1629740660,10079020,64,0,6033,40.42491149902344,-79.92808532714844
1629740674,14475020,77,0,6156,40.455718994140625,-79.8792495727539
1629740650,4510020,81,0,6038,40.430274963378906,-79.9736557006836
1629740671,13221020,P1,0,3320,40.4437141418457,-79.99248504638672
1629740672,14369020,71A,0,6270,40.47422790527344,-79.92507934570312
1629740667,12571020,P78,0,6272,40.49354934692383,-79.8364486694336
1629740656,12471020,61C,0,3314,40.4444694519043,-79.94802856445312
1629740650,12359020,61D,0,3311,40.42783737182617,-79.92573547363281
1629740652,11383020,51,0,6029,40.430641174316406,-80.00068664550781
1629740660,4729020,91,0,5732,40.48720932006836,-79.88655090332031
1629740662,5294020,71D,0,6045,40.4450798034668,-79.88768005371094
1629740672,14115020,71A,0,6048,40.44650650024414,-79.9518814086914
1629740674,10370020,87,0,6160,40.462406158447266,-79.95978546142578
1629740675,9515020,61D,0,3207,40.40980911254883,-79.91236114501953
1629740661,12084020,61D,0,3206,40.42243194580078,-79.92884063720703
1629740661,3912020,P1,0,3323,40.4593391418457,-79.96648406982422
1629740670,521020,4,0,1705,40.50167465209961,-80.02198791503906
1629740667,9834020,17,0,5627,40.441619873046875,-80.00331115722656
1629740666,1396020,4,0,1703,40.495914459228516,-80.00157928466797
1629740654,8079020,11,0,1702,40.455657958984375,-80.0052719116211
1629740673,5484020,79,0,6056,40.455421447753906,-79.86385345458984
1629740667,9771020,21,0,6610,40.50794219970703,-80.11222839355469
1629740675,3201020,28X,0,6059,40.456886291503906,-79.91140747070312
1629740662,4288020,86,0,3340,40.457611083984375,-79.91761779785156
1629740671,2087020,67,0,6052,40.445457458496094,-79.93343353271484
1629740665,10990020,71C,0,6051,40.458038330078125,-79.93399810791016
1629740638,6633020,8,0,6608,40.5175666809082,-80.03694915771484
1629740667,7326020,14,0,6603,40.52663803100586,-80.1590576171875
1629740671,2635020,24,0,5635,40.45331573486328,-80.03983306884766
1629740660,166020,44,0,1715,40.39738082885742,-79.96929168701172
1629740638,1304020,40,0,1714,40.43989181518555,-79.9988021850586
1629740654,14277020,Y46,0,6621,40.27307891845703,-79.88565063476562
1629740654,11170020,44,0,1720,40.432491302490234,-80.0036849975586
1629740663,9461020,36,0,6612,40.43952178955078,-80.01022338867188
1629740449,5657020,41,0,6611,40.431480407714844,-80.00425720214844
1629740665,10238020,44,0,1729,40.44314193725586,-79.99723815917969
1629740661,4855020,G2,0,6614,40.44792556762695,-80.03314208984375
1629740654,6761020,43,0,1728,40.42101287841797,-80.0059814453125
1629740646,1857020,24,0,6615,40.453125,-80.17086029052734
1629740651,6255020,51,0,6617,40.40558624267578,-79.99115753173828
1629740666,8244020,51,0,5660,40.34767150878906,-79.94770050048828
1629740648,8076020,14,0,6511,40.577816009521484,-80.22027587890625
1629740638,11273020,14,0,6510,40.59151840209961,-80.22753143310547
1629740652,11705020,61C,0,6631,40.43795394897461,-79.99160766601562
1629740632,3436020,61A,0,3244,40.43806076049805,-79.9245834350586
1629740672,8140020,12,0,6509,40.555274963378906,-80.01702117919922
1629740671,10927020,54,0,6502,40.4597053527832,-79.94618225097656
1629740667,2185020,61B,0,6623,40.44296646118164,-79.9543228149414
1629740657,14379020,54,0,6501,40.43450927734375,-79.97319793701172
1629740655,312020,55,0,6622,40.34307098388672,-79.95374298095703
1629740661,4169020,Y46,0,5655,40.29239273071289,-79.91548919677734
1629740665,14113020,51,0,6625,40.4368896484375,-80.00083923339844
1629740656,13573020,93,0,6627,40.48299026489258,-79.94793701171875
1629740665,7160020,93,0,6626,40.409034729003906,-79.94380950927734
1629740665,7163020,61B,0,6628,40.412315368652344,-79.8817367553711
1629740674,2449020,82,0,6640,40.445281982421875,-79.97610473632812
1629740648,7136020,13,0,6401,40.48884963989258,-80.04662322998047
1629740672,8525020,69,0,6643,40.40524673461914,-79.82717895507812
1629740662,13504020,26,0,6521,40.45950698852539,-80.0642318725586
1629740675,11875020,P68,0,6642,40.429134368896484,-79.74905395507812
1629740673,13096020,61D,0,3255,40.4379768371582,-79.99223327636719
1629740674,2189020,61C,0,3250,40.373409271240234,-79.84578704833984
1629740661,638020,59,0,6633,40.37171173095703,-79.84723663330078
1629740473,2067020,38,0,6514,40.3820915222168,-80.04349517822266
1629740673,11078020,61A,0,6635,40.41366195678711,-79.85371398925781
1629740289,-1213554325,67,1,6637,40.44501876831055,-79.93623352050781
1629740659,2127020,71D,0,6652,40.43804168701172,-79.97512817382812
1629740662,10280020,Y46,0,6531,40.33538818359375,-79.94676208496094
1629740660,2287020,51,0,6530,40.428836822509766,-79.98297119140625
1629740633,2005020,51,0,6533,40.364925384521484,-79.98303985595703
1629740659,7660020,54,0,6412,40.405208587646484,-79.99923706054688
1629740668,9676020,77,0,6654,40.45209884643555,-79.75337982177734
1629740674,7343020,1,0,6411,40.48721694946289,-79.88655090332031
1629740662,71020,59,0,6524,40.4075927734375,-79.87848663330078
1629740671,13158020,91,0,6403,40.46646499633789,-79.96455383300781
1629740664,3110020,91,0,6402,40.4950065612793,-79.86766815185547
1629740672,7831020,58,0,6647,40.43496322631836,-79.98402404785156
1629740651,13360020,61C,0,6526,40.44050979614258,-79.99510955810547
1629740662,5477020,91,0,6405,40.49564743041992,-79.93851470947266
1629740673,7388020,28X,0,6646,40.46124267578125,-80.1922378540039
1629740670,422020,59,0,6525,40.34326934814453,-79.9425048828125
1629740660,5934020,61D,0,6528,40.4370231628418,-79.97058868408203
1629740646,14231020,87,0,6649,40.461952209472656,-79.9316177368164
1629740618,4310020,54,0,6406,40.429786682128906,-79.97354125976562
1629740669,4973020,64,0,6527,40.451663970947266,-79.93073272705078
1629740650,1335020,81,0,6529,40.445587158203125,-79.95318603515625
1629740675,12643020,59,0,6540,40.351905822753906,-79.86225891113281
1629740675,3177020,1,0,6302,40.44380187988281,-79.99372863769531
1629740673,391020,31,0,6423,40.44306564331055,-79.99752044677734
1629740657,8840020,8,0,6414,40.46808624267578,-80.00984191894531
1629740652,6656020,Y47,0,6535,40.4368896484375,-80.00083923339844
1629740655,6741020,53L,0,6537,40.403053283691406,-79.90825653076172
1629740674,13150020,20,0,6415,40.4758415222168,-80.09977722167969
1629740674,4268020,39,0,6417,40.39180374145508,-80.01075744628906
1629740673,1651020,60,0,6538,40.351985931396484,-79.85978698730469
1629740657,3701020,48,0,6419,40.41779327392578,-79.97994995117188
1629740672,776020,71A,0,6551,40.441009521484375,-79.95936584472656
1629740671,10449020,1,0,6311,40.49066925048828,-79.90754699707031
1629740667,11539020,82,0,6553,40.457611083984375,-79.91761779785156
1629740667,10355020,17,0,6313,40.48657989501953,-80.0367431640625
1629740664,12790020,61A,0,6434,40.43783950805664,-79.93070983886719
1629740656,2576020,61B,0,6433,40.41377258300781,-79.85322570800781
1629740667,6930020,71A,0,6554,40.47904586791992,-79.91908264160156
1629740641,13108020,1,0,6304,40.53889083862305,-79.8290023803711
1629740674,8630020,27,0,6425,40.44144821166992,-80.06874084472656
1629740671,12575020,86,0,6546,40.45608139038086,-79.93871307373047
1629740654,12792020,12,0,6306,40.52500534057617,-80.00540161132812
1629740672,5439020,56,0,6429,40.3467903137207,-79.82926940917969
1629740670,6470020,8,0,6308,40.44352340698242,-79.99918365478516
1629740633,5527020,59,0,6428,40.415706634521484,-79.84769439697266
1629740666,13077020,64,0,6549,40.4115104675293,-79.90814971923828
1629740653,12171020,61C,0,6440,40.363834381103516,-79.84296417236328
1629740664,6020020,12,0,6201,40.566097259521484,-80.01642608642578
1629740646,10048020,51,0,6443,40.380558013916016,-79.97624969482422
1629740674,4724020,38,0,6321,40.40332794189453,-80.0584487915039
1629740661,12461020,93,0,6445,40.405941009521484,-79.93329620361328
1629740668,12244020,6,0,5908,40.44385528564453,-79.99850463867188
1629740675,12677020,13,0,5909,40.50811004638672,-80.04753112792969
1629740652,346020,59,0,6436,40.38429260253906,-79.86717987060547
1629740672,10759020,71B,0,6557,40.44481658935547,-79.9542465209961
1629740636,2515020,13,0,6314,40.44947814941406,-80.0009536743164
1629740669,1540020,27,0,6317,40.44165802001953,-80.02145385742188
1629740653,13633020,83,0,6438,40.43034362792969,-79.9769287109375
1629740647,13517020,82,0,6558,40.44221878051758,-80.00028991699219
1629740649,9087020,41,0,6319,40.38682556152344,-80.04468536376953
1629740652,14328020,38,0,6318,40.40542221069336,-80.05435943603516
1629740671,10233020,61D,0,6439,40.437801361083984,-79.93135070800781
1629740650,7909020,54,0,5903,40.45362854003906,-79.99321746826172
1629740665,12365020,74,0,6450,40.458251953125,-79.9185562133789
1629740661,13017020,31,0,6331,40.38688659667969,-80.09197998046875
1629740662,7312020,67,0,6452,40.4597282409668,-79.74732971191406
1629740666,467020,14,0,6212,40.471954345703125,-80.03785705566406
1629740666,7712020,55,0,6333,40.383018493652344,-79.82770538330078
1629740649,2812020,75,0,6453,40.445899963378906,-79.9527359008789
1629740670,10980020,83,0,6335,40.44853973388672,-79.97753143310547
1629740666,1777020,2,0,6213,40.54583740234375,-80.01701354980469
1629740645,8355020,28X,0,6455,40.49647521972656,-80.25567626953125
1629740664,6868020,61B,0,6447,40.43057632446289,-79.89250946044922
1629740667,6009020,48,0,6325,40.44199752807617,-79.99925231933594
1629740632,13412020,54,0,6204,40.455780029296875,-80.00250244140625
1629740666,12002020,64,0,6449,40.465511322021484,-79.95169830322266
1629740669,12751020,24,0,5911,40.47341537475586,-80.09423828125
1629740663,10454020,91,0,6209,40.443321228027344,-79.99996948242188
1629740661,13559020,29,0,5913,40.444339752197266,-80.14596557617188
1629740655,2762020,31,0,5914,40.36551284790039,-80.10818481445312
1629740663,11502020,61B,0,6340,40.440216064453125,-79.994384765625
1629740661,7088020,75,0,6461,40.48881530761719,-79.87252807617188
1629740638,19020,61A,0,6342,40.43796920776367,-79.9636459350586
1629740675,309020,71C,0,6463,40.44011306762695,-79.99871826171875
1629740661,4982020,56,0,6341,40.3853645324707,-79.93201446533203
1629740663,12479020,22,0,6222,40.44232177734375,-80.00411987304688
1629740673,12340020,61C,0,6343,40.43056106567383,-79.92338562011719
1629740658,11838020,1,0,6104,40.57322311401367,-79.77738952636719
1629740674,6756020,20,0,6225,40.450279235839844,-80.03614807128906
1629740651,14493020,59,0,5926,40.41408920288086,-79.89883422851562
1629740663,12378020,8,0,5806,40.49021911621094,-80.01850891113281
1629740672,7474020,Y49,0,5927,40.354637145996094,-79.95629119873047
1629740670,4251020,2,0,5807,40.52423095703125,-80.00798034667969
1629740674,10159020,93,0,6337,40.45551681518555,-79.95426177978516
1629740671,6692020,12,0,6215,40.58561325073242,-80.03850555419922
1629740670,1046020,51,0,6336,40.42884826660156,-79.98207092285156
1629740652,9363020,74,0,6457,40.4804801940918,-79.90257263183594
1629740645,7813020,56,0,6339,40.39013671875,-79.9345474243164
1629740660,7705020,77,0,6459,40.45427322387695,-79.95350646972656
1629740663,12155020,P3,0,6338,40.414791107177734,-79.87857055664062
1629740649,5620020,2,0,5804,40.44462966918945,-79.99877166748047
1629740663,7589020,61C,0,5925,40.41984939575195,-79.92826080322266
1629741187,12125020,61A,0,5819,40.40195846557617,-79.86100769042969
1629741189,10133020,29,0,5811,40.45158004760742,-80.16097259521484
1629741193,9965020,81,0,5932,40.441471099853516,-79.99253845214844
1629741188,12025020,51,0,5815,40.36250686645508,-79.92940521240234
1629741193,3956020,16,0,5703,40.49681091308594,-80.05809783935547
1629741177,-1903972635,71C,1,5945,40.451934814453125,-79.9518814086914
1629741194,11212020,15,0,5705,40.4559211730957,-80.0044174194336
1629741188,-1358729635,28X,1,3414,40.457759857177734,-79.91228485107422
1629741187,2031020,79,0,5715,40.44751739501953,-79.88935089111328
1629741188,2807020,P1,0,3419,40.45841979980469,-79.95427703857422
1629741191,13217020,71D,0,3424,40.442073822021484,-80.00137329101562
1629741197,1946020,G2,0,3303,40.425933837890625,-80.0728988647461
1629741137,11771020,G2,0,3302,40.405548095703125,-80.09073638916016
1629741196,12587020,71D,0,3421,40.441429138183594,-79.95895385742188
1629741190,9438020,16,0,5603,40.45148468017578,-80.00112915039062
1629741176,2624020,1,0,5605,40.449798583984375,-80.00110626220703
1629741176,7185020,P1,0,3320,40.44366455078125,-79.99252319335938
1629741169,12471020,61C,0,3314,40.44143295288086,-79.95895385742188
1629741177,12359020,61D,0,3311,40.437835693359375,-79.93074798583984
1629741183,4729020,91,0,5732,40.491519927978516,-79.90870666503906
1629741165,9515020,61D,0,3207,40.4093132019043,-79.91658782958984
1629741176,12084020,61D,0,3206,40.411048889160156,-79.91346740722656
1629741147,3912020,P1,0,3323,40.452491760253906,-79.89793395996094
1629741183,-33860820,17,1,5627,40.454872131347656,-80.002197265625
1629741181,9771020,21,0,6610,40.479461669921875,-80.06766510009766
1629741182,4288020,86,0,3340,40.4574089050293,-79.9339370727539
1629741191,6633020,8,0,6608,40.5175666809082,-80.03694915771484
1629741193,7326020,14,0,6603,40.55353546142578,-80.19361877441406
1629741182,2635020,24,0,5635,40.4403076171875,-80.00444030761719
1629741190,14277020,Y46,0,6621,40.28736877441406,-79.89566040039062
1629741190,9461020,36,0,6612,40.3919792175293,-80.04706573486328
1629741195,5657020,41,0,6611,40.395347595214844,-80.0338363647461
1629741190,4855020,G2,0,6614,40.40815734863281,-80.08958435058594
1629741195,1857020,24,0,6615,40.4442138671875,-80.1466064453125
1629741195,6255020,51,0,6617,40.424659729003906,-79.97895050048828
1629741181,8244020,51,0,5660,40.34381103515625,-79.97086334228516
1629741197,8076020,14,0,6511,40.5423469543457,-80.18331146240234
1629741183,11273020,14,0,6510,40.59151840209961,-80.22753143310547
1629741192,11705020,61C,0,6631,40.439449310302734,-79.95987701416016
1629741168,3436020,61A,0,3244,40.4440803527832,-79.9500961303711
1629741175,8140020,12,0,6509,40.545814514160156,-80.01714324951172
1629741181,10927020,54,0,6502,40.46501159667969,-79.96558380126953
1629741188,2185020,61B,0,6623,40.43806076049805,-79.92361450195312
1629741183,14379020,54,0,6501,40.444915771484375,-79.9541015625
1629741197,312020,55,0,6622,40.332427978515625,-79.93394470214844
1629741171,4169020,Y46,0,5655,40.31528854370117,-79.93962860107422
1629741179,14113020,51,0,6625,40.427635192871094,-79.98066711425781
1629741195,4418020,14,0,6503,40.447750091552734,-80.02020263671875
1629741158,1669020,8,0,6506,40.503841400146484,-80.02571868896484
1629741183,2046020,93,0,6627,40.484169006347656,-79.94780731201172
1629741195,7160020,93,0,6626,40.429569244384766,-79.92350006103516
1629741197,7163020,61B,0,6628,40.43961715698242,-79.89845275878906
1629741179,2449020,82,0,6640,40.45329284667969,-79.94731903076172
1629741145,7136020,13,0,6401,40.515071868896484,-80.04481506347656
1629741171,8525020,69,0,6643,40.3953742980957,-79.80654907226562
1629741190,13504020,26,0,6521,40.443973541259766,-80.04061889648438
1629741167,11875020,P68,0,6642,40.429134368896484,-79.74905395507812
1629741175,13096020,61D,0,3255,40.438385009765625,-79.96137237548828
1629741185,2189020,61C,0,3250,40.40633773803711,-79.88726806640625
1629741186,638020,59,0,6633,40.36795425415039,-79.84821319580078
1629741161,8612020,38,0,6514,40.382301330566406,-80.0434799194336
1629741184,11078020,61A,0,6635,40.41377258300781,-79.85322570800781
1629741194,-1213554325,67,1,6637,40.44123840332031,-79.88027954101562
1629741139,2127020,71D,0,6652,40.44395446777344,-79.95540618896484
1629741182,10280020,Y46,0,6531,40.292633056640625,-79.91598510742188
1629741176,2287020,51,0,6530,40.43601989746094,-80.0013656616211
1629741169,2005020,51,0,6533,40.34772872924805,-79.94908905029297
1629741193,7660020,54,0,6412,40.40882873535156,-79.9914321899414
1629741189,9676020,77,0,6654,40.47708511352539,-79.78385162353516
1629741196,7343020,1,0,6411,40.49407958984375,-79.91814422607422
1629741185,14106020,P1,0,3258,40.431976318359375,-79.88470458984375
1629741179,71020,59,0,6524,40.41910934448242,-79.8843002319336
1629741182,13158020,91,0,6403,40.48625946044922,-79.9432373046875
1629741192,3110020,91,0,6402,40.498600006103516,-79.86827850341797
1629741188,7831020,58,0,6647,40.43928527832031,-80.00419616699219
1629741182,11249020,61C,0,6526,40.44059753417969,-79.99596405029297
1629741183,5477020,91,0,6405,40.4712028503418,-79.95996856689453
1629741182,7388020,28X,0,6646,40.49272918701172,-80.25656127929688
1629741189,422020,59,0,6525,40.34791946411133,-79.8910903930664
1629741175,2747020,16,0,6407,40.50257110595703,-80.0711669921875
1629741168,5934020,61D,0,6528,40.43880844116211,-79.99085235595703
1629741194,14231020,87,0,6649,40.460296630859375,-79.96913146972656
1629741191,4310020,54,0,6406,40.42156982421875,-79.9843521118164
1629741193,4973020,64,0,6527,40.45963668823242,-79.94486999511719
1629741184,1335020,81,0,6529,40.44017791748047,-79.96975708007812
1629741178,12643020,59,0,6540,40.349525451660156,-79.87947082519531
1629741183,3177020,1,0,6302,40.450035095214844,-80.00109100341797
1629741180,391020,31,0,6423,40.44318771362305,-80.02567291259766
1629741176,8840020,8,0,6414,40.45277786254883,-80.00151062011719
1629741187,6656020,Y47,0,6535,40.3963623046875,-79.99996948242188
1629741187,6741020,53L,0,6537,40.41213607788086,-79.90819549560547
1629741186,13150020,20,0,6415,40.50571060180664,-80.1416015625
1629741194,11758020,39,0,6417,40.394962310791016,-80.02165222167969
1629741195,5951020,60,0,6538,40.34947967529297,-79.8372802734375
1629741148,776020,71A,0,6551,40.45140838623047,-79.95172882080078
1629741176,10449020,1,0,6311,40.48790740966797,-79.88908386230469
1629741145,11539020,82,0,6553,40.459381103515625,-79.92754364013672
1629741147,10355020,17,0,6313,40.49529266357422,-80.02328491210938
1629741183,12790020,61A,0,6434,40.440738677978516,-79.89004516601562
1629741191,2576020,61B,0,6433,40.414493560791016,-79.855224609375
1629741194,5258020,71A,0,6554,40.47891616821289,-79.9190902709961
1629741188,13108020,1,0,6304,40.547481536865234,-79.77017211914062
1629741178,8630020,27,0,6425,40.4428825378418,-80.06763458251953
1629741176,12575020,86,0,6546,40.460426330566406,-79.9219970703125
1629741192,12792020,12,0,6306,40.5467643737793,-80.00669860839844
1629741177,5499020,56,0,6429,40.352439880371094,-79.8424072265625
1629741188,9602020,8,0,6308,40.45597457885742,-80.00680541992188
1629741196,5527020,59,0,6428,40.405029296875,-79.86756134033203
1629741190,13077020,64,0,6549,40.40801239013672,-79.91484069824219
1629741183,6020020,12,0,6201,40.57625198364258,-80.02570343017578
1629741176,10048020,51,0,6443,40.380558013916016,-79.97624969482422
1629741186,4724020,38,0,6321,40.420448303222656,-80.03785705566406
1629741187,346020,59,0,6436,40.37997055053711,-79.86284637451172
1629741183,10759020,71B,0,6557,40.43733596801758,-79.97154998779297
1629741160,4651020,13,0,6314,40.44348907470703,-80.00452423095703
1629741179,1540020,27,0,6317,40.44126510620117,-80.03765869140625
1629741190,7214020,54,0,6316,40.41646194458008,-79.9971923828125
1629741187,13517020,82,0,6558,40.442630767822266,-79.98716735839844
1629741191,9087020,41,0,6319,40.400901794433594,-80.02302551269531
1629741195,14328020,38,0,6318,40.39042282104492,-80.07415008544922
1629741152,10233020,61D,0,6439,40.42243194580078,-79.92884063720703
1629741182,13017020,31,0,6331,40.41384506225586,-80.07324981689453
1629741186,467020,14,0,6212,40.44667053222656,-80.01895904541016
1629741178,7712020,55,0,6333,40.388179779052734,-79.8236083984375
1629741195,2812020,75,0,6453,40.43017578125,-79.97361755371094
1629741176,7003020,71B,0,6456,40.452056884765625,-79.92412567138672
1629741175,10980020,83,0,6335,40.44894790649414,-79.95767211914062
1629741193,1777020,2,0,6213,40.538841247558594,-80.01176452636719
1629741176,8355020,28X,0,6455,40.46131896972656,-80.19246673583984
1629741191,6868020,61B,0,6447,40.404991149902344,-79.8714599609375
1629741164,-2055210794,91,1,6205,40.49013900756836,-79.8699722290039
1629741158,7352020,48,0,6325,40.42869186401367,-79.98851013183594
1629741184,12002020,64,0,6449,40.4564094543457,-79.93689727783203
1629741194,48020,61B,0,6340,40.44080352783203,-79.99563598632812
1629741189,19020,61A,0,6342,40.438880920410156,-79.99266052246094
1629741185,309020,71C,0,6463,40.43766784667969,-79.98523712158203
1629741182,4982020,56,0,6341,40.40696334838867,-79.94317626953125
1629741126,10209020,87,0,6462,40.48290252685547,-79.94801330566406
1629741172,994020,22,0,6222,40.44343948364258,-80.02615356445312
1629741168,12340020,61C,0,6343,40.40601348876953,-79.91221618652344
1629741179,11838020,1,0,6104,40.54825210571289,-79.77001953125
1629741179,6756020,20,0,6225,40.46495056152344,-80.07421875
1629741194,10159020,93,0,6337,40.44165802001953,-79.95865631103516
1629741196,6692020,12,0,6215,40.57202911376953,-80.01600646972656
1629741138,1046020,51,0,6336,40.41484832763672,-79.98768615722656
1629741186,9363020,74,0,6457,40.46335220336914,-79.89176940917969
1629741168,7813020,56,0,6339,40.364715576171875,-79.90824890136719
1629741190,7705020,77,0,6459,40.461647033691406,-79.92549896240234
1629741163,12155020,P3,0,6338,40.45478057861328,-79.9037857055664
1629741186,9754020,P3,0,6351,40.41518020629883,-79.87947082519531
1629741196,285020,51,0,6111,40.404605865478516,-79.99047088623047
1629741188,14063020,57,0,6353,40.408790588378906,-79.94377899169922
1629741182,12210020,41,0,6231,40.34920883178711,-80.10366821289062
1629741148,2310020,61B,0,6112,40.41375732421875,-79.85316467285156
1629741174,2274020,61A,0,6115,40.440494537353516,-79.8876953125
1629741182,3291020,59,0,6235,40.38765335083008,-79.82353210449219
1629741195,8518020,91,0,6106,40.49862289428711,-79.88346862792969
1629741187,5420020,P68,0,6468,40.40587615966797,-79.8458023071289
1629741180,4227020,21,0,6228,40.520450592041016,-80.21758270263672
1629741157,3675020,48,0,6107,40.42691421508789,-79.96864318847656
1629741187,4218020,71A,0,6362,40.4379768371582,-79.99227142333984
1629741192,3238020,Y46,0,6241,40.438419342041016,-79.99979400634766
1629741194,5713020,88,0,6361,40.46535110473633,-79.95809173583984
1629741196,10089020,54,0,6001,40.439659118652344,-79.96135711669922
1629741175,11906020,61A,0,6122,40.44083786010742,-79.9579849243164
1629741167,6355020,77,0,6364,40.45320510864258,-79.75025177001953
1629741187,8975020,Y47,0,6243,40.34368133544922,-79.9448471069336
1629741170,14233020,71C,0,6366,40.46119689941406,-79.92418670654297
1629741177,9015020,83,0,6124,40.44049835205078,-79.9924087524414
1629741196,10650020,82,0,6368,40.45872497558594,-79.91641998291016
1629741169,9275020,P3,0,6247,40.44331741333008,-79.95626068115234
1629741194,2308020,71B,0,6367,40.447364807128906,-79.9426040649414
1629741193,6766020,57,0,6117,40.40851974487305,-79.91242980957031
1629741189,10435020,61B,0,6238,40.438838958740234,-79.96247863769531
1629741182,11933020,83,0,6252,40.428524017333984,-79.97676086425781
1629741197,10584020,53L,0,6133,40.40376663208008,-79.90899658203125
1629741171,2593020,15,0,6011,40.466819763183594,-80.01896667480469
1629741196,6200020,17,0,6014,40.501285552978516,-80.02203369140625
1629741177,12121020,59,0,6135,40.41050720214844,-79.91128540039062
1629741194,2095020,17,0,6013,40.4693717956543,-80.02542114257812
1629741189,1244020,28X,0,6258,40.43938064575195,-80.01654052734375
1629741192,4723020,75,0,6137,40.45835876464844,-79.91879272460938
1629741169,14669020,39,0,6015,40.43720245361328,-80.00057983398438
1629741188,7885020,16,0,6007,40.4830436706543,-80.03541564941406
1629741175,122020,1,0,6006,40.600440979003906,-79.75711059570312
1629741190,13225020,55,0,6129,40.29599380493164,-79.89386749267578
1629741190,8953020,71B,0,6263,40.4378662109375,-79.9895248413086
1629741188,9233020,89,0,6262,40.469017028808594,-79.92822265625
1629741181,8690020,71D,0,6144,40.454349517822266,-79.91199493408203
1629741156,8372020,82,0,6265,40.4405403137207,-79.99054718017578
1629741181,14200020,G2,0,6023,40.44222640991211,-79.99512481689453
1629741196,3007020,21,0,6022,40.52645492553711,-80.2091064453125
1629741197,5563020,71A,0,6143,40.468265533447266,-79.92779541015625
1629741193,7041020,74,0,6264,40.446563720703125,-79.91332244873047
1629741191,9230020,79,0,6146,40.47601318359375,-79.8705062866211
1629741173,4221020,P68,0,6267,40.4358024597168,-79.87207794189453
1629741177,6114020,67,0,6266,40.438018798828125,-79.76191711425781
1629741168,2787020,71B,0,6269,40.479591369628906,-79.92195892333984
1629741184,9440020,77,0,6268,40.459800720214844,-79.920654296875
1629741196,11281020,P78,0,6147,40.44873046875,-79.86784362792969
1629741166,12833020,77,0,6260,40.43901824951172,-79.9953384399414
1629741186,1756020,71,0,6139,40.416290283203125,-79.88633728027344
1629741179,12082020,71D,0,6138,40.45283508300781,-79.92085266113281
1629741191,702020,88,0,6259,40.454586029052734,-79.97799682617188
1629741176,6748020,71C,0,6153,40.44207000732422,-79.999267578125
1629741186,7685020,75,0,6274,40.4842529296875,-79.92816925048828
1629741189,5391020,93,0,6032,40.465576171875,-79.95509338378906
1629741179,8551020,77,0,6155,40.44183349609375,-80.00209045410156
1629741180,10079020,64,0,6033,40.411048889160156,-79.91346740722656
1629741195,14475020,77,0,6156,40.46528625488281,-79.83161926269531
1629741195,14369020,71A,0,6270,40.45553207397461,-79.93981170654297
1629741169,12571020,P78,0,6272,40.524837493896484,-79.84138488769531
1629741185,11383020,51,0,6029,40.441776275634766,-80.00230407714844
1629741191,412020,51,0,6042,40.390892028808594,-79.98638916015625
1629741193,14274020,28X,0,6046,40.45526885986328,-79.91104888916016
1629741191,14115020,71A,0,6048,40.437259674072266,-79.9712905883789
1629741187,10370020,87,0,6160,40.461936950683594,-79.93798065185547
1629740930,521020,4,0,1705,40.50167465209961,-80.02198791503906
1629741157,1396020,4,0,1703,40.46514129638672,-79.98159790039062
1629741197,8079020,11,0,1702,40.44361877441406,-79.99542236328125
1629741185,5484020,79,0,6056,40.445987701416016,-79.87158203125
1629741193,2087020,67,0,6052,40.44575500488281,-79.95294189453125
1629741184,10990020,71C,0,6051,40.45639419555664,-79.91593170166016
1629741197,166020,44,0,1715,40.413455963134766,-79.98780059814453
1629741176,1304020,40,0,1714,40.4168586730957,-80.01118469238281
1629741192,11170020,44,0,1720,40.419986724853516,-79.99858856201172
1629741193,6761020,43,0,1728,40.42417907714844,-79.99748229980469
1629741186,12244020,6,0,5908,40.44606399536133,-79.98881530761719
1629741196,12677020,13,0,5909,40.49108123779297,-80.04792785644531
1629741177,7909020,54,0,5903,40.462467193603516,-79.96744537353516
1629741195,12751020,24,0,5911,40.46598815917969,-80.13612365722656
1629741189,13559020,29,0,5913,40.44028091430664,-80.07976531982422
1629741172,14493020,59,0,5926,40.41105270385742,-79.91395568847656
1629741196,12378020,8,0,5806,40.51776885986328,-80.03103637695312
1629741194,7474020,Y49,0,5927,40.36366271972656,-79.9749984741211
1629741197,4964020,2,0,5807,40.535099029541016,-80.0108413696289
1629741182,2394020,54,0,5803,40.45329284667969,-80.00914001464844
1629741180,7589020,61C,0,5925,40.434059143066406,-79.92291259765625
1629741648,12125020,61A,0,5819,40.41545486450195,-79.87734985351562
1629741651,10133020,29,0,5811,40.450721740722656,-80.18411254882812
1629741632,9965020,81,0,5932,40.443241119384766,-79.98074340820312
1629741649,12025020,51,0,5815,40.343318939208984,-79.94113159179688
1629741655,-1903972635,71C,1,5945,40.443260192871094,-79.95648193359375
1629741655,11212020,15,0,5705,40.46217727661133,-80.01842498779297
1629741647,-1358729635,28X,1,3414,40.457759857177734,-79.91228485107422
1629741649,5290020,71C,0,3412,40.448123931884766,-79.89814758300781
1629741658,2031020,79,0,5715,40.448673248291016,-79.867919921875
1629741652,10772020,P1,0,3419,40.44168472290039,-79.99761199951172
1629741641,6653020,86,0,3418,40.44326400756836,-79.88713073730469
1629741637,12959020,71D,0,3424,40.43894958496094,-79.9947280883789
1629741629,1946020,G2,0,3303,40.44797134399414,-80.033203125
1629741660,5803020,G2,0,3302,40.405548095703125,-80.09066009521484
1629741646,12587020,71D,0,3421,40.438446044921875,-79.98253631591797
1629741653,4535020,16,0,5603,40.44153594970703,-80.00366973876953
1629741631,10413020,P1,0,3321,40.43083572387695,-79.88455200195312
1629741659,7185020,P1,0,3320,40.458587646484375,-79.92683410644531
1629741640,12471020,61C,0,3314,40.4385871887207,-79.98485565185547
1629741635,12359020,61D,0,3311,40.44451904296875,-79.95466613769531
1629741660,4729020,91,0,5732,40.4866943359375,-79.94203186035156
1629741645,9515020,61D,0,3207,40.41933822631836,-79.92707061767578
1629741656,9834020,17,0,5627,40.454986572265625,-80.021240234375
1629741646,9771020,21,0,6610,40.46426010131836,-80.05370330810547
1629741659,4288020,86,0,3340,40.46210861206055,-79.94991302490234
1629741650,6366020,29,0,6609,40.42424011230469,-80.19107055664062
1629741652,14610020,8,0,6608,40.5175666809082,-80.03694915771484
1629741634,7326020,14,0,6603,40.579681396484375,-80.22091674804688
1629741637,1522020,24,0,5635,40.443851470947266,-80.0273666381836
1629741652,9365020,2,0,6604,40.44614791870117,-79.99949645996094
1629741639,14277020,Y46,0,6621,40.29453659057617,-79.91790008544922
1629741657,9461020,36,0,6612,40.37273025512695,-80.05841064453125
1629741614,5657020,41,0,6611,40.38291931152344,-80.05665588378906
1629741563,1857020,24,0,6615,40.46596908569336,-80.13504791259766
1629741659,6255020,51,0,6617,40.42871856689453,-79.98971557617188
1629741657,8244020,51,0,5660,40.37876510620117,-79.9754638671875
1629741648,8076020,14,0,6511,40.52669906616211,-80.15921783447266
1629741603,11273020,14,0,6510,40.59151840209961,-80.22753143310547
1629741645,11705020,61C,0,6631,40.444087982177734,-79.93980407714844
1629741650,3436020,61A,0,3244,40.43796157836914,-79.96379852294922
1629741637,8140020,12,0,6509,40.542137145996094,-80.01306915283203
1629741648,10927020,54,0,6502,40.451107025146484,-79.98249816894531
1629741653,2185020,61B,0,6623,40.432334899902344,-79.89373016357422
1629741634,14379020,54,0,6501,40.45335388183594,-79.94738006591797
1629741643,312020,55,0,6622,40.31843948364258,-79.93392944335938
1629741658,4169020,Y46,0,5655,40.33223342895508,-79.9459228515625
1629741649,14113020,51,0,6625,40.40949249267578,-79.99076843261719
1629741654,4418020,14,0,6503,40.467506408691406,-80.03539276123047
1629741660,1669020,8,0,6506,40.47792434692383,-80.0121078491211
1629741658,2046020,93,0,6627,40.469444274902344,-79.96136474609375
1629741660,7160020,93,0,6626,40.43451690673828,-79.94935607910156
1629741657,7163020,61B,0,6628,40.44389343261719,-79.93878936767578
1629741636,2449020,82,0,6640,40.457122802734375,-79.93440246582031
1629741632,8525020,69,0,6643,40.39432907104492,-79.79940795898438
1629741640,13504020,26,0,6521,40.43865966796875,-80.01177978515625
1629741658,11875020,P68,0,6642,40.429134368896484,-79.74905395507812
1629741639,13096020,61D,0,3255,40.444618225097656,-79.9428939819336
1629741656,2189020,61C,0,3250,40.40996551513672,-79.91744232177734
1629741656,638020,59,0,6633,40.379722595214844,-79.86841583251953
1629741648,8612020,38,0,6514,40.38677978515625,-80.04490661621094
1629741658,13262020,61A,0,6635,40.41448211669922,-79.85319519042969
1629741516,-1213554325,67,1,6637,40.442928314208984,-79.86712646484375
1629741655,2127020,71D,0,6652,40.44906997680664,-79.93207550048828
1629741653,10280020,Y46,0,6531,40.28877258300781,-79.89122772216797
1629741648,8309020,51,0,6530,40.43968963623047,-79.99895477294922
1629741633,7271020,54,0,6412,40.40882873535156,-79.99143981933594
1629741638,9676020,77,0,6654,40.483970642089844,-79.81512451171875
1629741654,7343020,1,0,6411,40.49675369262695,-79.94208526611328
1629741653,14106020,P1,0,3258,40.45674133300781,-79.93244934082031
1629741642,71020,59,0,6524,40.40420150756836,-79.86871337890625
1629741658,13158020,91,0,6403,40.49404525756836,-79.9179458618164
1629741656,3110020,91,0,6402,40.48784637451172,-79.88800048828125
1629741636,11649020,58,0,6647,40.437644958496094,-79.99663543701172
1629741638,11249020,61C,0,6526,40.43701934814453,-79.96322631835938
1629741646,5477020,91,0,6405,40.456878662109375,-79.97560119628906
1629741628,7388020,28X,0,6646,40.49612808227539,-80.25887298583984
1629741660,422020,59,0,6525,40.3524284362793,-79.85174560546875
1629741656,2747020,16,0,6407,40.49262619018555,-80.04962158203125
1629741658,8910020,61D,0,6528,40.44038391113281,-79.99945068359375
1629741633,10185020,87,0,6649,40.44317626953125,-79.99675750732422
1629741658,4310020,54,0,6406,40.421531677246094,-80.00373840332031
1629741644,4973020,64,0,6527,40.46721267700195,-79.96328735351562
1629741659,1335020,81,0,6529,40.44385528564453,-79.98003387451172
1629741652,12643020,59,0,6540,40.35346603393555,-79.91023254394531
1629741645,8151020,67,0,6542,40.439598083496094,-79.87569427490234
1629741645,3177020,1,0,6302,40.478126525878906,-79.96903228759766
1629741650,391020,31,0,6423,40.4289436340332,-80.05349731445312
1629741639,5401020,16,0,6301,40.503883361816406,-80.0746841430664
1629741659,3213020,74,0,6543,40.46160125732422,-79.9271011352539
1629741650,8840020,8,0,6414,40.44338607788086,-79.99971771240234
1629741657,6656020,Y47,0,6535,40.36738204956055,-79.99375915527344
1629741648,6741020,53L,0,6537,40.41876220703125,-79.9266357421875
1629741655,13150020,20,0,6415,40.483028411865234,-80.11205291748047
1629741645,11758020,39,0,6417,40.4208869934082,-80.00712585449219
1629741656,5951020,60,0,6538,40.346351623535156,-79.84934997558594
1629741642,776020,71A,0,6551,40.456363677978516,-79.93704986572266
1629741643,10449020,1,0,6311,40.49459457397461,-79.8595199584961
1629741659,11539020,82,0,6553,40.452266693115234,-79.9508285522461
1629741650,12790020,61A,0,6434,40.425052642822266,-79.88582611083984
1629741632,2576020,61B,0,6433,40.40740966796875,-79.8756332397461
1629741646,5258020,71A,0,6554,40.4724235534668,-79.9258804321289
1629741639,13108020,1,0,6304,40.564720153808594,-79.76995849609375
1629741648,8630020,27,0,6425,40.457611083984375,-80.07344055175781
1629741660,12575020,86,0,6546,40.458438873291016,-79.90689849853516
1629741644,12792020,12,0,6306,40.55277633666992,-80.0226821899414
1629741660,5499020,56,0,6429,40.33726119995117,-79.86287689208984
1629741657,9602020,8,0,6308,40.476280212402344,-80.01236724853516
1629741626,5527020,59,0,6428,40.419124603271484,-79.88432312011719
1629741644,13077020,64,0,6549,40.4295654296875,-79.92350006103516
1629741637,10048020,51,0,6443,40.38058090209961,-79.97624969482422
1629741573,3649020,38,0,6321,40.43995666503906,-80.0061264038086
1629741651,346020,59,0,6436,40.36328125,-79.85057067871094
1629741657,10759020,71B,0,6557,40.43880844116211,-79.99082946777344
1629741648,4651020,13,0,6314,40.456241607666016,-80.00293731689453
1629741626,1540020,27,0,6317,40.45261001586914,-80.06570434570312
1629741646,7214020,54,0,6316,40.42292022705078,-79.97785186767578
1629741651,13517020,82,0,6558,40.44767761230469,-79.9666748046875
1629741652,9087020,41,0,6319,40.42394256591797,-80.005859375
1629741657,14328020,38,0,6318,40.38703155517578,-80.08995819091797
1629741631,10233020,61D,0,6439,40.41007614135742,-79.91222381591797
1629741659,13017020,31,0,6331,40.43653106689453,-80.05260467529297
1629741638,7712020,55,0,6333,40.388179779052734,-79.8236083984375
1629741647,2812020,75,0,6453,40.426544189453125,-79.96398162841797
1629741630,14064020,12,0,6214,40.442535400390625,-79.99951934814453
1629741199,7003020,71B,0,6456,40.4520378112793,-79.92414093017578
1629741660,10980020,83,0,6335,40.44117736816406,-79.9613037109375
1629741659,1777020,2,0,6213,40.527400970458984,-80.00857543945312
1629741624,8355020,28X,0,6455,40.447635650634766,-80.16480255126953
1629741645,6868020,61B,0,6447,40.41367721557617,-79.85364532470703
1629741640,-2055210794,91,1,6205,40.49013900756836,-79.8699722290039
1629741648,7352020,48,0,6325,40.42845916748047,-79.97525787353516
1629741638,12002020,64,0,6449,40.45279312133789,-79.92138671875
1629741650,48020,61B,0,6340,40.4369010925293,-79.9634017944336
1629741643,14524020,61A,0,6342,40.44083023071289,-80.0006332397461
1629741649,309020,71C,0,6463,40.440330505371094,-79.9603271484375
1629741651,4982020,56,0,6341,40.431156158447266,-79.95921325683594
1629741657,10209020,87,0,6462,40.477439880371094,-79.95318603515625
1629741640,994020,22,0,6222,40.47517013549805,-80.0582275390625
1629741654,12340020,61C,0,6343,40.390663146972656,-79.86921691894531
1629741659,11838020,1,0,6104,40.540626525878906,-79.80960083007812
1629741659,6756020,20,0,6225,40.4920654296875,-80.11173248291016
1629741638,10159020,93,0,6337,40.43418884277344,-79.95160675048828
1629741610,6692020,12,0,6215,40.553016662597656,-80.02056884765625
1629741659,1046020,51,0,6336,40.390750885009766,-79.98638153076172
1629741643,9363020,74,0,6457,40.451698303222656,-79.8995361328125
1629741650,7813020,56,0,6339,40.34505844116211,-79.88544464111328
1629741651,7705020,77,0,6459,40.45869445800781,-79.90814208984375
1629741621,12155020,P3,0,6338,40.457130432128906,-79.95146179199219
1629741634,5502020,P3,0,6351,40.41512680053711,-79.87915802001953
1629741660,14063020,57,0,6353,40.410438537597656,-79.92516326904297
1629741656,12210020,41,0,6231,40.359439849853516,-80.10263061523438
1629741633,2310020,61B,0,6112,40.41377258300781,-79.85322570800781
1629741652,2274020,61A,0,6115,40.43803024291992,-79.91836547851562
1629741634,3291020,59,0,6235,40.38809585571289,-79.82347869873047
1629741657,8518020,91,0,6106,40.494598388671875,-79.88583374023438
1629741631,5420020,P68,0,6468,40.415470123291016,-79.85687255859375
1629741659,4227020,21,0,6228,40.51841735839844,-80.16690063476562
1629741656,3675020,48,0,6107,40.4288444519043,-79.98394012451172
1629741658,4218020,71A,0,6362,40.439125061035156,-79.96199035644531
1629741637,3238020,Y46,0,6241,40.41364669799805,-80.01105499267578
1629741637,5713020,88,0,6361,40.4641227722168,-79.9324722290039
1629741645,10089020,54,0,6001,40.43030548095703,-79.97366333007812
1629741614,11906020,61A,0,6122,40.44456481933594,-79.9425048828125
1629741633,6355020,77,0,6364,40.45320510864258,-79.75025177001953
1629741629,8975020,Y47,0,6243,40.342002868652344,-79.96537017822266
1629741635,14233020,71C,0,6366,40.456687927246094,-79.93595886230469
1629741658,9015020,83,0,6124,40.44173812866211,-80.00255584716797
1629741654,10650020,82,0,6368,40.472923278808594,-79.88948059082031
1629741661,9275020,P3,0,6247,40.45240783691406,-79.94967651367188
1629741651,2308020,71B,0,6367,40.45859146118164,-79.92510986328125
1629741655,6766020,57,0,6117,40.408180236816406,-79.92584991455078
1629741654,10435020,61B,0,6238,40.43860626220703,-79.98638153076172
1629741650,7557020,64,0,6237,40.411094665527344,-79.90655517578125
1629741641,11933020,83,0,6252,40.43829345703125,-79.96141052246094
1629741660,10584020,53L,0,6133,40.38079833984375,-79.90657806396484
1629741657,2593020,15,0,6011,40.4537353515625,-80.00182342529297
1629741631,6200020,17,0,6014,40.5003547668457,-80.03422546386719
1629741648,12121020,59,0,6135,40.40931701660156,-79.91658782958984
1629741638,2095020,17,0,6013,40.45537567138672,-80.01914978027344
1629741647,1244020,28X,0,6258,40.437530517578125,-79.99961853027344
1629741659,4723020,75,0,6137,40.47328186035156,-79.93070220947266
1629741649,14669020,39,0,6015,40.408546447753906,-80.01493835449219
1629741655,7885020,16,0,6007,40.45738983154297,-80.0157699584961
1629741641,651020,1,0,6006,40.60052490234375,-79.75706481933594
1629741646,13225020,55,0,6129,40.31794738769531,-79.933349609375
1629741651,8953020,71B,0,6263,40.439125061035156,-79.96199035644531
1629741657,9233020,89,0,6262,40.46461486816406,-79.93751525878906
1629741654,8690020,71D,0,6144,40.44743728637695,-79.94247436523438
1629741657,6542020,82,0,6265,40.44215393066406,-80.00092315673828
1629741658,14200020,G2,0,6023,40.43984603881836,-80.00959014892578
1629741654,5563020,71A,0,6143,40.478946685791016,-79.91907501220703
1629741651,7041020,74,0,6264,40.45987319946289,-79.89532470703125
1629741643,12301020,82,0,6146,40.47275924682617,-79.88885498046875
1629741640,4221020,P68,0,6267,40.41434860229492,-79.85295104980469
1629741602,6114020,67,0,6266,40.43596267700195,-79.78558349609375
1629741632,2787020,71B,0,6269,40.479591369628906,-79.92195892333984
1629741651,9440020,77,0,6268,40.46080780029297,-79.93236541748047
1629741638,11281020,P78,0,6147,40.452980041503906,-79.89912414550781
1629741659,9581020,77,0,6260,40.44215393066406,-80.00092315673828
1629741629,1756020,71,0,6139,40.42303466796875,-79.89321899414062
1629741654,12082020,71D,0,6138,40.45225524902344,-79.88719940185547
1629741658,8694020,88,0,6259,40.44226837158203,-79.99947357177734
1629741654,6520020,71C,0,6153,40.43894958496094,-79.9947280883789
1629741651,7685020,75,0,6274,40.46500778198242,-79.91992950439453
1629741659,5391020,93,0,6032,40.4834098815918,-79.95024108886719
1629741640,10079020,64,0,6033,40.411277770996094,-79.90576934814453
1629741660,3197020,71B,0,6157,40.4578857421875,-79.9251708984375
1629741647,14475020,77,0,6156,40.4844856262207,-79.81634521484375
1629741658,14369020,71A,0,6270,40.44380187988281,-79.95568084716797
1629741641,12571020,P78,0,6272,40.54038619995117,-79.83112335205078
1629741640,1345020,75,0,6271,40.487449645996094,-79.89399719238281
1629741647,5616020,51,0,6029,40.432132720947266,-80.00389099121094
1629741635,412020,51,0,6042,40.41069030761719,-79.99021911621094
1629741636,14274020,28X,0,6046,40.447425842285156,-79.94210052490234
1629741656,14115020,71A,0,6048,40.438777923583984,-79.99019622802734
1629741650,10370020,87,0,6160,40.4770622253418,-79.92949676513672
1629741657,1396020,4,0,1703,40.45448303222656,-79.9954833984375
1629741655,2087020,67,0,6052,40.4382209777832,-79.97756958007812
1629741653,10990020,71C,0,6051,40.44441223144531,-79.88738250732422
1629741648,166020,44,0,1715,40.413326263427734,-79.98648834228516
1629741657,1304020,40,0,1714,40.43133544921875,-80.01165008544922
1629741648,11170020,44,0,1720,40.41441345214844,-79.98884582519531
1629741639,6761020,43,0,1728,40.43072509765625,-80.00131225585938
1629741634,14653020,44,0,1726,40.446258544921875,-79.98863983154297
1629741639,12244020,6,0,5908,40.4460563659668,-79.98881530761719
1629741660,12677020,13,0,5909,40.46933364868164,-80.03573608398438
1629741654,7909020,54,0,5903,40.46309280395508,-79.95182800292969
1629741660,12751020,24,0,5911,40.4484748840332,-80.16033935546875
1629741642,13559020,29,0,5913,40.438655853271484,-80.0714111328125
1629741634,14493020,59,0,5926,40.40839385986328,-79.89447021484375
1629741659,7474020,Y49,0,5927,40.375465393066406,-79.98339080810547
1629741636,4964020,2,0,5807,40.54582214355469,-80.01664733886719
1629741649,9918020,61D,0,5923,40.40961456298828,-79.91619873046875
1629741657,2394020,54,0,5803,40.448951721191406,-79.98766326904297
1629741609,7589020,61C,0,5925,40.442832946777344,-79.93775177001953
1629742251,12125020,61A,0,5819,40.437435150146484,-79.88184356689453
1629742214,10133020,29,0,5811,40.439910888671875,-80.19229888916016
1629742254,9965020,81,0,5932,40.44082260131836,-79.96558380126953
1629742258,12025020,51,0,5815,40.3476676940918,-79.94766235351562
1629742259,-1903972635,71C,1,5945,40.43860626220703,-79.9863510131836
1629742271,390020,6,0,5705,40.48442840576172,-80.00538635253906
1629742258,4261020,71C,0,3416,40.45610046386719,-79.91532135009766
1629742231,-1358729635,28X,1,3414,40.457759857177734,-79.91228485107422
1629742250,5290020,71C,0,3412,40.460357666015625,-79.9217529296875
1629742272,2031020,79,0,5715,40.46216583251953,-79.86421966552734
1629742248,10772020,P1,0,3419,40.45684814453125,-79.94725799560547
1629742262,6653020,86,0,3418,40.4573860168457,-79.896240234375
1629742267,12959020,71D,0,3424,40.43766403198242,-79.98516845703125
1629742251,12386020,G2,0,3303,40.44354248046875,-79.99539184570312
1629742245,5803020,G2,0,3302,40.4217529296875,-80.08040618896484
1629742255,12587020,71D,0,3421,40.44187545776367,-80.00201416015625
1629742262,4535020,16,0,5603,40.45561218261719,-80.00614166259766
1629742246,10413020,P1,0,3321,40.45588302612305,-79.9337387084961
1629742260,12471020,61C,0,3314,40.441471099853516,-80.00232696533203
1629742273,12359020,61D,0,3311,40.43855285644531,-79.98494720458984
1629742267,4729020,91,0,5732,40.462921142578125,-79.96711730957031
1629742270,3917020,P78,0,3329,40.44371032714844,-79.99360656738281
1629742247,9515020,61D,0,3207,40.434715270996094,-79.9228286743164
1629742268,9834020,17,0,5627,40.4770622253418,-80.03337860107422
1629742266,9771020,21,0,6610,40.44154357910156,-80.00389099121094
1629742269,4288020,86,0,3340,40.45369338989258,-79.97871398925781
1629742252,6366020,29,0,6609,40.45161819458008,-80.20586395263672
1629742183,14610020,8,0,6608,40.514976501464844,-80.02323913574219
1629742213,7326020,14,0,6603,40.591461181640625,-80.22748565673828
1629742244,1522020,24,0,5635,40.472198486328125,-80.07307434082031
1629742250,11561020,24,0,5636,40.456138610839844,-80.16212463378906
1629742273,9365020,2,0,6604,40.47860336303711,-79.97079467773438
1629742272,14277020,Y46,0,6621,40.32182312011719,-79.94145965576172
1629742260,9461020,36,0,6612,40.348873138427734,-80.050048828125
1629742005,5657020,41,0,6611,40.3774528503418,-80.0906753540039
1629742251,1857020,24,0,6615,40.47504806518555,-80.09040069580078
1629742267,6255020,51,0,6617,40.441566467285156,-80.00249481201172
1629742270,8244020,51,0,5660,40.40822982788086,-79.99134826660156
1629742262,8076020,14,0,6511,40.493446350097656,-80.06316375732422
1629742246,2950020,14,0,6510,40.58271026611328,-80.22445678710938
1629742270,11705020,61C,0,6631,40.43016815185547,-79.9234619140625
1629742266,3436020,61A,0,3244,40.441368103027344,-79.99754333496094
1629742264,8140020,12,0,6509,40.49201965332031,-80.01107788085938
1629742238,10927020,54,0,6502,40.45572280883789,-80.00543975830078
1629742253,2185020,61B,0,6623,40.408782958984375,-79.87715911865234
1629742270,14379020,54,0,6501,40.45951843261719,-79.96614837646484
1629742271,312020,55,0,6622,40.293609619140625,-79.88900756835938
1629742263,4169020,Y46,0,5655,40.352359771728516,-79.97772216796875
1629742266,4418020,14,0,6503,40.51217269897461,-80.10383605957031
1629742264,1669020,8,0,6506,40.455474853515625,-80.00621795654297
1629742271,2046020,93,0,6627,40.45023727416992,-79.95100402832031
1629742259,7160020,93,0,6626,40.44127655029297,-79.95903015136719
1629742251,9651020,13,0,6508,40.51642608642578,-80.03857421875
1629742265,7163020,61B,0,6628,40.43721008300781,-79.97115325927734
1629742270,8525020,69,0,6643,40.39088439941406,-79.7669448852539
1629742258,10112020,26,0,6521,40.441650390625,-80.03543090820312
1629742273,11875020,P68,0,6642,40.429134368896484,-79.74905395507812
1629742249,13096020,61D,0,3255,40.43041229248047,-79.92340087890625
1629742256,2189020,61C,0,3250,40.42927169799805,-79.92366790771484
1629742259,14695020,22,0,6513,40.46860122680664,-80.09822082519531
1629742259,638020,59,0,6633,40.398101806640625,-79.88494110107422
1629742249,8612020,38,0,6514,40.40342712402344,-80.05838775634766
1629742273,13262020,61A,0,6635,40.40692901611328,-79.86384582519531
1629742246,5692020,36,0,6517,40.34008026123047,-80.0538101196289
1629742261,-1213554325,67,1,6637,40.4298095703125,-79.80940246582031
1629742263,2127020,71D,0,6652,40.45353317260742,-79.89276885986328
1629742261,8309020,51,0,6530,40.42877960205078,-79.9853286743164
1629742247,7271020,54,0,6412,40.4137077331543,-79.9885025024414
1629742273,9676020,77,0,6654,40.46035385131836,-79.84422302246094
1629742272,7343020,1,0,6411,40.453983306884766,-79.99810791015625
1629742272,8216020,P1,0,3258,40.440921783447266,-79.99629974365234
1629742247,71020,59,0,6524,40.41551971435547,-79.8478775024414
1629742262,13158020,91,0,6403,40.487396240234375,-79.88378143310547
1629742268,3110020,91,0,6402,40.494354248046875,-79.91983032226562
1629742240,11649020,58,0,6647,40.42552947998047,-79.94245910644531
1629742256,11249020,61C,0,6526,40.4444694519043,-79.94789123535156
1629742259,13449020,28X,0,6646,40.49897766113281,-80.25968933105469
1629742254,422020,59,0,6525,40.36787796020508,-79.85541534423828
1629742270,2747020,16,0,6407,40.47201156616211,-80.02740478515625
1629742270,8910020,61D,0,6528,40.4379768371582,-79.9922103881836
1629742261,10185020,87,0,6649,40.44478988647461,-79.99251556396484
1629742268,323020,64,0,6527,40.4659309387207,-79.95358276367188
1629742268,1335020,81,0,6529,40.439579010009766,-79.99732971191406
1629742223,12643020,59,0,6540,40.34445571899414,-79.9403305053711
1629742269,8151020,67,0,6542,40.450035095214844,-79.90389251708984
1629742246,1366020,59,0,6541,40.34318923950195,-79.95372009277344
1629742250,3177020,1,0,6302,40.49080276489258,-79.9078369140625
1629742264,391020,31,0,6423,40.39826965332031,-80.08321380615234
1629742270,3213020,74,0,6543,40.46355438232422,-79.91722869873047
1629742261,7915020,8,0,6414,40.45891189575195,-80.00775146484375
1629742255,6656020,Y47,0,6535,40.34012985229492,-79.96735382080078
1629742235,6741020,53L,0,6537,40.4367561340332,-79.99725341796875
1629742271,13150020,20,0,6415,40.46583557128906,-80.06460571289062
1629742260,11758020,39,0,6417,40.438682556152344,-80.00175476074219
1629742251,5951020,60,0,6538,40.35057067871094,-79.86791229248047
1629742269,776020,71A,0,6551,40.477237701416016,-79.91890716552734
1629742249,10449020,1,0,6311,40.541046142578125,-79.80536651611328
1629742264,11539020,82,0,6553,40.44277572631836,-79.98188018798828
1629742253,4307020,58,0,6555,40.44451904296875,-79.94657897949219
1629742254,12790020,61A,0,6434,40.39989471435547,-79.86394500732422
1629742265,2576020,61B,0,6433,40.43265914916992,-79.8939208984375
1629742269,5258020,71A,0,6554,40.454158782958984,-79.9444351196289
1629742249,13108020,1,0,6304,40.60237121582031,-79.75212097167969
1629742235,8630020,27,0,6425,40.44135284423828,-80.04596710205078
1629742270,12575020,86,0,6546,40.44461441040039,-79.88555145263672
1629742257,12792020,12,0,6306,40.55644226074219,-80.01956939697266
1629742266,5499020,56,0,6429,40.347049713134766,-79.88941955566406
1629742272,9602020,8,0,6308,40.51380157470703,-80.02501678466797
1629742266,5527020,59,0,6428,40.408966064453125,-79.8919906616211
1629742269,13077020,64,0,6549,40.45234680175781,-79.9205551147461
1629742256,6558020,51,0,6443,40.39046859741211,-79.98607635498047
1629742260,3649020,38,0,6321,40.44049072265625,-80.0345458984375
1629742271,346020,59,0,6436,40.35600662231445,-79.8432388305664
1629742261,3101020,71B,0,6557,40.440120697021484,-79.99884033203125
1629742272,4651020,13,0,6314,40.46751022338867,-80.0350341796875
1629742256,1540020,27,0,6317,40.440895080566406,-80.07225799560547
1629742233,7214020,54,0,6316,40.428375244140625,-79.97478485107422
1629742261,13517020,82,0,6558,40.45507049560547,-79.94135284423828
1629742244,9087020,41,0,6319,40.44037628173828,-80.00059509277344
1629742249,14328020,38,0,6318,40.36697769165039,-80.10969543457031
1629742261,13017020,31,0,6331,40.441078186035156,-80.00591278076172
1629742252,7712020,55,0,6333,40.388179779052734,-79.8236083984375
1629742261,545020,75,0,6453,40.43714904785156,-79.97264099121094
1629742255,14064020,12,0,6214,40.456787109375,-79.99951934814453
1629742273,10980020,83,0,6335,40.428497314453125,-79.97618103027344
1629742245,1777020,2,0,6213,40.52735900878906,-80.00867462158203
1629742264,8355020,28X,0,6455,40.442256927490234,-80.06609344482422
1629742260,8534020,26,0,6326,40.441158294677734,-80.06877136230469
1629742259,6868020,61B,0,6447,40.41371536254883,-79.8534164428711
1629742260,-2055210794,91,1,6205,40.48757553100586,-79.88236236572266
1629742271,7352020,48,0,6325,40.41770935058594,-79.96585083007812
1629742272,12002020,64,0,6449,40.43320846557617,-79.92302703857422
1629742251,48020,61B,0,6340,40.44441604614258,-79.94876098632812
1629742265,14524020,61A,0,6342,40.43798065185547,-79.99236297607422
1629742255,309020,71C,0,6463,40.45041275024414,-79.95111846923828
1629742265,4982020,56,0,6341,40.43820571899414,-80.00128173828125
1629742272,10209020,87,0,6462,40.465782165527344,-79.9292984008789
1629742254,3033020,16,0,6102,40.50069046020508,-80.0667724609375
1629742238,994020,22,0,6222,40.47652816772461,-80.09687042236328
1629742252,11838020,1,0,6104,40.49665832519531,-79.85655212402344
1629742257,6756020,20,0,6225,40.48646926879883,-80.11770629882812
1629742257,10933020,12,0,6216,40.58536148071289,-80.03539276123047
1629742263,10159020,93,0,6337,40.41957092285156,-79.93389129638672
1629742262,6692020,12,0,6215,40.5525016784668,-80.02295684814453
1629742267,1046020,51,0,6336,40.36410140991211,-79.98388671875
1629742273,9363020,74,0,6457,40.43727493286133,-79.91924285888672
1629742252,7813020,56,0,6339,40.3524284362793,-79.84242248535156
1629742254,7705020,77,0,6459,40.460323333740234,-79.87328338623047
1629742258,12155020,P3,0,6338,40.43938446044922,-79.96173095703125
1629742250,5502020,P3,0,6351,40.42857360839844,-79.88480377197266
1629742251,14063020,57,0,6353,40.40665054321289,-79.91130828857422
1629742269,12210020,41,0,6231,40.37350845336914,-80.07537078857422
1629742254,5303020,61B,0,6112,40.40610885620117,-79.86259460449219
1629742272,2274020,61A,0,6115,40.44442367553711,-79.94872283935547
1629742270,9307020,55,0,6235,40.38594436645508,-79.83155059814453
1629742256,8518020,91,0,6106,40.494598388671875,-79.88583374023438
1629742273,5420020,P68,0,6468,40.44366455078125,-79.8870849609375
1629742252,4227020,21,0,6228,40.5079460144043,-80.11223602294922
1629742266,3675020,48,0,6107,40.437103271484375,-80.00186157226562
1629742258,4218020,71A,0,6362,40.44709014892578,-79.9490737915039
1629742249,3238020,Y46,0,6241,40.377620697021484,-79.9873046875
1629742249,5713020,88,0,6361,40.45722579956055,-79.91171264648438
1629742261,10089020,54,0,6001,40.42393112182617,-79.9776840209961
1629742272,11906020,61A,0,6122,40.43943786621094,-79.89493560791016
1629742266,2192020,77,0,6364,40.453102111816406,-79.76082611083984
1629742270,8975020,Y47,0,6243,40.37179183959961,-79.99476623535156
1629742246,1901020,Y49,0,6242,40.329933166503906,-79.92317199707031
1629742253,14233020,71C,0,6366,40.44764709472656,-79.94938659667969
1629742264,5609020,83,0,6124,40.441871643066406,-79.9891357421875
1629742269,7053020,53L,0,6126,40.34104919433594,-79.94529724121094
1629742256,9275020,P3,0,6247,40.436683654785156,-79.8856430053711
1629742249,12834020,93,0,6125,40.40788650512695,-79.92645263671875
1629742273,6766020,57,0,6117,40.414154052734375,-79.95014190673828
1629742272,10880020,61B,0,6238,40.440792083740234,-80.00065612792969
1629742273,10687020,71D,0,6359,40.45591735839844,-79.90325164794922
1629742272,7557020,64,0,6237,40.41106033325195,-79.91356658935547
1629742265,11933020,83,0,6252,40.44292068481445,-79.95943450927734
1629742262,10019020,81,0,6251,40.42856216430664,-79.97742462158203
1629742247,10584020,53L,0,6133,40.34889602661133,-79.92716979980469
1629742246,2593020,15,0,6011,40.44386672973633,-79.99441528320312
1629742266,6200020,17,0,6014,40.48719787597656,-80.03853607177734
1629742273,12121020,59,0,6135,40.41209030151367,-79.87650299072266
1629742270,2095020,17,0,6013,40.44340515136719,-79.9982681274414
1629742262,1244020,28X,0,6258,40.44281005859375,-79.95494079589844
1629742254,4723020,75,0,6137,40.48735427856445,-79.89405059814453
1629742250,14669020,39,0,6015,40.38947677612305,-80.00950622558594
1629742267,7885020,16,0,6007,40.44397735595703,-79.99852752685547
1629742265,651020,1,0,6006,40.60050964355469,-79.76033020019531
1629742272,13225020,55,0,6129,40.3315544128418,-79.93634033203125
1629742251,8953020,71B,0,6263,40.447044372558594,-79.94786071777344
1629742257,7159020,89,0,6262,40.46766662597656,-79.92816162109375
1629742264,8690020,71D,0,6144,40.437862396240234,-79.96393585205078
1629742235,6542020,82,0,6265,40.441131591796875,-79.98607635498047
1629742244,14200020,G2,0,6023,40.4344596862793,-80.06752014160156
1629742248,3625020,71A,0,6143,40.47891616821289,-79.9190902709961
1629742244,12301020,82,0,6146,40.46088790893555,-79.91529846191406
1629742268,4221020,P68,0,6267,40.39787673950195,-79.84115600585938
1629742244,6114020,67,0,6266,40.42995071411133,-79.81070709228516
1629742257,3398020,71B,0,6269,40.464759826660156,-79.92335510253906
1629742250,9440020,77,0,6268,40.45858383178711,-79.95701599121094
1629742249,11281020,P78,0,6147,40.44457244873047,-79.99116516113281
1629742264,9581020,77,0,6260,40.45827865600586,-79.95639038085938
1629742268,1756020,71,0,6139,40.43566131591797,-79.89351654052734
1629742270,286020,48,0,6017,40.417640686035156,-79.98326110839844
1629742256,8694020,88,0,6259,40.448917388916016,-79.98578643798828
1629742264,6520020,71C,0,6153,40.43775177001953,-79.98666381835938
1629742272,7685020,75,0,6274,40.45490646362305,-79.93222045898438
1629742240,5391020,93,0,6032,40.48290252685547,-79.94801330566406
1629742253,10079020,64,0,6033,40.411277770996094,-79.90576934814453
1629742257,3197020,71B,0,6157,40.44685745239258,-79.94966888427734
1629742262,14475020,77,0,6156,40.47637176513672,-79.77928924560547
1629742273,14369020,71A,0,6270,40.43864440917969,-79.98725891113281
1629742268,12571020,P78,0,6272,40.54038619995117,-79.83112335205078
1629742270,1345020,75,0,6271,40.480323791503906,-79.92942810058594
1629742268,5616020,51,0,6029,40.42147445678711,-79.98261260986328
1629742269,412020,51,0,6042,40.42881774902344,-79.98350524902344
1629742270,10392020,59,0,6044,40.396202087402344,-79.83792114257812
1629742270,14274020,28X,0,6046,40.43965530395508,-79.96136474609375
1629742268,8933020,71A,0,6048,40.440120697021484,-79.99884033203125
1629742249,10534020,61C,0,6041,40.39329147338867,-79.87049102783203
1629742243,3938020,91,0,1708,40.44285583496094,-79.9983139038086
1629742246,13144020,4,0,1703,40.44502639770508,-79.99942779541016
1629742247,2087020,67,0,6052,40.439483642578125,-79.99720001220703
1629742270,11629020,11,0,1711,40.44375228881836,-79.99242401123047
1629742258,166020,44,0,1715,40.42155075073242,-80.00370025634766
1629742273,8878020,40,0,1714,40.434513092041016,-80.01600646972656
1629742257,11170020,44,0,1720,40.4127082824707,-79.98904418945312
1629742272,11979020,43,0,1728,40.441261291503906,-79.99783325195312
1629742265,14653020,44,0,1726,40.44083786010742,-79.9981918334961
1629742257,1825020,54,0,5905,40.45219421386719,-80.00657653808594
1629742244,12566020,6,0,5908,40.442535400390625,-79.99976348876953
1629742239,12677020,13,0,5909,40.454002380371094,-80.01414489746094
1629742249,7909020,54,0,5903,40.45203399658203,-79.9515609741211
1629742262,13559020,29,0,5913,40.44330978393555,-80.02857971191406
1629742263,14493020,59,0,5926,40.38385009765625,-79.87683868408203
1629742260,7474020,Y49,0,5927,40.415802001953125,-80.0116958618164
1629742265,4964020,2,0,5807,40.56679916381836,-80.0042495727539
1629742269,8795020,16,0,5809,40.49392318725586,-80.05215454101562
1629742268,9918020,61D,0,5923,40.415287017822266,-79.92471313476562
1629742266,2394020,54,0,5803,40.46311950683594,-79.95524597167969
1629742267,7589020,61C,0,5925,40.43843078613281,-79.9630126953125
1629743083,12125020,61A,0,5819,40.43803024291992,-79.9183349609375
1629743081,9965020,81,0,5932,40.428470611572266,-79.97383117675781
1629743100,12025020,51,0,5815,40.37739562988281,-79.97541809082031
1629743076,-1962801521,71C,1,5945,40.44044494628906,-79.99620056152344
1629743090,390020,6,0,5705,40.46261978149414,-79.990966796875
1629743097,1670020,P1,0,3417,40.45579528808594,-79.9060287475586
1629743098,4261020,71C,0,3416,40.454315185546875,-79.94390869140625
1629743094,-1358729635,28X,1,3414,40.457759857177734,-79.91228485107422
1629743081,5290020,71C,0,3412,40.453453063964844,-79.9468002319336
1629743093,11324020,79,0,5715,40.44468307495117,-79.87562561035156
1629743096,10772020,P1,0,3419,40.414852142333984,-79.87886810302734
1629743099,6653020,86,0,3418,40.4597282409668,-79.92771911621094
1629743079,11354020,G2,0,3304,40.405521392822266,-80.0907974243164
1629743061,12959020,71D,0,3424,40.443946838378906,-79.95540618896484
1629743074,12386020,G2,0,3303,40.441490173339844,-80.02095794677734
1629743094,5803020,G2,0,3302,40.441532135009766,-80.00320434570312
1629743083,11643020,71D,0,3421,40.43800354003906,-79.99288940429688
1629743092,4535020,16,0,5603,40.48748016357422,-80.04523468017578
1629743083,11073020,P3,0,3308,40.44602584838867,-79.95256805419922
1629743092,6496020,P1,0,3321,40.441261291503906,-79.99549865722656
1629743091,8516020,61C,0,3314,40.43795394897461,-79.99160766601562
1629743086,7990020,61D,0,3311,40.440269470214844,-79.9960708618164
1629743092,13029020,P1,0,3332,40.447566986083984,-79.98674774169922
1629743088,5530020,71B,0,3330,40.47891616821289,-79.9190902709961
1629743089,14650020,P78,0,3329,40.450687408447266,-79.98130798339844
1629743096,9515020,61D,0,3207,40.446434020996094,-79.95198059082031
1629743094,1853020,61D,0,3202,40.408138275146484,-79.91813659667969
1629743099,9834020,17,0,5627,40.495670318603516,-80.0209732055664
1629743080,14074020,21,0,6610,40.46415328979492,-80.05754089355469
1629743100,5849020,86,0,3340,40.44968032836914,-79.98455810546875
1629743093,6366020,29,0,6609,40.44906234741211,-80.16289520263672
1629743100,14610020,8,0,6608,40.47605514526367,-80.0123062133789
1629743089,12504020,71C,0,3336,40.44569778442383,-79.89141082763672
1629743076,7326020,14,0,6603,40.5914306640625,-80.22745513916016
1629743093,11561020,24,0,5636,40.46598815917969,-80.13643646240234
1629743090,9365020,2,0,6604,40.50170135498047,-79.94515228271484
1629743075,4929020,18,0,6606,40.44765853881836,-80.02002716064453
1629743091,14277020,Y46,0,6621,40.3496208190918,-79.97604370117188
1629743086,9461020,36,0,6612,40.33993148803711,-80.05415344238281
1629743076,1857020,24,0,6615,40.4572639465332,-80.04426574707031
1629743077,9493020,51,0,6617,40.428672790527344,-79.98899841308594
1629743099,8244020,51,0,5660,40.42864227294922,-79.99452209472656
1629743076,2950020,14,0,6510,40.540077209472656,-80.18021392822266
1629743059,11705020,61C,0,6631,40.409236907958984,-79.89864349365234
1629743096,11256020,61A,0,3244,40.438655853271484,-79.99468231201172
1629743095,8730020,71D,0,3240,40.45650863647461,-79.90584564208984
1629743070,8140020,12,0,6509,40.44599151611328,-79.9994125366211
1629743100,312020,55,0,6622,40.32829284667969,-79.89250946044922
1629743090,4169020,Y46,0,5655,40.39956283569336,-80.00131225585938
1629743083,4418020,14,0,6503,40.55727005004883,-80.19825744628906
1629743089,10548020,8,0,6506,40.45153045654297,-80.00103759765625
1629743087,2046020,93,0,6627,40.43586349487305,-79.958251953125
1629743066,8498020,54,0,6505,40.42155075073242,-79.99781799316406
1629743091,7160020,93,0,6626,40.458290100097656,-79.95626068115234
1629743089,9651020,13,0,6508,40.492618560791016,-80.04960632324219
1629743090,2788020,1,0,6507,40.44615936279297,-79.98866271972656
1629743063,7163020,61B,0,6628,40.44233322143555,-80.00027465820312
1629743079,4259020,82,0,6641,40.46043014526367,-79.9133071899414
1629743100,10281020,69,0,6643,40.401859283447266,-79.77739715576172
1629743094,10112020,26,0,6521,40.44742965698242,-80.06871795654297
1629743076,5727020,P68,0,6642,40.43715286254883,-79.77540588378906
1629743091,13096020,61D,0,3255,40.41150665283203,-79.90819549560547
1629743082,2189020,61C,0,3250,40.44417190551758,-79.94976043701172
1629743092,14695020,22,0,6513,40.47135543823242,-80.05522155761719
1629743073,638020,59,0,6633,40.410457611083984,-79.91141510009766
1629743095,11319020,69,0,6636,40.44130325317383,-79.88048553466797
1629743098,8612020,38,0,6514,40.44309997558594,-80.02946472167969
1629743083,13262020,61A,0,6635,40.441646575927734,-79.88429260253906
1629743098,5692020,36,0,6517,40.378143310546875,-80.054931640625
1629743088,5966020,41,0,6516,40.36417770385742,-80.08686065673828
1629743098,13968020,67,0,6637,40.43834686279297,-79.7728042602539
1629743093,10749020,38,0,6519,40.368690490722656,-80.10236358642578
1629743096,8309020,51,0,6530,40.39744567871094,-79.98812103271484
1629743057,7271020,54,0,6412,40.428565979003906,-79.97752380371094
1629743088,9676020,77,0,6654,40.45961380004883,-79.91138458251953
1629743094,7343020,1,0,6411,40.443443298339844,-79.99606323242188
1629743099,8216020,P1,0,3258,40.45954895019531,-79.92227172851562
1629743074,5766020,91,0,6403,40.500450134277344,-79.86096954345703
1629743082,3110020,91,0,6402,40.46907043457031,-79.96183013916016
1629743094,11649020,58,0,6647,40.434574127197266,-79.95458221435547
1629743097,11249020,61C,0,6526,40.422420501708984,-79.92884063720703
1629743038,13449020,28X,0,6646,40.453285217285156,-80.16649627685547
1629743095,422020,59,0,6525,40.382320404052734,-79.86865997314453
1629743090,2747020,16,0,6407,40.44989013671875,-80.00104522705078
1629743070,8910020,61D,0,6528,40.43730926513672,-79.96284484863281
1629743092,10185020,87,0,6649,40.46216583251953,-79.9409408569336
1629743090,323020,64,0,6527,40.44995880126953,-79.92972564697266
1629743097,10751020,81,0,6529,40.4445686340332,-79.9849624633789
1629743096,8151020,67,0,6542,40.4444694519043,-79.94802856445312
1629743096,1366020,59,0,6541,40.356040954589844,-79.8994140625
1629743098,3177020,1,0,6302,40.4940299987793,-79.86070251464844
1629743087,391020,31,0,6423,40.365821838378906,-80.10762023925781
1629743087,3213020,74,0,6543,40.4647102355957,-79.8900375366211
1629743090,7915020,8,0,6414,40.494075775146484,-80.02162170410156
1629743078,13347020,53L,0,6537,40.43513488769531,-79.9682388305664
1629743084,13150020,20,0,6415,40.44041442871094,-80.00448608398438
1629743075,11758020,39,0,6417,40.44605255126953,-79.98917388916016
1629743099,5951020,60,0,6538,40.32774353027344,-79.84048461914062
1629743061,10449020,1,0,6311,40.56489944458008,-79.7662124633789
1629743097,11205020,82,0,6553,40.44184494018555,-79.99415588378906
1629743090,4773020,15,0,6313,40.443336486816406,-79.99647521972656
1629743076,4307020,58,0,6555,40.435298919677734,-79.94575500488281
1629743050,12790020,61A,0,6434,40.413719177246094,-79.8534164428711
1629743094,2576020,61B,0,6433,40.44390869140625,-79.95073699951172
1629743090,5258020,71A,0,6554,40.43785095214844,-79.96398162841797
1629743080,862020,1,0,6304,40.60042953491211,-79.75682830810547
1629743079,9514020,27,0,6425,40.44165802001953,-80.02145385742188
1629743091,12792020,12,0,6306,40.58517837524414,-80.03443145751953
1629743073,5499020,56,0,6429,40.38423156738281,-79.93180847167969
1629743051,3643020,14,0,6307,40.45045471191406,-80.02351379394531
1629743089,5527020,59,0,6428,40.40738296508789,-79.91425323486328
1629743051,13077020,64,0,6549,40.46157455444336,-79.94459533691406
1629743090,10140020,31,0,6320,40.38716125488281,-80.09410095214844
1629743098,6558020,51,0,6443,40.42880630493164,-79.9814224243164
1629743092,3649020,38,0,6321,40.395469665527344,-80.06639862060547
1629743099,8412020,61B,0,6442,40.40238952636719,-79.86827850341797
1629743077,143020,16,0,6202,40.50374984741211,-80.07495880126953
1629743096,835020,39,0,6323,40.42833709716797,-80.00493621826172
1629743097,11728020,17,0,6315,40.5011100769043,-80.02233123779297
1629743080,346020,59,0,6436,40.34994888305664,-79.87873840332031
1629743076,3101020,71B,0,6557,40.437889099121094,-79.98995971679688
1629743097,4651020,13,0,6314,40.49871826171875,-80.05012512207031
1629743074,2013020,27,0,6317,40.44144821166992,-80.06874084472656
1629743045,7214020,54,0,6316,40.446022033691406,-79.95256805419922
1629743096,13517020,82,0,6558,40.458866119384766,-79.91633605957031
1629743070,9088020,41,0,6319,40.42134094238281,-80.00662231445312
1629743082,14328020,38,0,6318,40.36697769165039,-80.10969543457031
1629743080,9040020,31,0,6331,40.445945739746094,-79.9892578125
1629743078,699020,67,0,6452,40.4376106262207,-79.76122283935547
1629743082,7712020,55,0,6333,40.388179779052734,-79.8236083984375
1629743100,545020,75,0,6453,40.45038604736328,-79.9450912475586
1629743079,14064020,12,0,6214,40.54039001464844,-80.0121078491211
1629743089,7003020,71B,0,6456,40.44083023071289,-80.0006332397461
1629743093,1175020,2,0,6213,40.5272102355957,-80.00753021240234
1629743096,8355020,28X,0,6455,40.43621063232422,-79.99512481689453
1629743087,8172020,61A,0,6334,40.41197204589844,-79.86994934082031
1629743099,8534020,26,0,6326,40.45851135253906,-80.06352233886719
1629743078,6868020,61B,0,6447,40.41377258300781,-79.85322570800781
1629743097,-2055210794,91,1,6205,40.49459457397461,-79.93391418457031
1629743083,12002020,64,0,6449,40.41062545776367,-79.9110107421875
1629743089,796020,Y47,0,6448,40.342735290527344,-79.94444274902344
1629743092,48020,61B,0,6340,40.425254821777344,-79.89154815673828
1629743080,14524020,61A,0,6342,40.43730163574219,-79.96286010742188
1629743096,309020,71C,0,6463,40.460235595703125,-79.93266296386719
1629743073,4503020,56,0,6341,40.43095779418945,-79.95895385742188
1629743096,10209020,87,0,6462,40.454689025878906,-79.9772720336914
1629743081,3033020,16,0,6102,40.473785400390625,-80.02888488769531
1629743088,11838020,1,0,6104,40.490509033203125,-79.90706634521484
1629743095,10933020,12,0,6216,40.572025299072266,-80.0161361694336
1629743084,6692020,12,0,6215,40.53691864013672,-80.01113891601562
1629743072,1046020,51,0,6336,40.34415054321289,-79.94735717773438
1629743089,2980020,74,0,6457,40.43843078613281,-79.9229736328125
1629743045,7813020,56,0,6339,40.346561431884766,-79.82968139648438
1629743100,7705020,77,0,6459,40.47086715698242,-79.82120513916016
1629743052,5502020,P3,0,6351,40.45050811767578,-79.94883728027344
1629743091,12210020,41,0,6231,40.39863967895508,-80.0257568359375
1629743082,5303020,61B,0,6112,40.43961715698242,-79.89844512939453
1629743090,2274020,61A,0,6115,40.43843460083008,-79.98229217529297
1629743093,9307020,55,0,6235,40.34608459472656,-79.86988830566406
1629743098,10645020,91,0,6106,40.494468688964844,-79.88941955566406
1629743065,4227020,21,0,6228,40.46586227416992,-80.06088256835938
1629743082,14330020,48,0,6107,40.43184280395508,-80.0034408569336
1629743098,4218020,71A,0,6362,40.457664489746094,-79.9341812133789
1629743090,3238020,Y46,0,6241,40.335243225097656,-79.94700622558594
1629743098,10089020,54,0,6001,40.40879821777344,-79.99153900146484
1629743072,11906020,61A,0,6122,40.415409088134766,-79.87676239013672
1629743097,2192020,77,0,6364,40.485347747802734,-79.81752014160156
1629743093,8975020,Y47,0,6243,40.424293518066406,-80.00579071044922
1629743096,1901020,Y49,0,6242,40.34727478027344,-79.95047760009766
1629743072,14233020,71C,0,6366,40.43845748901367,-79.98278045654297
1629743097,5609020,83,0,6124,40.451637268066406,-79.95787048339844
1629743098,7053020,53L,0,6126,40.36037826538086,-79.90769958496094
1629743092,1382020,P3,0,6247,40.414756774902344,-79.87882995605469
1629743089,12834020,93,0,6125,40.41978454589844,-79.92828369140625
1629743071,6256020,57,0,6117,40.43967819213867,-80.00210571289062
1629743080,10880020,61B,0,6238,40.43796920776367,-79.9919662475586
1629743079,10687020,71D,0,6359,40.447120666503906,-79.94717407226562
1629743082,7557020,64,0,6237,40.43638610839844,-79.92288208007812
1629743078,11403020,57,0,6239,40.41111373901367,-79.90643310546875
1629743091,11933020,83,0,6252,40.453407287597656,-79.95816040039062
1629743079,10019020,81,0,6251,40.443851470947266,-79.95095825195312
1629743091,10584020,53L,0,6133,40.34861755371094,-79.9420166015625
1629743084,6200020,17,0,6014,40.45453643798828,-80.0264892578125
1629743086,12121020,59,0,6135,40.40420150756836,-79.86870574951172
1629743091,14353020,17,0,6013,40.454627990722656,-80.00212860107422
1629743085,4665020,55,0,6134,40.35271072387695,-79.94017028808594
1629743091,1244020,28X,0,6258,40.456687927246094,-79.91143035888672
1629743086,11026020,39,0,6015,40.4071159362793,-80.01505279541016
1629743100,2866020,83,0,6250,40.42847442626953,-79.97569274902344
1629743093,13691020,16,0,6007,40.455467224121094,-80.00666046142578
1629743090,651020,1,0,6006,40.56047821044922,-79.7728271484375
1629743091,9317020,56,0,6248,40.347503662109375,-79.83243560791016
1629743091,13225020,55,0,6129,40.34445571899414,-79.94010162353516
1629743085,8953020,71B,0,6263,40.46199417114258,-79.9245834350586
1629743076,8690020,71D,0,6144,40.44224548339844,-80.0005874633789
1629743080,6542020,82,0,6265,40.45485305786133,-79.94208526611328
1629743070,3625020,71A,0,6143,40.45652770996094,-79.93650817871094
1629743094,12301020,82,0,6146,40.456085205078125,-79.93817901611328
1629743077,4221020,P68,0,6267,40.423561096191406,-79.79393005371094
1629743099,6114020,67,0,6266,40.44218826293945,-79.87738800048828
1629743082,3398020,71B,0,6269,40.447227478027344,-79.94499206542969
1629743095,9440020,77,0,6268,40.4400520324707,-79.99842071533203
1629743087,9581020,77,0,6260,40.46039581298828,-79.92191314697266
1629743079,286020,48,0,6017,40.42791748046875,-79.97012329101562
1629743097,8694020,88,0,6259,40.464542388916016,-79.93920135498047
1629743097,6520020,71C,0,6153,40.44303894042969,-79.95661163330078
1629743094,7685020,75,0,6274,40.4379997253418,-79.96358489990234
1629743076,8197020,93,0,6032,40.482994079589844,-79.94793701171875
1629743092,11222020,79,0,7002,40.441749572753906,-79.88179016113281
1629743095,435020,64,0,6033,40.410560607910156,-79.91123962402344
1629743094,3197020,71B,0,6157,40.438385009765625,-79.98118591308594
1629743070,6503020,Y46,0,6036,40.28898239135742,-79.8909912109375
1629743085,14475020,77,0,6156,40.45310592651367,-79.75020599365234
1629743087,9995020,71A,0,6270,40.440120697021484,-79.99884033203125
1629743062,7066020,P78,0,6272,40.53044509887695,-79.8493423461914
1629743099,1345020,75,0,6271,40.4571647644043,-79.92926025390625
1629743088,5616020,51,0,6029,40.38326644897461,-79.97706604003906
1629743078,412020,51,0,6042,40.44038009643555,-80.0005874633789
1629743099,10392020,59,0,6044,40.402931213378906,-79.86808776855469
1629743078,14274020,28X,0,6046,40.442909240722656,-79.99809265136719
1629743085,8933020,71A,0,6048,40.43791961669922,-79.99076080322266
1629743084,10534020,61C,0,6041,40.421852111816406,-79.92881774902344
1629743099,3938020,91,0,1708,40.471397399902344,-79.95984649658203
1629743088,13144020,4,0,1703,40.4666748046875,-79.98054504394531
1629743099,12294020,67,0,6052,40.43647003173828,-79.9623031616211
1629743088,5221020,71,0,6051,40.44994354248047,-79.89170837402344
1629743093,11629020,11,0,1711,40.455562591552734,-80.00666046142578
1629743088,8878020,40,0,1714,40.42405700683594,-80.0058364868164
1629743099,11170020,44,0,1720,40.39072799682617,-79.97636413574219
1629743091,11979020,43,0,1728,40.42226791381836,-79.99742126464844
1629743099,14653020,44,0,1726,40.42044448852539,-79.99736022949219
1629743093,1825020,54,0,5905,40.450767517089844,-79.98292541503906
1629743087,12566020,6,0,5908,40.462440490722656,-79.99089050292969
1629743087,2235020,13,0,5909,40.44180679321289,-80.00244140625
1629743084,10014020,8,0,5902,40.51774978637695,-80.0298080444336
1629743093,7909020,54,0,5903,40.437217712402344,-79.97117614746094
1629743070,6199020,21,0,5912,40.52406311035156,-80.17900085449219
1629743083,8360020,29,0,5913,40.44375991821289,-79.994873046875
1629743092,14493020,59,0,5926,40.38252639770508,-79.85697937011719
1629743078,7474020,Y49,0,5927,40.44074249267578,-80.00042724609375
1629743097,4964020,2,0,5807,40.50605773925781,-79.95049285888672
1629743088,9918020,61D,0,5923,40.43788528442383,-79.9300765991211
1629743092,2394020,54,0,5803,40.45204544067383,-79.95153045654297
1629743085,7589020,61C,0,5925,40.44233703613281,-80.00025939941406
1629743862,11235020,75,0,5938,40.49016571044922,-79.86997985839844
1629743865,12125020,61A,0,5819,40.445884704589844,-79.95162963867188
1629743821,9965020,81,0,5932,40.43032455444336,-79.97650146484375
1629743864,12025020,51,0,5815,40.41394805908203,-79.98833465576172
1629743863,-1962801521,71C,1,5945,40.43789291381836,-79.98950958251953
1629743852,390020,6,0,5705,40.44384002685547,-79.9940414428711
1629743826,11138020,89,0,5717,40.45866012573242,-79.91914367675781
1629743845,1670020,P1,0,3417,40.44388198852539,-79.99449920654297
1629743864,4261020,71C,0,3416,40.44181823730469,-79.95845031738281
1629743858,14473020,71A,0,3415,40.45716094970703,-79.93438720703125
1629743801,-1358729635,28X,1,3414,40.457759857177734,-79.91228485107422
1629743849,5290020,71C,0,3412,40.439388275146484,-79.96172332763672
1629743863,11324020,79,0,5715,40.45001983642578,-79.89183044433594
1629743865,10772020,P1,0,3419,40.414756774902344,-79.87882995605469
1629743854,6653020,86,0,3418,40.46335220336914,-79.95414733886719
1629743843,11354020,G2,0,3304,40.4442138671875,-80.0658950805664
1629743852,12959020,71D,0,3424,40.4538688659668,-79.91358184814453
1629743860,12386020,G2,0,3303,40.42380905151367,-80.07836151123047
1629743851,10188020,G2,0,3302,40.43988037109375,-80.009521484375
1629743859,5224020,P1,0,3423,40.457698822021484,-79.91202545166016
1629743861,11643020,71D,0,3421,40.43804168701172,-79.97512817382812
1629743803,11073020,P3,0,3308,40.45306396484375,-79.8994140625
1629743837,6496020,P1,0,3321,40.45714569091797,-79.91071319580078
1629743844,3322020,61D,0,3318,40.411415100097656,-79.91307830810547
1629743848,8516020,61C,0,3314,40.43727111816406,-79.96289825439453
1629743834,7990020,61D,0,3311,40.43795394897461,-79.99160766601562
1629743849,3836020,P1,0,3332,40.46028137207031,-79.96133422851562
1629743839,13516020,P1,0,3331,40.45913314819336,-79.92416381835938
1629743853,5530020,71B,0,3330,40.450748443603516,-79.92691802978516
1629743865,14650020,P78,0,3329,40.44223403930664,-79.88325500488281
1629743858,9515020,61D,0,3207,40.438880920410156,-79.99263763427734
1629743841,1853020,61D,0,3202,40.42859649658203,-79.9244155883789
1629743863,14074020,21,0,6610,40.5086784362793,-80.11665344238281
1629743847,5849020,86,0,3340,40.45846939086914,-79.9430923461914
1629743854,6366020,29,0,6609,40.448516845703125,-80.10536193847656
1629743846,14610020,8,0,6608,40.45600128173828,-80.00346374511719
1629743852,12504020,71C,0,3336,40.46019744873047,-79.92131042480469
1629743837,1405020,71B,0,3335,40.47891616821289,-79.9190902709961
1629743854,3020,14,0,6603,40.58946228027344,-80.22933197021484
1629743864,9326020,91,0,6602,40.44845962524414,-79.98651123046875
1629743850,11561020,24,0,5636,40.475643157958984,-80.08560943603516
1629743859,9365020,2,0,6604,40.55819320678711,-79.98493194580078
1629743833,4929020,18,0,6606,40.454044342041016,-80.02631378173828
1629743864,14277020,Y46,0,6621,40.38532257080078,-79.99584197998047
1629743861,4358020,36,0,6612,40.3403205871582,-80.05298614501953
1629743844,12731020,29,0,6613,40.422115325927734,-80.1916275024414
1629743859,5218020,24,0,6615,40.439579010009766,-80.01016998291016
1629743858,9493020,51,0,6617,40.39554977416992,-79.98705291748047
1629743847,8244020,51,0,5660,40.44208908081055,-79.99947357177734
1629743864,2950020,14,0,6510,40.49594497680664,-80.06730651855469
1629743855,11256020,61A,0,3244,40.43777084350586,-79.98716735839844
1629743864,8730020,71D,0,3240,40.447818756103516,-79.93704223632812
1629743863,12945020,12,0,6509,40.45330810546875,-80.00167846679688
1629743832,312020,55,0,6622,40.353187561035156,-79.84607696533203
1629743844,10234020,Y46,0,5655,40.43818283081055,-80.00209045410156
1629743860,4418020,14,0,6503,40.59208297729492,-80.22785949707031
1629743838,10548020,8,0,6506,40.481201171875,-80.01347351074219
1629743861,2046020,93,0,6627,40.41986083984375,-79.93195343017578
1629743859,8498020,54,0,6505,40.42873764038086,-79.98028564453125
1629743863,7160020,93,0,6626,40.48158645629883,-79.95347595214844
1629743858,9651020,13,0,6508,40.458927154541016,-80.02068328857422
1629743842,2788020,1,0,6507,40.45391082763672,-79.99788665771484
1629743835,8445020,61B,0,6628,40.43830871582031,-79.99447631835938
1629743840,4259020,82,0,6641,40.45601272583008,-79.93821716308594
1629743860,10281020,69,0,6643,40.39797592163086,-79.8121337890625
1629743836,10112020,26,0,6521,40.44109344482422,-80.0687255859375
1629743855,5727020,P68,0,6642,40.42159652709961,-79.79817962646484
1629743859,2189020,61C,0,3250,40.43856430053711,-79.98489379882812
1629743859,14695020,22,0,6513,40.442317962646484,-80.00411224365234
1629743835,10039020,51,0,6634,40.38189697265625,-79.97647094726562
1629743810,638020,59,0,6633,40.40879821777344,-79.89250183105469
1629743840,11319020,69,0,6636,40.4055290222168,-79.8392562866211
1629743851,10995020,38,0,6514,40.4205207824707,-80.03739929199219
1629743850,13262020,61A,0,6635,40.438045501708984,-79.92764282226562
1629743846,5692020,36,0,6517,40.43034362792969,-80.02710723876953
1629743853,5966020,41,0,6516,40.38201141357422,-80.05793762207031
1629743838,13968020,67,0,6637,40.45307922363281,-79.75025177001953
1629743855,10749020,38,0,6519,40.385345458984375,-80.07141876220703
1629743835,5338020,74,0,6652,40.46160125732422,-79.9271011352539
1629743863,8309020,51,0,6530,40.365264892578125,-79.98270416259766
1629743847,7271020,54,0,6412,40.44303894042969,-79.95661163330078
1629743864,9676020,77,0,6654,40.462547302246094,-79.93124389648438
1629743836,8216020,P1,0,3258,40.41513442993164,-79.87958526611328
1629743849,1090020,61C,0,3257,40.39329147338867,-79.87049102783203
1629743851,5766020,91,0,6403,40.49162673950195,-79.8659896850586
1629743842,3110020,91,0,6402,40.44366455078125,-79.99864196777344
1629743844,11649020,58,0,6647,40.447174072265625,-79.94572448730469
1629743858,11249020,61C,0,6526,40.40049362182617,-79.87979888916016
1629743843,13449020,28X,0,6646,40.42256546020508,-80.0801010131836
1629743862,422020,59,0,6525,40.39413070678711,-79.87915802001953
1629743854,10225020,16,0,6407,40.444549560546875,-80.00102996826172
1629743856,8910020,61D,0,6528,40.442623138427734,-79.93756103515625
1629743865,10185020,87,0,6649,40.4780158996582,-79.95516967773438
1629743862,323020,64,0,6527,40.43523406982422,-79.92284393310547
1629743865,10751020,81,0,6529,40.44062042236328,-79.96420288085938
1629743858,8151020,67,0,6542,40.43769836425781,-79.97270965576172
1629743860,1366020,59,0,6541,40.356754302978516,-79.84362030029297
1629743859,3177020,1,0,6302,40.54096984863281,-79.79580688476562
1629743825,7143020,16,0,6301,40.503379821777344,-80.07330322265625
1629743861,3213020,74,0,6543,40.448768615722656,-79.91014862060547
1629743861,7915020,8,0,6414,40.51729965209961,-80.03642272949219
1629743857,13347020,53L,0,6537,40.41566467285156,-79.92516326904297
1629743847,12268020,20,0,6415,40.46384048461914,-80.05528259277344
1629743856,459020,39,0,6417,40.445735931396484,-79.98954010009766
1629743865,9846020,60,0,6538,40.32600402832031,-79.83950805664062
1629743863,10449020,1,0,6311,40.60285568237305,-79.75340270996094
1629743856,11205020,82,0,6553,40.44884490966797,-79.9649658203125
1629743845,4773020,15,0,6313,40.45584487915039,-80.00252532958984
1629743853,4307020,58,0,6555,40.42564010620117,-79.94941711425781
1629743861,4217020,61B,0,6434,40.41461181640625,-79.85345458984375
1629743853,2576020,61B,0,6433,40.43864059448242,-79.98719787597656
1629743843,13012020,71A,0,6554,40.440792083740234,-80.00065612792969
1629743816,862020,1,0,6304,40.60042953491211,-79.75682830810547
1629743853,9514020,27,0,6425,40.45165252685547,-80.06708526611328
1629743864,5499020,56,0,6429,40.413848876953125,-79.94561004638672
1629743835,3643020,14,0,6307,40.50047302246094,-80.07352447509766
1629743851,5527020,59,0,6428,40.397857666015625,-79.88381958007812
1629743842,10140020,31,0,6320,40.42742156982422,-80.05458068847656
1629743847,6558020,51,0,6443,40.44058609008789,-80.00047302246094
1629743836,3649020,38,0,6321,40.382537841796875,-80.04344940185547
1629743839,8412020,61B,0,6442,40.42182159423828,-79.89034271240234
1629743865,143020,16,0,6202,40.4874153137207,-80.03974914550781
1629743855,835020,39,0,6323,40.39015197753906,-80.01509094238281
1629743841,11728020,17,0,6315,40.50096893310547,-80.04023742675781
1629743859,346020,59,0,6436,40.35002136230469,-79.92963409423828
1629743849,3101020,71B,0,6557,40.44213104248047,-79.95787048339844
1629743839,4651020,13,0,6314,40.51626968383789,-80.0385513305664
1629743862,2013020,27,0,6317,40.44715881347656,-80.07689666748047
1629743866,7214020,54,0,6316,40.46427536010742,-79.95333099365234
1629743865,5958020,79,0,6558,40.47003936767578,-79.86913299560547
1629743862,9088020,41,0,6319,40.38698196411133,-80.04369354248047
1629743854,874020,75,0,6450,40.487857818603516,-79.92009735107422
1629743860,9040020,31,0,6331,40.441654205322266,-80.02144622802734
1629743861,699020,67,0,6452,40.43291473388672,-79.79946899414062
1629743841,3652020,59,0,6333,40.39860916137695,-79.83676147460938
1629743864,545020,75,0,6453,40.465091705322266,-79.91960144042969
1629743861,14064020,12,0,6214,40.549991607666016,-80.01756286621094
1629743316,2700020,71B,0,6456,40.440208435058594,-79.994384765625
1629743832,1175020,2,0,6213,40.543514251708984,-80.01080322265625
1629743840,8355020,28X,0,6455,40.44464111328125,-79.94376373291016
1629743850,8172020,61A,0,6334,40.44176483154297,-79.8871841430664
1629743833,11376020,26,0,6326,40.4423713684082,-80.0041732788086
1629743829,13998020,61A,0,6447,40.403533935546875,-79.86260223388672
1629743858,-2055210794,91,1,6205,40.462738037109375,-79.96714782714844
1629743856,6570020,64,0,6449,40.41093826293945,-79.90693664550781
1629743866,13851020,20,0,6327,40.48421096801758,-80.10698699951172
1629743846,2009020,8,0,6206,40.517539978027344,-80.0368881225586
1629743851,796020,Y47,0,6448,40.33850860595703,-79.97917938232422
1629743841,48020,61B,0,6340,40.41472244262695,-79.85504150390625
1629743857,14524020,61A,0,6342,40.44266891479492,-79.93760681152344
1629743866,309020,71C,0,6463,40.44879913330078,-79.90015411376953
1629743854,4503020,56,0,6341,40.380619049072266,-79.92669677734375
1629743862,3033020,16,0,6102,40.45359420776367,-80.00184631347656
1629743854,11838020,1,0,6104,40.47758483886719,-79.96905517578125
1629743809,10933020,12,0,6216,40.549930572509766,-80.01521301269531
1629743837,6692020,12,0,6215,40.473976135253906,-80.00491333007812
1629743862,1046020,51,0,6336,40.35972595214844,-79.93366241455078
1629743864,2980020,74,0,6457,40.457794189453125,-79.8961410522461
1629743526,7813020,56,0,6339,40.346561431884766,-79.82968139648438
1629743856,7705020,77,0,6459,40.48418045043945,-79.7667007446289
1629743861,14285020,P3,0,6351,40.43903350830078,-79.96211242675781
1629743856,12210020,41,0,6231,40.42973709106445,-80.00472259521484
1629743827,5303020,61B,0,6112,40.4440803527832,-79.95008850097656
1629743858,3861020,P3,0,6233,40.414756774902344,-79.87882995605469
1629743860,3987020,61A,0,6115,40.440635681152344,-79.99503326416016
1629743854,9307020,55,0,6235,40.33078384399414,-79.89253234863281
1629743858,10645020,91,0,6106,40.48830795288086,-79.89917755126953
1629743851,4227020,21,0,6228,40.4403076171875,-80.00444030761719
1629743852,14330020,48,0,6107,40.42853546142578,-79.97693634033203
1629743844,3238020,Y46,0,6241,40.29377746582031,-79.90316009521484
1629743861,11778020,59,0,6240,40.336307525634766,-79.94570922851562
1629743865,2207020,71C,0,6361,40.4518928527832,-79.9092025756836
1629743836,10089020,54,0,6001,40.40879821777344,-79.99153900146484
1629743838,11906020,61A,0,6122,40.41471481323242,-79.85367584228516
1629743856,2192020,77,0,6364,40.46139907836914,-79.86227416992188
1629743852,4803020,Y47,0,6243,40.441593170166016,-79.99826049804688
1629743863,1901020,Y49,0,6242,40.35942840576172,-79.98057556152344
1629743862,14534020,71C,0,6366,40.440067291259766,-79.9950942993164
1629743840,5609020,83,0,6124,40.440860748291016,-79.96070098876953
1629743852,2380020,13,0,6002,40.51652908325195,-80.03739929199219
1629743853,7053020,53L,0,6126,40.403045654296875,-79.90824890136719
1629743858,3361020,88,0,6368,40.46168899536133,-79.92562103271484
1629743797,1382020,P3,0,6247,40.45881271362305,-79.92570495605469
1629743866,12834020,93,0,6125,40.43468475341797,-79.9549789428711
1629743853,389020,P68,0,6360,40.45674514770508,-79.93235778808594
1629743864,6256020,57,0,6117,40.410831451416016,-79.94667053222656
1629743839,10880020,61B,0,6238,40.437049865722656,-79.96316528320312
1629743844,10687020,71D,0,6359,40.438446044921875,-79.98253631591797
1629743862,7557020,64,0,6237,40.45030212402344,-79.92992401123047
1629743851,11403020,57,0,6239,40.407325744628906,-79.91397857666016
1629743842,1342020,61C,0,6118,40.41136169433594,-79.9193115234375
1629743860,11933020,83,0,6252,40.4405403137207,-79.99026489257812
1629743855,613020,51,0,6130,40.34513854980469,-79.9490737915039
1629743865,10019020,81,0,6251,40.44129180908203,-79.97000885009766
1629743861,6200020,17,0,6014,40.44914245605469,-80.0008544921875
1629743851,12121020,59,0,6135,40.407569885253906,-79.84150695800781
1629743849,14353020,17,0,6013,40.467369079589844,-80.02501678466797
1629743832,4665020,55,0,6134,40.344871520996094,-79.9388198852539
1629743846,13730020,86,0,6258,40.44451141357422,-79.88435363769531
1629743824,11026020,39,0,6015,40.43190383911133,-80.00334167480469
1629743837,2866020,83,0,6250,40.44380187988281,-79.95115661621094
1629743823,13691020,16,0,6007,40.481563568115234,-80.03364562988281
1629743865,651020,1,0,6006,40.53662109375,-79.84054565429688
1629743851,9317020,56,0,6248,40.34492111206055,-79.86943817138672
1629743845,7152020,82,0,6369,40.473148345947266,-79.88822174072266
1629743839,4765020,54,0,6008,40.45400619506836,-80.00191497802734
1629743855,13225020,55,0,6129,40.34865188598633,-79.94153594970703
1629743855,7663020,71D,0,6144,40.4379997253418,-79.9927978515625
1629743840,6542020,82,0,6265,40.45833206176758,-79.91866302490234
1629743851,3625020,71A,0,6143,40.44267272949219,-79.95722961425781
1629743856,12301020,82,0,6146,40.445220947265625,-79.9740219116211
1629743857,4221020,P68,0,6267,40.43671417236328,-79.77411651611328
1629743848,6114020,67,0,6266,40.44663619995117,-79.9129638671875
1629743865,3398020,71B,0,6269,40.43769073486328,-79.9726791381836
1629743839,12490020,77,0,6268,40.44178009033203,-79.99205780029297
1629743850,9581020,77,0,6260,40.4551887512207,-79.8798599243164
1629743861,286020,48,0,6017,40.4293212890625,-79.99677276611328
1629743847,8694020,88,0,6259,40.456058502197266,-79.91107177734375
1629743852,6520020,71C,0,6153,40.45502471923828,-79.94149780273438
1629743852,13441020,75,0,6274,40.428001403808594,-79.97051239013672
1629743861,8197020,93,0,6032,40.46552276611328,-79.95600128173828
1629743861,11222020,79,0,7002,40.45866012573242,-79.86537170410156
1629743863,435020,64,0,6033,40.41529846191406,-79.92472076416016
1629743853,8557020,71B,0,6157,40.440216064453125,-79.9990005493164
1629743845,6503020,Y46,0,6036,40.31488037109375,-79.93944549560547
1629743847,1312020,77,0,6156,40.46228790283203,-79.75970458984375
1629743846,9995020,71A,0,6270,40.43796920776367,-79.99211120605469
1629743860,7066020,P78,0,6272,40.47877883911133,-79.84085083007812
1629743860,1345020,75,0,6271,40.441802978515625,-79.9584732055664
1629743848,5616020,51,0,6029,40.38054275512695,-79.97628021240234
1629743864,9137020,51,0,6042,40.42948532104492,-79.99728393554688
1629743841,10392020,59,0,6044,40.41565704345703,-79.88361358642578
1629743849,14274020,28X,0,6046,40.450164794921875,-80.06098937988281
1629743863,8933020,71A,0,6048,40.440486907958984,-79.96011352539062
1629743815,10534020,61C,0,6041,40.44389343261719,-79.93878936767578
1629743865,3938020,91,0,1708,40.49443054199219,-79.92040252685547
1629743865,10876020,4,0,1705,40.47380828857422,-79.98416900634766
1629743837,13144020,4,0,1703,40.500125885009766,-80.02177429199219
1629743865,12294020,67,0,6052,40.44438934326172,-79.93766021728516
1629743834,5221020,71,0,6051,40.42605209350586,-79.88947296142578
1629743854,11629020,11,0,1711,40.4692268371582,-80.01455688476562
1629743861,8878020,40,0,1714,40.44349670410156,-79.99586486816406
1629743853,13470020,44,0,1720,40.385929107666016,-79.94187927246094
1629743838,11979020,43,0,1728,40.42135238647461,-80.00565338134766
1629743853,13570020,40,0,1727,40.44615936279297,-79.98866271972656
1629743859,14653020,44,0,1726,40.41182327270508,-79.9771728515625
1629743852,9469020,44,0,1724,40.443809509277344,-79.99488830566406
1629743857,1825020,54,0,5905,40.461395263671875,-79.94857025146484
1629743852,7022020,15,0,5908,40.48318862915039,-80.00382995605469
1629743865,2235020,13,0,5909,40.45437240600586,-80.01252746582031
1629743850,10014020,8,0,5902,40.48405075073242,-80.01338195800781
1629743848,7909020,54,0,5903,40.421630859375,-79.97943115234375
1629743855,8864020,48,0,5919,40.42183303833008,-79.99234771728516
1629743849,6751020,1,0,5910,40.446258544921875,-79.98894500732422
1629743859,6199020,21,0,5912,40.50804138183594,-80.11280822753906
1629743848,8360020,29,0,5913,40.44382858276367,-80.02757263183594
1629743845,14493020,59,0,5926,40.37176513671875,-79.84656524658203
1629743853,7570020,Y49,0,5927,40.4117317199707,-80.00850677490234
1629743861,4964020,2,0,5807,40.470672607421875,-79.97505187988281
1629743864,74020,61C,0,5921,40.352264404296875,-79.85555267333984
1629743865,9918020,61D,0,5923,40.44163513183594,-79.95868682861328
1629743837,2394020,54,0,5803,40.43645477294922,-79.96744537353516
1629743859,1541020,61C,0,5925,40.43804168701172,-79.99424743652344
1629744526,11235020,75,0,5938,40.487178802490234,-79.89411926269531
1629744527,12125020,61A,0,5819,40.43849182128906,-79.98352813720703
1629744532,8121020,81,0,5932,40.42844772338867,-79.97498321533203
1629744513,12025020,51,0,5815,40.4287109375,-79.98750305175781
1629744524,-1962801521,71C,1,5945,40.44221115112305,-79.95777893066406
1629744495,390020,6,0,5705,40.445960998535156,-79.9893798828125
1629744521,9760020,71D,0,3420,40.44527816772461,-79.88382720947266
1629744529,11138020,89,0,5717,40.467742919921875,-79.9350814819336
1629744434,2857020,P1,0,3417,40.45929718017578,-79.95490264892578
1629744513,4261020,71C,0,3416,40.43886184692383,-79.99198150634766
1629744504,14473020,71A,0,3415,40.44765090942383,-79.94938659667969
1629744507,-1358729635,28X,1,3414,40.457759857177734,-79.91228485107422
1629744526,5290020,71C,0,3412,40.44146728515625,-79.99779510498047
1629744518,6116020,79,0,5715,40.45002746582031,-79.89183044433594
1629744534,12149020,P1,0,3419,40.45732498168945,-79.91133117675781
1629744521,5350020,86,0,3418,40.44212341308594,-79.99942779541016
1629744510,11354020,G2,0,3304,40.441593170166016,-80.00298309326172
1629744532,12386020,G2,0,3303,40.405616760253906,-80.09069061279297
1629744504,10188020,G2,0,3302,40.444461822509766,-80.06592559814453
1629744513,5224020,P1,0,3423,40.45119857788086,-79.98025512695312
1629744510,11643020,71D,0,3421,40.446651458740234,-79.9516372680664
1629744518,11073020,P3,0,3308,40.414710998535156,-79.87869262695312
1629744498,6496020,P1,0,3321,40.41486740112305,-79.87882232666016
1629744514,3322020,61D,0,3318,40.41936111450195,-79.92707824707031
1629744527,8516020,61C,0,3314,40.43788146972656,-79.93316650390625
1629744513,7990020,61D,0,3311,40.43691635131836,-79.97187805175781
1629744513,3836020,P1,0,3332,40.447265625,-79.8890151977539
1629744531,7516020,P1,0,3331,40.44168472290039,-79.99761199951172
1629744510,5530020,71B,0,3330,40.44451904296875,-79.95467376708984
1629744510,14650020,P78,0,3329,40.45588302612305,-79.85782623291016
1629744505,10949020,61D,0,3207,40.44026565551758,-79.9989013671875
1629744522,1853020,61D,0,3202,40.44463348388672,-79.94393920898438
1629744533,14516020,71A,0,3323,40.457611083984375,-79.93418884277344
1629744527,14074020,21,0,6610,40.52344512939453,-80.17709350585938
1629744509,5849020,86,0,3340,40.46089172363281,-79.9233169555664
1629744517,6366020,29,0,6609,40.43613052368164,-80.06885528564453
1629744506,11608020,8,0,6608,40.44451904296875,-80.0008316040039
1629744513,12504020,71C,0,3336,40.45746612548828,-79.93424987792969
1629744533,1405020,71B,0,3335,40.45671844482422,-79.92521667480469
1629744446,3020,14,0,6603,40.559059143066406,-80.20065307617188
1629744527,9326020,91,0,6602,40.4756965637207,-79.95764923095703
1629744528,11561020,24,0,5636,40.46440124511719,-80.05779266357422
1629744520,9365020,2,0,6604,40.54690933227539,-80.02030181884766
1629744515,11077020,18,0,6606,40.454978942871094,-80.02127838134766
1629744495,14277020,Y46,0,6621,40.430973052978516,-80.00210571289062
1629744524,4358020,36,0,6612,40.3693962097168,-80.06062316894531
1629744513,12731020,29,0,6613,40.44901657104492,-80.1822738647461
1629744510,5218020,24,0,6615,40.46434020996094,-80.0577392578125
1629744515,9493020,51,0,6617,40.380767822265625,-79.976318359375
1629744529,12809020,51,0,5660,40.42868423461914,-79.98888397216797
1629744525,2950020,14,0,6510,40.4481086730957,-80.021484375
1629744529,11256020,61A,0,3244,40.44340896606445,-79.95265197753906
1629744504,8730020,71D,0,3240,40.439239501953125,-79.96192932128906
1629744527,12945020,12,0,6509,40.482330322265625,-80.00597381591797
1629744516,4893020,G2,0,3235,40.40553665161133,-80.0906982421875
1629744518,312020,55,0,6622,40.38481903076172,-79.82349395751953
1629744522,10234020,Y46,0,5655,40.437992095947266,-80.00006866455078
1629744480,4418020,14,0,6503,40.59141540527344,-80.22747039794922
1629744529,9941020,Y46,0,6624,40.28105926513672,-79.88349151611328
1629744525,10548020,8,0,6506,40.512062072753906,-80.02711486816406
1629744512,8498020,54,0,6505,40.43457794189453,-79.97318267822266
1629744451,1576020,93,0,6626,40.48337936401367,-79.94757843017578
1629744532,9651020,13,0,6508,40.44534683227539,-79.99915313720703
1629744531,2788020,1,0,6507,40.49538040161133,-79.93968200683594
1629744523,8445020,61B,0,6628,40.4378662109375,-79.9895248413086
1629744530,4259020,82,0,6641,40.44492721557617,-79.97752380371094
1629744516,10281020,69,0,6643,40.42466354370117,-79.8592758178711
1629744530,1991020,26,0,6521,40.4461555480957,-80.06779479980469
1629744532,5727020,P68,0,6642,40.400821685791016,-79.8352279663086
1629744522,2189020,61C,0,3250,40.44105911254883,-80.00119018554688
1629744527,14271020,22,0,6513,40.444271087646484,-80.0280990600586
1629744529,10039020,51,0,6634,40.41340637207031,-79.98872375488281
1629744515,638020,59,0,6633,40.42128372192383,-79.88616180419922
1629744529,11319020,69,0,6636,40.395538330078125,-79.80743408203125
1629744534,10995020,38,0,6514,40.403564453125,-80.057861328125
1629744509,13262020,61A,0,6635,40.439388275146484,-79.96172332763672
1629744529,13334020,36,0,6517,40.42005157470703,-80.02979278564453
1629744532,5966020,41,0,6516,40.39836883544922,-80.02613830566406
1629744526,13968020,67,0,6637,40.45318603515625,-79.75023651123047
1629744526,10749020,38,0,6519,40.4052848815918,-80.0545425415039
1629744528,5338020,74,0,6652,40.46575164794922,-79.91329956054688
1629744533,8309020,51,0,6530,40.3477897644043,-79.9510726928711
1629744532,7271020,54,0,6412,40.453914642333984,-79.94754791259766
1629744522,9676020,77,0,6654,40.45537185668945,-79.9671630859375
1629744528,9662020,61C,0,6532,40.35207748413086,-79.8585205078125
1629744518,7055020,P1,0,3258,40.4151496887207,-79.87957763671875
1629744490,1090020,61C,0,3257,40.40700912475586,-79.91358184814453
1629744516,5766020,91,0,6403,40.48720169067383,-79.89517211914062
1629744515,13049020,91,0,6402,40.44684600830078,-79.98921203613281
1629744505,11649020,58,0,6647,40.44464874267578,-79.94343566894531
1629744520,11249020,61C,0,6526,40.36382293701172,-79.84297180175781
1629744529,13449020,28X,0,6646,40.44167709350586,-80.0026626586914
1629744530,422020,59,0,6525,40.40720748901367,-79.91062927246094
1629744509,10225020,16,0,6407,40.45667266845703,-80.0155258178711
1629744522,8910020,61D,0,6528,40.426605224609375,-79.92725372314453
1629744519,10185020,87,0,6649,40.48297882080078,-79.94792938232422
1629744481,323020,64,0,6527,40.41419219970703,-79.92329406738281
1629744519,10751020,81,0,6529,40.42924880981445,-79.97354125976562
1629744521,8151020,67,0,6542,40.44120407104492,-80.00161743164062
1629744535,1366020,59,0,6541,40.362144470214844,-79.8569564819336
1629744519,3177020,1,0,6302,40.56290054321289,-79.7657241821289
1629744504,7143020,16,0,6301,40.487770080566406,-80.04444122314453
1629744512,3256020,21,0,6422,40.503578186035156,-80.2226333618164
1629744530,3213020,74,0,6543,40.44411849975586,-79.9383544921875
1629744505,7915020,8,0,6414,40.51729965209961,-80.03642272949219
1629744505,14281020,61A,0,6534,40.40238952636719,-79.86827850341797
1629744528,13347020,53L,0,6537,40.40932846069336,-79.91657257080078
1629744516,12268020,20,0,6415,40.471527099609375,-80.09146881103516
1629744529,459020,39,0,6417,40.4437370300293,-79.99502563476562
1629744509,9846020,60,0,6538,40.35187911987305,-79.86140441894531
1629744507,10449020,1,0,6311,40.600791931152344,-79.75695037841797
1629744534,11205020,82,0,6553,40.457027435302734,-79.93467712402344
1629744512,9209020,28X,0,6552,40.49723434448242,-80.2589340209961
1629744530,4773020,15,0,6313,40.4699821472168,-80.01382446289062
1629744509,4307020,58,0,6555,40.43766784667969,-79.99984741210938
1629744519,4217020,61B,0,6434,40.41606903076172,-79.88555145263672
1629744529,11405020,61B,0,6433,40.440330505371094,-79.99909210205078
1629744527,13012020,71A,0,6554,40.438541412353516,-79.99461364746094
1629744527,862020,1,0,6304,40.58184814453125,-79.77863311767578
1629744519,9514020,27,0,6425,40.44356918334961,-80.0665054321289
1629744517,14064020,12,0,6306,40.56355667114258,-80.02284240722656
1629744506,803020,31,0,6427,40.38228988647461,-80.0940170288086
1629744496,9002020,91,0,6305,40.49013900756836,-79.8699722290039
1629744520,5499020,56,0,6429,40.43560028076172,-79.99458312988281
1629744525,3643020,14,0,6307,40.53139114379883,-80.1686019897461
1629744525,5527020,59,0,6428,40.38331985473633,-79.86851501464844
1629744525,10140020,31,0,6320,40.43832015991211,-80.01245880126953
1629744511,11379020,61D,0,6441,40.41230392456055,-79.90824890136719
1629744475,8002020,51,0,6443,40.43120574951172,-80.00204467773438
1629744516,3649020,38,0,6321,40.382530212402344,-80.04344940185547
1629744523,8412020,61B,0,6442,40.438053131103516,-79.92304992675781
1629744504,999020,12,0,6203,40.58671951293945,-80.04110717773438
1629744518,143020,16,0,6202,40.45979690551758,-80.0173110961914
1629744534,2336020,39,0,6323,40.39236068725586,-80.00936126708984
1629744529,11728020,17,0,6315,40.47478103637695,-80.03189849853516
1629744517,346020,59,0,6436,40.338157653808594,-79.95124816894531
1629744508,3101020,71B,0,6557,40.44965362548828,-79.93022155761719
1629744529,2013020,27,0,6317,40.442832946777344,-80.05227661132812
1629744509,7214020,54,0,6316,40.454490661621094,-79.9778823852539
1629744532,5958020,79,0,6558,40.45280075073242,-79.8667221069336
1629744512,9088020,41,0,6319,40.373992919921875,-80.08484649658203
1629744528,874020,75,0,6450,40.465087890625,-79.92013549804688
1629744529,9040020,31,0,6331,40.432220458984375,-80.05233764648438
1629744512,699020,67,0,6452,40.44356918334961,-79.83922576904297
1629744526,3652020,59,0,6333,40.40185546875,-79.86663055419922
1629744526,545020,75,0,6453,40.48723602294922,-79.92057037353516
1629744247,2700020,71B,0,6456,40.43791198730469,-79.99058532714844
1629744511,1175020,2,0,6213,40.566471099853516,-80.0076675415039
1629744511,8172020,61A,0,6334,40.43804931640625,-79.9218978881836
1629744530,11376020,26,0,6326,40.44268035888672,-80.03260040283203
1629744533,13998020,61A,0,6447,40.43135070800781,-79.8844223022461
1629744524,-2055210794,91,1,6205,40.4434814453125,-79.99933624267578
1629744528,6570020,64,0,6449,40.4123649597168,-79.90827178955078
1629744535,13851020,20,0,6327,40.49333953857422,-80.1175537109375
1629744533,2009020,8,0,6206,40.51761245727539,-80.03152465820312
1629744533,796020,Y47,0,6448,40.38209915161133,-79.99510955810547
1629744517,48020,61B,0,6340,40.413753509521484,-79.85321044921875
1629744522,14524020,61A,0,6342,40.44123840332031,-79.89179992675781
1629744504,309020,71C,0,6463,40.44526290893555,-79.8873519897461
1629744522,4503020,56,0,6341,40.353641510009766,-79.89689636230469
1629744522,10599020,87,0,6462,40.46273422241211,-79.95785522460938
1629744508,11291020,16,0,6102,40.44401931762695,-80.00277709960938
1629744522,11838020,1,0,6104,40.44911575317383,-80.00084686279297
1629744510,8955020,61B,0,6346,40.40233612060547,-79.86834716796875
1629744529,10933020,12,0,6216,40.547664642333984,-80.01996612548828
1629744518,6692020,12,0,6215,40.44430160522461,-79.99862670898438
1629744527,2980020,74,0,6457,40.479408264160156,-79.90186309814453
1629744516,11209020,56,0,6339,40.343318939208984,-79.82923889160156
1629744508,7705020,77,0,6459,40.451236724853516,-79.75623321533203
1629744529,14285020,P3,0,6351,40.45335388183594,-79.94988250732422
1629744522,12210020,41,0,6231,40.44147491455078,-80.00236511230469
1629744534,5303020,61B,0,6112,40.43831253051758,-79.97953796386719
1629744534,3861020,P3,0,6233,40.45540237426758,-79.9051284790039
1629744502,3987020,61A,0,6115,40.43803024291992,-79.99401092529297
1629744531,9443020,93,0,6357,40.4122428894043,-79.9407730102539
1629744530,9307020,55,0,6235,40.292442321777344,-79.87482452392578
1629744528,10645020,91,0,6106,40.483863830566406,-79.94929504394531
1629744518,227020,54,0,6105,40.45223617553711,-80.00740814208984
1629744516,9719020,21,0,6228,40.44308090209961,-80.02533721923828
1629744528,14330020,48,0,6107,40.423797607421875,-79.96886444091797
1629744512,3238020,Y46,0,6241,40.289390563964844,-79.87604522705078
1629744528,11778020,59,0,6240,40.34917068481445,-79.9358901977539
1629744508,2207020,71C,0,6361,40.45878601074219,-79.9335708618164
1629744527,8677020,54,0,6001,40.41421890258789,-79.98815155029297
1629744509,11906020,61A,0,6122,40.41356658935547,-79.85454559326172
1629744516,2192020,77,0,6364,40.4600715637207,-79.9127426147461
1629744531,4803020,Y47,0,6243,40.41651916503906,-80.0118637084961
1629744506,2085020,P12,0,6363,40.44397735595703,-79.9941635131836
1629744511,1901020,Y49,0,6242,40.40306854248047,-80.00224304199219
1629744512,14534020,71C,0,6366,40.43803024291992,-79.99433135986328
1629744513,5609020,83,0,6124,40.42848587036133,-79.97603607177734
1629744517,2380020,13,0,6002,40.49765396118164,-80.05410766601562
1629744520,7053020,53L,0,6126,40.40998840332031,-79.9124755859375
1629744523,3361020,88,0,6368,40.466835021972656,-79.96430969238281
1629744514,1382020,P3,0,6247,40.44451904296875,-79.95467376708984
1629744508,12834020,93,0,6125,40.44013214111328,-79.96060180664062
1629744533,389020,P68,0,6360,40.437950134277344,-79.87882995605469
1629744514,6256020,57,0,6117,40.41536331176758,-79.92489624023438
1629744529,10880020,61B,0,6238,40.44456481933594,-79.94252014160156
1629744515,6097020,71D,0,6359,40.44083023071289,-80.0006332397461
1629744532,7557020,64,0,6237,40.46146011352539,-79.94461059570312
1629744526,11403020,57,0,6239,40.406227111816406,-79.9423828125
1629744511,1342020,61C,0,6118,40.43574905395508,-79.92286682128906
1629744526,13744020,83,0,6252,40.44221878051758,-80.00028991699219
1629744522,613020,51,0,6130,40.353370666503906,-79.97826385498047
1629744529,10019020,81,0,6251,40.44438934326172,-79.98744201660156
1629744522,2110020,17,0,6014,40.444339752197266,-80.00120544433594
1629744515,12121020,59,0,6135,40.388206481933594,-79.82366943359375
1629744445,14353020,17,0,6013,40.48394012451172,-80.03565979003906
1629744528,4665020,55,0,6134,40.324493408203125,-79.94369506835938
1629744530,13730020,86,0,6258,40.46054458618164,-79.91416931152344
1629744530,11026020,39,0,6015,40.445899963378906,-79.98934173583984
1629744530,2866020,83,0,6250,40.444271087646484,-79.96381378173828
1629744485,13691020,16,0,6007,40.499412536621094,-80.0638427734375
1629744531,651020,1,0,6006,40.48733901977539,-79.88423156738281
1629744516,9317020,56,0,6248,40.354270935058594,-79.9132308959961
1629744533,7152020,82,0,6369,40.45978546142578,-79.92063903808594
1629744507,4765020,54,0,6008,40.45806884765625,-79.96470642089844
1629744508,7663020,71D,0,6144,40.43787384033203,-79.98965454101562
1629744502,3625020,71A,0,6143,40.438880920410156,-79.99266052246094
1629744534,12301020,82,0,6146,40.440040588378906,-79.99852752685547
1629744514,4221020,P68,0,6267,40.42905807495117,-79.7490463256836
1629744534,6114020,67,0,6266,40.444210052490234,-79.9381332397461
1629744535,3398020,71B,0,6269,40.44127655029297,-80.0018081665039
1629744523,12490020,77,0,6268,40.4565315246582,-79.93994140625
1629744525,9581020,77,0,6260,40.464813232421875,-79.83078002929688
1629744522,286020,48,0,6017,40.44208908081055,-79.99947357177734
1629744509,10957020,71D,0,6138,40.449989318847656,-79.92913055419922
1629744507,6520020,71C,0,6153,40.46155548095703,-79.92520141601562
1629744515,13441020,75,0,6274,40.44217300415039,-79.95782470703125
1629744505,8197020,93,0,6032,40.44451904296875,-79.95466613769531
1629744524,1933020,67,0,6152,40.452659606933594,-79.75108337402344
1629744524,11222020,79,0,7002,40.46738052368164,-79.8690185546875
1629744484,435020,64,0,6033,40.43592834472656,-79.9228744506836
1629744504,10892020,88,0,7001,40.45766067504883,-79.91459655761719
1629744507,8557020,71B,0,6157,40.43804168701172,-79.99424743652344
1629744533,6503020,Y46,0,6036,40.321075439453125,-79.94217681884766
1629744521,1312020,77,0,6156,40.483802795410156,-79.80287170410156
1629744504,9995020,71A,0,6270,40.43781661987305,-79.98825073242188
1629744530,7066020,P78,0,6272,40.44807052612305,-79.86869049072266
1629744510,9125020,51,0,6029,40.386878967285156,-79.98191833496094
1629744531,9137020,51,0,6042,40.41592788696289,-79.9871597290039
1629744533,4482020,71C,0,6045,40.449954986572266,-79.90362548828125
1629744525,10392020,59,0,6044,40.41135787963867,-79.90882873535156
1629744515,14274020,28X,0,6046,40.44236755371094,-80.15946197509766
1629744532,8933020,71A,0,6048,40.45208740234375,-79.95138549804688
1629744515,10534020,61C,0,6041,40.43705368041992,-79.9706802368164
1629744531,3938020,91,0,1708,40.48881530761719,-79.87252807617188
1629744533,10876020,4,0,1705,40.45967483520508,-79.98592376708984
1629744513,13144020,4,0,1703,40.500125885009766,-80.02177429199219
1629744520,12294020,67,0,6052,40.44879913330078,-79.90015411376953
1629744524,5221020,71,0,6051,40.421409606933594,-79.90045166015625
1629744516,11629020,11,0,1711,40.453277587890625,-80.00167083740234
1629744525,13470020,44,0,1720,40.39755630493164,-79.96588897705078
1629744531,6318020,43,0,1728,40.421791076660156,-80.0103530883789
1629744533,13570020,40,0,1727,40.43798828125,-80.00006866455078
1629744512,14653020,44,0,1726,40.39460372924805,-79.98650360107422
1629744525,9469020,44,0,1724,40.42070770263672,-80.00775146484375
1629744508,1825020,54,0,5905,40.450050354003906,-79.95088958740234
1629744532,7022020,15,0,5908,40.45962142944336,-80.01701354980469
1629744507,2235020,13,0,5909,40.47993850708008,-80.041015625
1629744531,10014020,8,0,5902,40.45745849609375,-80.00727844238281
1629744532,7909020,54,0,5903,40.42122268676758,-80.00613403320312
1629744505,8864020,48,0,5919,40.42408752441406,-79.9699478149414
1629744532,6751020,1,0,5910,40.44355010986328,-80.00041198730469
1629744533,6199020,21,0,5912,40.472164154052734,-80.06153869628906
1629744505,8360020,29,0,5913,40.43599319458008,-80.06871032714844
1629744522,14493020,59,0,5926,40.33650207519531,-79.86206817626953
1629744531,7570020,Y49,0,5927,40.371700286865234,-79.98201751708984
1629744533,14333020,6,0,5809,40.44615936279297,-79.98866271972656
1629744520,74020,61C,0,5921,40.384429931640625,-79.86351776123047
1629744530,9918020,61D,0,5923,40.43865203857422,-79.98754119873047
1629744534,2394020,54,0,5803,40.424903869628906,-79.9804458618164
1629744526,1541020,61C,0,5925,40.43787384033203,-79.98967742919922
1629744982,11235020,75,0,5938,40.48537826538086,-79.92717742919922
1629744971,12125020,61A,0,5819,40.44227981567383,-79.99984741210938
1629744994,8121020,81,0,5932,40.44026184082031,-79.9587631225586
1629744969,12025020,51,0,5815,40.435855865478516,-80.00147247314453
1629744984,503020,16,0,5702,40.49781799316406,-80.06016540527344
1629744991,-1962801521,71C,1,5945,40.44786834716797,-79.94947814941406
1629744987,390020,6,0,5705,40.445960998535156,-79.9893798828125
1629744969,9760020,71D,0,3420,40.4548454284668,-79.89844512939453
1629744987,8102020,89,0,5717,40.467674255371094,-79.92816162109375
1629744981,2857020,P1,0,3417,40.44591522216797,-79.88816833496094
1629744961,4261020,71C,0,3416,40.442081451416016,-80.00137329101562
1629744984,14473020,71A,0,3415,40.43807601928711,-79.96345520019531
1629744968,-1358729635,28X,1,3414,40.457759857177734,-79.91228485107422
1629744991,9982020,71C,0,3412,40.440765380859375,-79.99588012695312
1629744993,6116020,79,0,5715,40.44121170043945,-79.87777709960938
1629744964,12149020,P1,0,3419,40.454681396484375,-79.97477722167969
1629744984,5350020,86,0,3418,40.44297409057617,-79.99784088134766
1629744959,14674020,G2,0,3304,40.4423713684082,-79.9950942993164
1629744993,6603020,G2,0,3303,40.40561294555664,-80.09060668945312
1629744977,10188020,G2,0,3302,40.405582427978516,-80.0908203125
1629744992,5573020,P1,0,3423,40.44267272949219,-79.99456024169922
1629744995,11073020,P3,0,3308,40.414710998535156,-79.87869262695312
1629744967,4736020,P1,0,3321,40.414791107177734,-79.87857055664062
1629744977,3322020,61D,0,3318,40.43634796142578,-79.92289733886719
1629744980,8516020,61C,0,3314,40.43265914916992,-79.92310333251953
1629744992,7990020,61D,0,3311,40.44461441040039,-79.94425964355469
1629744983,3836020,P1,0,3332,40.4151496887207,-79.8795166015625
1629744966,7516020,P1,0,3331,40.45624542236328,-79.94569396972656
1629744993,5530020,71B,0,3330,40.438289642333984,-79.97892761230469
1629744988,14650020,P78,0,3329,40.47791290283203,-79.84613037109375
1629744991,10949020,61D,0,3207,40.43803024291992,-79.99360656738281
1629744986,9145020,71B,0,3325,40.478755950927734,-79.91912841796875
1629744974,1853020,61D,0,3202,40.44190216064453,-79.95844268798828
1629744977,14516020,71A,0,3323,40.45197677612305,-79.95175170898438
1629744979,14074020,21,0,6610,40.54045486450195,-80.18010711669922
1629744991,5849020,86,0,3340,40.45845413208008,-79.90095520019531
1629744988,6366020,29,0,6609,40.44115447998047,-80.03909301757812
1629744975,11608020,8,0,6608,40.45689010620117,-80.00709533691406
1629744983,12504020,71C,0,3336,40.451900482177734,-79.95198059082031
1629744979,1405020,71B,0,3335,40.447601318359375,-79.94001770019531
1629744985,3020,14,0,6603,40.53154373168945,-80.16893005371094
1629744981,9326020,91,0,6602,40.49474334716797,-79.93607330322266
1629744975,11561020,24,0,5636,40.43886184692383,-80.01554870605469
1629744986,9365020,2,0,6604,40.542179107666016,-80.0127182006836
1629744993,11077020,18,0,6606,40.44662857055664,-80.0195541381836
1629744982,14277020,Y46,0,6621,40.43840026855469,-80.00194549560547
1629744972,4358020,36,0,6612,40.395484924316406,-80.04646301269531
1629744967,12731020,29,0,6613,40.44905471801758,-80.16289520263672
1629744970,5218020,24,0,6615,40.474525451660156,-80.07933044433594
1629744944,11697020,51,0,6617,40.38077163696289,-79.97628021240234
1629744993,12809020,51,0,5660,40.41726303100586,-79.9865951538086
1629744875,2950020,14,0,6510,40.447509765625,-80.01971435546875
1629744988,11256020,61A,0,3244,40.43801498413086,-79.92017364501953
1629744968,8730020,71D,0,3240,40.43860626220703,-79.98637390136719
1629744990,12945020,12,0,6509,40.52687072753906,-80.00581359863281
1629744970,4893020,G2,0,3235,40.435333251953125,-80.067626953125
1629744978,312020,55,0,6622,40.38811111450195,-79.823486328125
1629744992,10234020,Y46,0,5655,40.40749740600586,-80.00593566894531
1629744968,4418020,14,0,6503,40.59141540527344,-80.22747039794922
1629744973,9941020,Y46,0,6624,40.288795471191406,-79.89632415771484
1629744982,8498020,54,0,6505,40.44463348388672,-79.9544906616211
1629744941,1576020,93,0,6626,40.48337936401367,-79.94757843017578
1629744969,9232020,13,0,6508,40.44150924682617,-80.00373840332031
1629744978,2788020,1,0,6507,40.4874382019043,-79.89606475830078
1629744990,8445020,61B,0,6628,40.43733215332031,-79.97856903076172
1629744989,4259020,82,0,6641,40.43941116333008,-79.9968490600586
1629744989,10281020,69,0,6643,40.443546295166016,-79.88145446777344
1629744977,1991020,26,0,6521,40.459495544433594,-80.06291198730469
1629744989,5727020,P68,0,6642,40.4078369140625,-79.84923553466797
1629744979,302020,61C,0,3250,40.4380989074707,-79.99436950683594
1629744970,14271020,22,0,6513,40.474910736083984,-80.05966186523438
1629744986,10039020,51,0,6634,40.42880630493164,-79.98141479492188
1629744966,638020,59,0,6633,40.40951919555664,-79.86701202392578
1629744973,11319020,69,0,6636,40.39209747314453,-79.80867004394531
1629744962,10995020,38,0,6514,40.390869140625,-80.0734634399414
1629744989,13262020,61A,0,6635,40.43860626220703,-79.98638916015625
1629744981,13334020,36,0,6517,40.40007019042969,-80.0440444946289
1629744978,5966020,41,0,6516,40.42087936401367,-80.00714111328125
1629744995,13968020,67,0,6637,40.45318603515625,-79.75023651123047
1629744985,10749020,38,0,6519,40.421573638916016,-80.03907775878906
1629744991,5338020,74,0,6652,40.47898483276367,-79.90190124511719
1629744996,8309020,51,0,6530,40.34851837158203,-79.94373321533203
1629744990,7271020,54,0,6412,40.46260452270508,-79.95864868164062
1629744982,9676020,77,0,6654,40.440059661865234,-79.99858093261719
1629744987,9662020,61C,0,6532,40.373252868652344,-79.84660339355469
1629744987,7055020,P1,0,3258,40.41862487792969,-79.88585662841797
1629744969,1090020,61C,0,3257,40.431888580322266,-79.92320251464844
1629744970,5766020,91,0,6403,40.49245834350586,-79.9384536743164
1629744983,13049020,91,0,6402,40.467044830322266,-79.9641342163086
1629744979,11649020,58,0,6647,40.44464874267578,-79.94343566894531
1629744971,13449020,28X,0,6646,40.43747329711914,-79.99952697753906
1629744987,422020,59,0,6525,40.40937042236328,-79.91650390625
1629744983,10225020,16,0,6407,40.47986602783203,-80.03121185302734
1629744966,8910020,61D,0,6528,40.40652847290039,-79.91533660888672
1629744969,14123020,87,0,6649,40.48290252685547,-79.94801330566406
1629744991,323020,64,0,6527,40.413944244384766,-79.90440368652344
1629744980,7695020,67,0,6542,40.43606185913086,-79.9618148803711
1629744976,1366020,59,0,6541,40.37684631347656,-79.8486557006836
1629744977,3177020,1,0,6302,40.594017028808594,-79.76980590820312
1629744992,7143020,16,0,6301,40.462615966796875,-80.02007293701172
1629744966,3256020,21,0,6422,40.53757858276367,-80.19747924804688
1629744989,14646020,74,0,6543,40.437110900878906,-79.91921997070312
1629744967,7915020,8,0,6414,40.51729965209961,-80.03642272949219
1629744962,14281020,61A,0,6534,40.41529083251953,-79.87564086914062
1629744989,13347020,53L,0,6537,40.40848922729492,-79.907958984375
1629744986,12268020,20,0,6415,40.50226593017578,-80.12259674072266
1629744984,459020,39,0,6417,40.436798095703125,-80.00089263916016
1629744973,10788020,60,0,6538,40.351051330566406,-79.83769989013672
1629744966,10449020,1,0,6311,40.600685119628906,-79.75711059570312
1629744975,14511020,61A,0,6432,40.40233612060547,-79.86834716796875
1629744990,11205020,82,0,6553,40.460540771484375,-79.92233276367188
1629744971,9209020,28X,0,6552,40.45088577270508,-80.17448425292969
1629744961,4773020,15,0,6313,40.482025146484375,-80.00276947021484
1629744992,7192020,58,0,6555,40.43777847290039,-79.99702453613281
1629744990,4217020,61B,0,6434,40.436424255371094,-79.896240234375
1629744962,11405020,61B,0,6433,40.438018798828125,-79.9935302734375
1629744972,13012020,71A,0,6554,40.4379768371582,-79.99223327636719
1629744989,862020,1,0,6304,40.56476593017578,-79.76835632324219
1629744990,9514020,27,0,6425,40.44140625,-80.06864166259766
1629744993,14064020,12,0,6306,40.57642364501953,-80.02582550048828
1629744991,803020,31,0,6427,40.39792251586914,-80.08355712890625
1629744991,13323020,87,0,6548,40.461944580078125,-79.93812561035156
1629744994,9002020,91,0,6305,40.48725891113281,-79.88485717773438
1629744984,8248020,56,0,6429,40.43948745727539,-80.00176239013672
1629744993,3643020,14,0,6307,40.556968688964844,-80.19783782958984
1629744986,5527020,59,0,6428,40.37504959106445,-79.84855651855469
1629744988,10140020,31,0,6320,40.443817138671875,-79.99412536621094
1629744988,11379020,61D,0,6441,40.409996032714844,-79.91248321533203
1629744984,8002020,51,0,6443,40.42390823364258,-79.97767639160156
1629744992,8412020,61B,0,6442,40.4444694519043,-79.94802856445312
1629744995,999020,12,0,6203,40.57258605957031,-80.01203155517578
1629744982,143020,16,0,6202,40.45401382446289,-80.001953125
1629744995,2336020,39,0,6323,40.40946960449219,-80.01376342773438
1629744990,11728020,17,0,6315,40.456756591796875,-80.029296875
1629744988,3101020,71B,0,6557,40.46342468261719,-79.92391967773438
1629744950,2013020,27,0,6317,40.43848419189453,-80.01210021972656
1629744995,7214020,54,0,6316,40.453426361083984,-80.00098419189453
1629744978,5958020,79,0,6558,40.446136474609375,-79.87112426757812
1629744991,9088020,41,0,6319,40.36159133911133,-80.09945678710938
1629744994,874020,75,0,6450,40.456478118896484,-79.93031311035156
1629744996,9040020,31,0,6331,40.408111572265625,-80.08366394042969
1629744976,699020,67,0,6452,40.44074249267578,-79.87158966064453
1629744982,3652020,59,0,6333,40.41612243652344,-79.8792495727539
1629744983,545020,75,0,6453,40.48735427856445,-79.89405059814453
1629744955,2700020,71B,0,6456,40.43791198730469,-79.97767639160156
1629744996,1175020,2,0,6213,40.544281005859375,-79.97235870361328
1629744985,8172020,61A,0,6334,40.44443893432617,-79.94866180419922
1629744985,11376020,26,0,6326,40.457889556884766,-80.06371307373047
1629744980,13998020,61A,0,6447,40.4403076171875,-79.88804626464844
1629744967,-2055210794,91,1,6205,40.44388198852539,-79.99427032470703
1629744986,6570020,64,0,6449,40.40769577026367,-79.91382598876953
1629744990,13851020,20,0,6327,40.46821975708008,-80.08509063720703
1629744986,2009020,8,0,6206,40.503875732421875,-80.02576446533203
1629744988,796020,Y47,0,6448,40.39852523803711,-80.00111389160156
1629744977,48020,61B,0,6340,40.413753509521484,-79.85321044921875
1629744994,14524020,61A,0,6342,40.43306350708008,-79.88480377197266
1629744995,309020,71C,0,6463,40.44526290893555,-79.8873519897461
1629744989,4503020,56,0,6341,40.35247802734375,-79.85106658935547
1629744976,10599020,87,0,6462,40.46232223510742,-79.94297790527344
1629744987,11291020,16,0,6102,40.45553207397461,-80.00640106201172
1629744980,11838020,1,0,6104,40.44334030151367,-79.99646759033203
1629744992,8955020,61B,0,6346,40.405601501464844,-79.87248229980469
1629744977,1349020,13,0,6103,40.518211364746094,-80.03182220458984
1629744993,9361020,22,0,6224,40.46808624267578,-80.09859466552734
1629744994,10933020,12,0,6216,40.542320251464844,-80.01236724853516
1629744978,571020,12,0,6215,40.450706481933594,-80.00129699707031
1629744984,2980020,74,0,6457,40.46546936035156,-79.91402435302734
1629744983,11209020,56,0,6339,40.352447509765625,-79.84239959716797
1629744975,10418020,41,0,6217,40.359039306640625,-80.10964965820312
1629744978,7705020,77,0,6459,40.44560623168945,-79.84693145751953
1629744991,14285020,P3,0,6351,40.45265197753906,-79.89836883544922
1629744991,10937020,41,0,6231,40.43721389770508,-80.00057220458984
1629744992,5303020,61B,0,6112,40.4404182434082,-79.99485778808594
1629744984,3861020,P3,0,6233,40.45261764526367,-79.94972229003906
1629744989,3987020,61A,0,6115,40.43784713745117,-79.989013671875
1629744986,9443020,93,0,6357,40.43330764770508,-79.92301940917969
1629744983,9307020,55,0,6235,40.30664825439453,-79.90612030029297
1629744986,10645020,91,0,6106,40.46893310546875,-79.9620132446289
1629744988,227020,54,0,6105,40.45378875732422,-80.00184631347656
1629744987,9719020,21,0,6228,40.46380615234375,-80.05540466308594
1629744988,14330020,48,0,6107,40.41920471191406,-79.98924255371094
1629744978,11778020,59,0,6240,40.34662628173828,-79.88072204589844
1629744964,2207020,71C,0,6361,40.45390319824219,-79.9452896118164
1629744975,8677020,54,0,6001,40.42873764038086,-79.98029327392578
1629744878,11906020,61A,0,6122,40.41356658935547,-79.85454559326172
1629744982,2192020,77,0,6364,40.45830154418945,-79.91862487792969
1629744983,4803020,Y47,0,6243,40.38263702392578,-79.99653625488281
1629744983,2085020,P12,0,6363,40.43992614746094,-79.99845886230469
1629744995,9840020,Y49,0,6121,40.33200454711914,-79.93339538574219
1629744988,1901020,Y49,0,6242,40.43105697631836,-80.00198364257812
1629744990,14534020,71C,0,6366,40.43785858154297,-79.98933410644531
1629744995,2380020,13,0,6002,40.478458404541016,-80.04057312011719
1629744968,7053020,53L,0,6126,40.425472259521484,-79.9266586303711
1629744991,3361020,88,0,6368,40.44553756713867,-79.99131774902344
1629744987,5276020,P3,0,6247,40.43788146972656,-79.96377563476562
1629744973,12834020,93,0,6125,40.446998596191406,-79.94904327392578
1629744970,389020,P68,0,6360,40.415985107421875,-79.85726928710938
1629744987,6256020,57,0,6117,40.40958023071289,-79.91226196289062
1629744975,10880020,61B,0,6238,40.43801498413086,-79.91842651367188
1629744990,6097020,71D,0,6359,40.43799591064453,-79.99353790283203
1629744987,7557020,64,0,6237,40.466636657714844,-79.96256256103516
1629744973,2549020,83,0,6358,40.430419921875,-79.9771957397461
1629744989,11403020,57,0,6239,40.43027114868164,-79.95814514160156
1629744980,1342020,61C,0,6118,40.44448471069336,-79.94207763671875
1629744991,13744020,83,0,6252,40.44113540649414,-79.98607635498047
1629744992,613020,51,0,6130,40.37397766113281,-79.97551727294922
1629744964,10019020,81,0,6251,40.44173812866211,-80.00255584716797
1629744985,2110020,17,0,6014,40.455387115478516,-80.00706481933594
1629744972,12121020,59,0,6135,40.388206481933594,-79.82366943359375
1629744972,14353020,17,0,6013,40.4919319152832,-80.04447174072266
1629744988,4665020,55,0,6134,40.33163833618164,-79.93138122558594
1629744975,13730020,86,0,6258,40.4603271484375,-79.9216079711914
1629744991,11026020,39,0,6015,40.44591522216797,-79.98931121826172
1629744947,2866020,83,0,6250,40.45264434814453,-79.96380615234375
1629744987,13691020,16,0,6007,40.503868103027344,-80.07485961914062
1629744992,651020,1,0,6006,40.487205505371094,-79.89411163330078
1629744973,9317020,56,0,6248,40.38370895385742,-79.93121337890625
1629744995,7152020,82,0,6369,40.457366943359375,-79.93370056152344
1629744988,4765020,54,0,6008,40.45825958251953,-79.94735717773438
1629744985,7663020,71D,0,6144,40.43741989135742,-79.97955322265625
1629744958,8504020,71A,0,6143,40.440792083740234,-80.00065612792969
1629744981,9140020,82,0,6146,40.44295120239258,-79.99791717529297
1629744975,4221020,P68,0,6267,40.42905807495117,-79.7490463256836
1629744980,6114020,67,0,6266,40.44625473022461,-79.9517822265625
1629744953,2622020,71B,0,6269,40.43842315673828,-79.99454498291016
1629744936,12490020,77,0,6268,40.46154022216797,-79.92516326904297
1629744984,9581020,77,0,6260,40.484893798828125,-79.8179702758789
1629744992,200020,48,0,6017,40.43672180175781,-80.00091552734375
1629744988,10957020,71D,0,6138,40.44658279418945,-79.9517593383789
1629744990,6520020,71C,0,6153,40.4542350769043,-79.91270446777344
1629744994,13441020,75,0,6274,40.452701568603516,-79.93672943115234
1629744986,8197020,93,0,6032,40.437068939208984,-79.9630355834961
1629744982,1933020,67,0,6152,40.44425582885742,-79.75862121582031
1629744985,4480020,82,0,7002,40.46445846557617,-79.89974975585938
1629744974,435020,64,0,6033,40.45222091674805,-79.92051696777344
1629744974,10892020,88,0,7001,40.45655822753906,-79.9159927368164
1629744977,8557020,71B,0,6157,40.437896728515625,-79.99011993408203
1629744982,6503020,Y46,0,6036,40.33539581298828,-79.94686126708984
1629744991,1312020,77,0,6156,40.471229553222656,-79.82015228271484
1629744994,9995020,71A,0,6270,40.43810272216797,-79.96336364746094
1629744995,7066020,P78,0,6272,40.45130157470703,-79.89485931396484
1629744976,9125020,51,0,6029,40.413143157958984,-79.98890686035156
1629744991,9137020,51,0,6042,40.397117614746094,-79.98792266845703
1629744989,4482020,71C,0,6045,40.46083450317383,-79.92318725585938
1629744989,10392020,59,0,6044,40.40707015991211,-79.91365814208984
1629744973,14274020,28X,0,6046,40.45271682739258,-80.17674255371094
1629744979,8933020,71A,0,6048,40.45836639404297,-79.93379211425781
1629744954,10534020,61C,0,6041,40.43891525268555,-79.99359893798828
1629744986,10876020,4,0,1705,40.45024490356445,-80.00117492675781
1629744973,13144020,4,0,1703,40.500125885009766,-80.02177429199219
1629744995,12294020,67,0,6052,40.44195556640625,-79.88241577148438
1629744989,5221020,71,0,6051,40.41300582885742,-79.88307189941406
1629744976,14422020,11,0,1711,40.44573211669922,-79.98959350585938
1629744962,13470020,44,0,1720,40.40194320678711,-79.98934936523438
1629744979,6318020,43,0,1728,40.421783447265625,-79.9945297241211
1629744981,13570020,40,0,1727,40.41801834106445,-80.01152038574219
1629744985,14653020,44,0,1726,40.39374923706055,-79.97205352783203
1629744993,9469020,44,0,1724,40.41779708862305,-80.005126953125
1629744987,8760020,2,0,5904,40.442535400390625,-79.99976348876953
1629744968,1825020,54,0,5905,40.441524505615234,-79.95883178710938
1629744995,3142020,14,0,5907,40.44797134399414,-80.02085876464844
1629744977,7022020,15,0,5908,40.45363998413086,-80.00188446044922
1629744981,2235020,13,0,5909,40.49801254272461,-80.05046081542969
1629744966,10014020,8,0,5902,40.44974899291992,-80.00100708007812
1629744996,4173020,54,0,5903,40.420982360839844,-80.00567626953125
1629744987,4355020,24,0,5918,40.45173263549805,-80.16199493408203
1629744976,8864020,48,0,5919,40.42844009399414,-79.9744873046875
1629744990,6751020,1,0,5910,40.453704833984375,-79.9992904663086
1629744966,6199020,21,0,5912,40.45963668823242,-80.04731750488281
1629744967,8360020,29,0,5913,40.440433502197266,-80.08023834228516
1629744966,14493020,59,0,5926,40.34688949584961,-79.88075256347656
1629744987,7570020,Y49,0,5927,40.36520004272461,-79.96692657470703
1629744979,14333020,6,0,5809,40.44330978393555,-79.99658203125
1629744965,74020,61C,0,5921,40.40873718261719,-79.8952407836914
1629744978,9918020,61D,0,5923,40.442298889160156,-79.99986267089844
1629744973,2394020,54,0,5803,40.4100227355957,-79.99813842773438
1629744992,1541020,61C,0,5925,40.43745422363281,-79.98035430908203
1629745493,11235020,75,0,5938,40.46434020996094,-79.91854858398438
1629745514,6358020,61A,0,5819,40.43894958496094,-79.9947280883789
1629745510,8208020,59,0,5931,40.404476165771484,-79.8253402709961
1629745499,8121020,81,0,5932,40.44350051879883,-79.95609283447266
1629745508,13509020,51,0,5815,40.440757751464844,-79.99818420410156
1629745484,503020,16,0,5702,40.486778259277344,-80.04118347167969
1629745492,-1962801521,71C,1,5945,40.45564651489258,-79.93943786621094
1629745496,12822020,15,0,5705,40.444488525390625,-79.99124145507812
1629745484,9760020,71D,0,3420,40.453617095947266,-79.915283203125
1629745491,8102020,89,0,5717,40.45913314819336,-79.91388702392578
1629745486,2857020,P1,0,3417,40.41520690917969,-79.87957000732422
1629745497,7490020,71C,0,3416,40.43877029418945,-79.9947509765625
1629745499,14473020,71A,0,3415,40.440406799316406,-79.99481201171875
1629745439,-1358729635,28X,1,3414,40.457759857177734,-79.91228485107422
1629745489,9982020,71C,0,3412,40.438018798828125,-79.99334716796875
1629745485,6116020,79,0,5715,40.45400619506836,-79.86710357666016
1629745507,13853020,P1,0,3419,40.44102478027344,-79.99565124511719
1629745464,5350020,86,0,3418,40.4590950012207,-79.97088623046875
1629745504,14674020,G2,0,3304,40.4397087097168,-80.00984954833984
1629745483,6603020,G2,0,3303,40.407745361328125,-80.08966064453125
1629745464,10188020,G2,0,3302,40.40555191040039,-80.09068298339844
1629745493,5573020,P1,0,3423,40.45623779296875,-79.93328857421875
1629745510,9305020,P3,0,3308,40.41535568237305,-79.88047790527344
1629745502,4736020,P1,0,3321,40.43681335449219,-79.88556671142578
1629745477,12159020,P1,0,3320,40.45876693725586,-79.96826934814453
1629745493,3322020,61D,0,3318,40.4440803527832,-79.9500961303711
1629745505,8516020,61C,0,3314,40.408329010009766,-79.91526794433594
1629745497,7990020,61D,0,3311,40.434913635253906,-79.92288208007812
1629745495,6835020,P1,0,3332,40.415008544921875,-79.87924194335938
1629745499,7516020,P1,0,3331,40.44098663330078,-79.88653564453125
1629745514,5530020,71B,0,3330,40.44180679321289,-79.99919891357422
1629745512,14650020,P78,0,3329,40.50677490234375,-79.84286499023438
1629745489,10949020,61D,0,3207,40.43778991699219,-79.98849487304688
1629745503,9145020,71B,0,3325,40.45951461791992,-79.92505645751953
1629745511,1853020,61D,0,3202,40.43857955932617,-79.98573303222656
1629745504,14516020,71A,0,3323,40.43645477294922,-79.96744537353516
1629745237,14074020,21,0,6610,40.537330627441406,-80.18497467041016
1629745500,5849020,86,0,3340,40.444644927978516,-79.88553619384766
1629745503,6366020,29,0,6609,40.44306182861328,-79.9975357055664
1629745495,11608020,8,0,6608,40.479270935058594,-80.01183319091797
1629745489,12504020,71C,0,3336,40.44167709350586,-79.95863342285156
1629745411,1405020,71B,0,3335,40.44430923461914,-79.9549789428711
1629745501,3020,14,0,6603,40.510169982910156,-80.09398651123047
1629745503,9326020,91,0,6602,40.48877716064453,-79.89337921142578
1629745510,4727020,24,0,5636,40.438499450683594,-80.01445007324219
1629745478,11077020,18,0,6606,40.447505950927734,-80.01971435546875
1629745500,941020,Y46,0,6621,40.43955612182617,-79.99905395507812
1629745504,7935020,53L,0,6619,40.38308334350586,-79.90446472167969
1629745481,3136020,71B,0,3225,40.47891616821289,-79.9190902709961
1629745486,4358020,36,0,6612,40.431678771972656,-80.02461242675781
1629745511,12731020,29,0,6613,40.44898223876953,-80.12311553955078
1629745510,5218020,24,0,6615,40.469120025634766,-80.0982437133789
1629745497,5909020,Y47,0,6618,40.33015441894531,-79.92350006103516
1629745503,11697020,51,0,6617,40.38782501220703,-79.9843978881836
1629745507,12809020,51,0,5660,40.386837005615234,-79.98238372802734
1629744875,2950020,14,0,6510,40.447509765625,-80.01971435546875
1629745502,11256020,61A,0,3244,40.44248580932617,-79.88399505615234
1629745509,8730020,71D,0,3240,40.44210433959961,-80.00110626220703
1629745499,12945020,12,0,6509,40.54585266113281,-80.00555419921875
1629745502,4893020,G2,0,3235,40.44075393676758,-80.00699615478516
1629745501,6940020,17,0,6501,40.499969482421875,-80.02558135986328
1629745500,312020,55,0,6622,40.38810348510742,-79.8235092163086
1629745504,10234020,Y46,0,5655,40.36759948730469,-79.98384857177734
1629745506,4418020,14,0,6503,40.59244918823242,-80.22814178466797
1629745480,9941020,Y46,0,6624,40.288143157958984,-79.8920669555664
1629745512,8498020,54,0,6505,40.453895568847656,-79.94754028320312
1629745509,1576020,93,0,6626,40.46980667114258,-79.96089935302734
1629745490,9232020,13,0,6508,40.45555877685547,-80.00617980957031
1629745506,2788020,1,0,6507,40.48798370361328,-79.87983703613281
1629745494,8445020,61B,0,6628,40.44441604614258,-79.94876098632812
1629745497,12182020,82,0,6641,40.44150161743164,-79.99243927001953
1629745500,1991020,26,0,6521,40.44401931762695,-80.04074096679688
1629745511,5727020,P68,0,6642,40.41487121582031,-79.85400390625
1629745501,302020,61C,0,3250,40.437950134277344,-79.9912338256836
1629745514,14271020,22,0,6513,40.47642517089844,-80.09691619873047
1629745501,10039020,51,0,6634,40.43482208251953,-80.00216674804688
1629745498,638020,59,0,6633,40.41354751586914,-79.85265350341797
1629745510,8078020,20,0,6515,40.47600555419922,-80.10038757324219
1629745504,11319020,69,0,6636,40.395606994628906,-79.76758575439453
1629745508,10995020,38,0,6514,40.381839752197266,-80.08552551269531
1629745505,13262020,61A,0,6635,40.440879821777344,-80.00076293945312
1629745512,13334020,36,0,6517,40.37200164794922,-80.05900573730469
1629745490,5966020,41,0,6516,40.43501281738281,-80.00203704833984
1629745502,13968020,67,0,6637,40.45318603515625,-79.75023651123047
1629745511,13292020,38,0,6519,40.43845748901367,-80.0143814086914
1629745497,5785020,31,0,6518,40.35615158081055,-80.11358642578125
1629745509,256020,87,0,6650,40.46147537231445,-79.93463897705078
1629745514,5338020,74,0,6652,40.46260070800781,-79.8908462524414
1629745500,7271020,54,0,6412,40.45333480834961,-79.97924041748047
1629745502,9662020,61C,0,6532,40.384605407714844,-79.8631591796875
1629745496,7055020,P1,0,3258,40.460052490234375,-79.91951751708984
1629745493,1090020,61C,0,3257,40.44349670410156,-79.93836212158203
1629745491,5766020,91,0,6403,40.471920013427734,-79.95946502685547
1629745510,11238020,36,0,6523,40.33973693847656,-80.0547866821289
1629745514,13049020,91,0,6402,40.48409652709961,-79.94873809814453
1629745503,11649020,58,0,6647,40.44464874267578,-79.94343566894531
1629745488,13449020,28X,0,6646,40.44169998168945,-79.95677947998047
1629745491,422020,59,0,6525,40.41166687011719,-79.87557983398438
1629745443,10225020,16,0,6407,40.49562072753906,-80.05563354492188
1629745499,4414020,61D,0,6528,40.409847259521484,-79.91002655029297
1629745485,14123020,87,0,6649,40.489410400390625,-79.93104553222656
1629745511,7695020,67,0,6542,40.444332122802734,-79.94908905029297
1629745512,1366020,59,0,6541,40.383270263671875,-79.87808227539062
1629745514,7143020,16,0,6301,40.45290756225586,-80.00159454345703
1629745508,3256020,21,0,6422,40.516441345214844,-80.14628601074219
1629745505,14646020,74,0,6543,40.439029693603516,-79.91947174072266
1629745505,5661020,8,0,6414,40.51879119873047,-80.02523040771484
1629745508,14281020,61A,0,6534,40.4215087890625,-79.88629913330078
1629745504,12374020,91,0,6413,40.50103759765625,-79.86129760742188
1629745512,13347020,53L,0,6537,40.391536712646484,-79.90046691894531
1629745498,12268020,20,0,6415,40.49333953857422,-80.1175537109375
1629745494,459020,39,0,6417,40.40700912475586,-80.01502990722656
1629745501,10788020,60,0,6538,40.34971237182617,-79.849609375
1629745498,14356020,1,0,6311,40.6013298034668,-79.75469207763672
1629745496,14511020,61A,0,6432,40.4010009765625,-79.86219787597656
1629745504,9209020,28X,0,6552,40.43672180175781,-80.14864349365234
1629745443,7192020,58,0,6555,40.43095397949219,-79.95895385742188
1629745513,10426020,6,0,6313,40.476470947265625,-80.0001220703125
1629745512,4217020,61B,0,6434,40.43804931640625,-79.92183685302734
1629745499,11405020,61B,0,6433,40.43791961669922,-79.99034118652344
1629745503,13012020,71A,0,6554,40.43794250488281,-79.97766876220703
1629745513,862020,1,0,6304,40.54124069213867,-79.78768920898438
1629745490,9514020,27,0,6425,40.44140625,-80.06864166259766
1629745488,14064020,12,0,6306,40.586212158203125,-80.0306396484375
1629745510,803020,31,0,6427,40.42638397216797,-80.0623779296875
1629745507,13323020,87,0,6548,40.45940399169922,-79.9704360961914
1629745496,9828020,71D,0,6547,40.454315185546875,-79.89614868164062
1629745512,9002020,91,0,6305,40.49034118652344,-79.90656280517578
1629745501,8248020,56,0,6429,40.431514739990234,-79.95980072021484
1629745494,3643020,14,0,6307,40.584251403808594,-80.22561645507812
1629745512,5527020,59,0,6428,40.36575698852539,-79.85847473144531
1629745513,11269020,31,0,6320,40.44371032714844,-79.99507141113281
1629745513,11379020,61D,0,6441,40.42900848388672,-79.92394256591797
1629745502,8002020,51,0,6443,40.398162841796875,-79.98848724365234
1629745508,367020,38,0,6321,40.38234329223633,-80.04408264160156
1629745503,8412020,61B,0,6442,40.436912536621094,-79.9659194946289
1629745417,999020,12,0,6203,40.549949645996094,-80.01873779296875
1629745513,143020,16,0,6202,40.442298889160156,-80.00043487548828
1629745510,2336020,39,0,6323,40.43105697631836,-80.00198364257812
1629745504,11728020,17,0,6315,40.45503234863281,-80.0087890625
1629745493,2599020,27,0,6317,40.439876556396484,-80.01731872558594
1629745512,7214020,54,0,6316,40.451717376708984,-80.00640869140625
1629745514,874020,75,0,6450,40.44404220581055,-79.9553451538086
1629745511,9040020,31,0,6331,40.380958557128906,-80.09493255615234
1629745492,699020,67,0,6452,40.449954986572266,-79.90362548828125
1629745485,3652020,59,0,6333,40.408138275146484,-79.87782287597656
1629745513,545020,75,0,6453,40.49007797241211,-79.86996459960938
1629745465,2700020,71B,0,6456,40.443111419677734,-79.9565200805664
1629745489,1175020,2,0,6213,40.50239181518555,-79.94757843017578
1629745514,8172020,61A,0,6334,40.436710357666016,-79.96961975097656
1629745498,11376020,26,0,6326,40.44227981567383,-80.06796264648438
1629745495,13998020,61A,0,6447,40.438053131103516,-79.92305755615234
1629745496,-1842620082,91,1,6205,40.46013259887695,-79.96936798095703
1629745505,6570020,64,0,6449,40.42938995361328,-79.92355346679688
1629745504,13851020,20,0,6327,40.46210861206055,-80.05126953125
1629745499,2009020,8,0,6206,40.47989273071289,-80.01190948486328
1629745501,796020,Y47,0,6448,40.43172836303711,-80.00357818603516
1629745505,48020,61B,0,6340,40.41377258300781,-79.85322570800781
1629745508,9156020,86,0,6461,40.44588088989258,-79.88346862792969
1629745513,14524020,61A,0,6342,40.415035247802734,-79.87484741210938
1629745493,4503020,56,0,6341,40.34442901611328,-79.82626342773438
1629745508,10599020,87,0,6462,40.47306442260742,-79.93024444580078
1629745504,11291020,16,0,6102,40.47719192504883,-80.03170013427734
1629745499,5717020,27,0,6223,40.441558837890625,-80.07108306884766
1629745512,8955020,61B,0,6346,40.428611755371094,-79.89169311523438
1629745504,1349020,13,0,6103,40.49903869628906,-80.05315399169922
1629745492,9361020,22,0,6224,40.4718017578125,-80.10025024414062
1629745506,10933020,12,0,6216,40.51200866699219,-80.00392150878906
1629745492,571020,12,0,6215,40.47687911987305,-80.00679016113281
1629745471,2980020,74,0,6457,40.459716796875,-79.91539001464844
1629745488,10418020,41,0,6217,40.3756217956543,-80.08821105957031
1629745502,7705020,77,0,6459,40.4550666809082,-79.90444946289062
1629745510,14285020,P3,0,6351,40.41514205932617,-79.87944030761719
1629745510,10937020,41,0,6231,40.4045295715332,-80.01907348632812
1629745480,6124020,61B,0,6112,40.441162109375,-79.99507141113281
1629745487,3861020,P3,0,6233,40.439666748046875,-79.96134948730469
1629745494,3987020,61A,0,6115,40.43975830078125,-79.95947265625
1629745509,9443020,93,0,6357,40.43585205078125,-79.96082305908203
1629745480,9307020,55,0,6235,40.321475982666016,-79.93138122558594
1629745473,10645020,91,0,6106,40.453155517578125,-79.97950744628906
1629745499,227020,54,0,6105,40.455345153808594,-79.97626495361328
1629745512,9719020,21,0,6228,40.49238967895508,-80.07997131347656
1629745509,3601020,48,0,6107,40.421512603759766,-80.00337982177734
1629745483,11778020,59,0,6240,40.352500915527344,-79.8506851196289
1629745498,2207020,71C,0,6361,40.444583892822266,-79.95468139648438
1629745502,8677020,54,0,6001,40.42966079711914,-79.97340393066406
1629745492,11906020,61A,0,6122,40.41356658935547,-79.85454559326172
1629745512,2192020,77,0,6364,40.456111907958984,-79.94139862060547
1629745510,4803020,Y47,0,6243,40.34371566772461,-79.98516082763672
1629745510,2085020,P12,0,6363,40.45604705810547,-79.93354034423828
1629745514,9840020,Y49,0,6121,40.34162521362305,-79.94398498535156
1629745498,1901020,Y49,0,6242,40.43918228149414,-80.00141143798828
1629745514,14534020,71C,0,6366,40.439125061035156,-79.96199035644531
1629745503,2380020,13,0,6002,40.459598541259766,-80.01728057861328
1629745489,1427020,53L,0,6244,40.361305236816406,-79.93013000488281
1629745498,7053020,53L,0,6126,40.4374885559082,-79.99939727783203
1629745498,1595020,88,0,6368,40.44245147705078,-79.99944305419922
1629745489,5276020,P3,0,6247,40.446876525878906,-79.94930267333984
1629745472,12834020,93,0,6125,40.45668411254883,-79.9549560546875
1629745499,389020,P68,0,6360,40.40985107421875,-79.85233306884766
1629745488,10880020,61B,0,6238,40.425254821777344,-79.89154815673828
1629745480,6097020,71D,0,6359,40.43791580200195,-79.99067687988281
1629745453,8221020,64,0,6237,40.467498779296875,-79.96359252929688
1629745501,2549020,83,0,6358,40.43699264526367,-79.96329498291016
1629745473,11403020,57,0,6239,40.43598175048828,-79.99557495117188
1629745506,1342020,61C,0,6118,40.44181823730469,-79.95845031738281
1629745513,13744020,83,0,6252,40.450801849365234,-79.97217559814453
1629745509,613020,51,0,6130,40.39803695678711,-79.9884262084961
1629745507,337020,81,0,6251,40.44489288330078,-79.98625946044922
1629745457,2110020,17,0,6014,40.46040725708008,-80.03053283691406
1629745379,12121020,59,0,6135,40.388206481933594,-79.82366943359375
1629745488,4665020,55,0,6134,40.318519592285156,-79.92167663574219
1629745514,13730020,86,0,6258,40.456138610839844,-79.93778228759766
1629745512,11026020,39,0,6015,40.44591522216797,-79.98931121826172
1629745486,2866020,83,0,6250,40.4436149597168,-79.9803466796875
1629745485,8685020,16,0,6007,40.503868103027344,-80.07485961914062
1629745504,651020,1,0,6006,40.4958610534668,-79.9391860961914
1629745505,9317020,56,0,6248,40.413116455078125,-79.94528198242188
1629745502,7152020,82,0,6369,40.4516716003418,-79.95262145996094
1629745507,4765020,54,0,6008,40.447425842285156,-79.94924926757812
1629745497,7663020,71D,0,6144,40.444297790527344,-79.9548568725586
1629745500,8504020,71A,0,6143,40.438018798828125,-79.99333190917969
1629745514,9140020,82,0,6146,40.444854736328125,-79.97769165039062
1629745510,2745020,P68,0,6267,40.42911911010742,-79.7490463256836
1629745488,6114020,67,0,6266,40.43720626831055,-79.97114562988281
1629745514,2622020,71B,0,6269,40.43796920776367,-79.9919662475586
1629745502,12490020,77,0,6268,40.460628509521484,-79.9144058227539
1629745513,9581020,77,0,6260,40.47637176513672,-79.77928924560547
1629745498,10588020,24,0,6018,40.4742317199707,-80.09247589111328
1629745482,6426020,67,0,6139,40.44063949584961,-80.00433349609375
1629745508,200020,48,0,6017,40.428550720214844,-79.97784423828125
1629745478,10957020,71D,0,6138,40.43721008300781,-79.97115325927734
1629745509,6520020,71C,0,6153,40.447689056396484,-79.88943481445312
1629745486,13441020,75,0,6274,40.45826721191406,-79.9185791015625
1629745506,8197020,93,0,6032,40.43419647216797,-79.92289733886719
1629745510,1933020,67,0,6152,40.438194274902344,-79.77347564697266
1629745483,4480020,82,0,7002,40.46164321899414,-79.9219741821289
1629745504,435020,64,0,6033,40.45668029785156,-79.93598175048828
1629745503,10892020,88,0,7001,40.4637565612793,-79.93126678466797
1629745481,3016020,P68,0,6275,40.45181655883789,-79.97906494140625
1629745503,8557020,71B,0,6157,40.43793487548828,-79.96366119384766
1629745502,6503020,Y46,0,6036,40.349605560302734,-79.97603607177734
1629745511,1312020,77,0,6156,40.46485137939453,-79.8538818359375
1629745510,9995020,71A,0,6270,40.445465087890625,-79.9532241821289
1629745485,7066020,P78,0,6272,40.45901870727539,-79.9675521850586
1629745494,9198020,75,0,6271,40.436683654785156,-79.97267150878906
1629745514,9125020,51,0,6029,40.428802490234375,-79.9813461303711
1629745505,8780020,51,0,6042,40.380615234375,-79.97626495361328
1629745504,4482020,71C,0,6045,40.45668411254883,-79.93597412109375
1629745513,10392020,59,0,6044,40.401824951171875,-79.88851165771484
1629745504,14274020,28X,0,6046,40.472618103027344,-80.21746826171875
1629745480,8933020,71A,0,6048,40.476287841796875,-79.92135620117188
1629745503,7482020,61C,0,6041,40.43962478637695,-79.99684143066406
1629745488,12980020,4,0,1705,40.44513702392578,-79.99932861328125
1629745465,13144020,4,0,1703,40.500125885009766,-80.02177429199219
1629745498,12294020,67,0,6052,40.44563674926758,-79.85537719726562
1629745499,2978020,71,0,6051,40.41990661621094,-79.88916778564453
1629745509,14422020,11,0,1711,40.44572830200195,-79.98954010009766
1629745508,13470020,44,0,1720,40.41148376464844,-79.97698974609375
1629745480,6318020,43,0,1728,40.430728912353516,-80.00131225585938
1629745513,13570020,40,0,1727,40.431617736816406,-80.01310729980469
1629745486,14653020,44,0,1726,40.38492965698242,-79.94869232177734
1629745509,9469020,44,0,1724,40.41193389892578,-79.97714233398438
1629745460,8760020,2,0,5904,40.45386505126953,-79.99859619140625
1629745512,1825020,54,0,5905,40.428558349609375,-79.97607421875
1629745497,3142020,14,0,5907,40.47860336303711,-80.04279327392578
1629745499,7022020,15,0,5908,40.44354248046875,-79.99539184570312
1629745495,2235020,13,0,5909,40.51698684692383,-80.03331756591797
1629745509,6896020,8,0,5902,40.45597839355469,-80.0025634765625
1629745490,4173020,54,0,5903,40.4210090637207,-80.00030517578125
1629745491,4355020,24,0,5918,40.452091217041016,-80.13387298583984
1629745487,8864020,48,0,5919,40.43065643310547,-80.00072479248047
1629745497,6751020,1,0,5910,40.477901458740234,-79.9691390991211
1629745496,6199020,21,0,5912,40.44129180908203,-80.00395202636719
1629745490,8360020,29,0,5913,40.452003479003906,-80.13346862792969
1629745501,14493020,59,0,5926,40.35126495361328,-79.92211151123047
1629745489,12606020,O12,0,5806,40.44286346435547,-79.99817657470703
1629745511,7570020,Y49,0,5927,40.346195220947266,-79.94979095458984
1629745513,14333020,6,0,5809,40.453739166259766,-79.99929809570312
1629745512,74020,61C,0,5921,40.419158935546875,-79.92696380615234
1629745505,4303020,64,0,5922,40.410648345947266,-79.91104888916016
1629745514,8184020,61D,0,5923,40.43894958496094,-79.9947280883789
1629745506,2394020,54,0,5803,40.408836364746094,-79.99150085449219
1629745487,1541020,61C,0,5925,40.443050384521484,-79.9538345336914
1629746119,11235020,75,0,5938,40.454925537109375,-79.93218231201172
1629746118,6358020,61A,0,5819,40.43795394897461,-79.99160766601562
1629746112,8208020,59,0,5931,40.414554595947266,-79.85334014892578
1629746120,8121020,81,0,5932,40.44097900390625,-79.9736328125
1629746087,13509020,51,0,5815,40.428733825683594,-79.98701477050781
1629746116,12135020,P76,0,5820,40.44124984741211,-80.00173950195312
1629746116,503020,16,0,5702,40.461814880371094,-80.01918029785156
1629746120,-1962801521,71C,1,5945,40.4616584777832,-79.92555236816406
1629746104,12822020,15,0,5705,40.444488525390625,-80.00103759765625
1629746092,9760020,71D,0,3420,40.44590377807617,-79.9527359008789
1629746120,8102020,89,0,5717,40.460205078125,-79.92132568359375
1629746092,2857020,P1,0,3417,40.41520690917969,-79.87957000732422
1629746119,7490020,71C,0,3416,40.437889099121094,-79.989990234375
1629746084,2247020,71A,0,3415,40.43975067138672,-79.9963150024414
1629746115,-1358729635,28X,1,3414,40.457759857177734,-79.91228485107422
1629746084,9982020,71C,0,3412,40.43782043457031,-79.98848724365234
1629746119,8454020,79,0,5715,40.455101013183594,-79.87113952636719
1629746114,13853020,P1,0,3419,40.458465576171875,-79.9273452758789
1629746122,5350020,86,0,3418,40.456356048583984,-79.93706512451172
1629746120,14674020,G2,0,3304,40.45267105102539,-80.04130554199219
1629746123,6603020,G2,0,3303,40.45267868041992,-80.03914642333984
1629746108,9803020,G2,0,3302,40.405521392822266,-80.0907974243164
1629746113,5573020,P1,0,3423,40.41897964477539,-79.88618469238281
1629746108,9305020,P3,0,3308,40.45653533935547,-79.93291473388672
1629746099,4736020,P1,0,3321,40.453460693359375,-79.93891906738281
1629746113,5026020,P1,0,3320,40.44126892089844,-79.99549865722656
1629746119,3322020,61D,0,3318,40.43744659423828,-79.97190856933594
1629746123,8516020,61C,0,3314,40.393863677978516,-79.87129211425781
1629746116,7990020,61D,0,3311,40.405517578125,-79.9166030883789
1629746115,6835020,P1,0,3332,40.451297760009766,-79.89478302001953
1629746107,7516020,P1,0,3331,40.41468811035156,-79.87870025634766
1629746099,3648020,71B,0,3330,40.438568115234375,-79.99465942382812
1629746119,14650020,P78,0,3329,40.537845611572266,-79.83464813232422
1629746118,10949020,61D,0,3207,40.43849563598633,-79.96122741699219
1629746113,9145020,71B,0,3325,40.447608947753906,-79.93988800048828
1629746111,1853020,61D,0,3202,40.44192123413086,-80.00110626220703
1629746100,14516020,71A,0,3323,40.43975830078125,-79.9942398071289
1629746110,12973020,6,0,5627,40.446128845214844,-79.98873901367188
1629746099,5849020,86,0,3340,40.4490966796875,-79.8909683227539
1629746112,6366020,29,0,6609,40.446109771728516,-79.9887924194336
1629746112,11608020,8,0,6608,40.51428985595703,-80.02432250976562
1629746103,12504020,71C,0,3336,40.438880920410156,-79.99266052246094
1629746094,1405020,71B,0,3335,40.438392639160156,-79.98063659667969
1629746114,3020,14,0,6603,40.4779052734375,-80.04238891601562
1629746109,4727020,24,0,5636,40.453033447265625,-80.03954315185547
1629746081,1231020,18,0,6606,40.45176315307617,-80.01753997802734
1629746122,941020,Y46,0,6621,40.403324127197266,-80.00242614746094
1629746106,6223020,83,0,6620,40.42842102050781,-79.97450256347656
1629746107,7935020,53L,0,6619,40.40652084350586,-79.9081039428711
1629746120,3136020,71B,0,3225,40.45911407470703,-79.92509460449219
1629746080,1908020,36,0,6612,40.44281768798828,-80.0043716430664
1629746101,12731020,29,0,6613,40.43879318237305,-80.0718765258789
1629746113,5218020,24,0,6615,40.444480895996094,-80.14549255371094
1629746124,5909020,Y47,0,6618,40.34112548828125,-79.94547271728516
1629746119,11697020,51,0,6617,40.421443939208984,-79.98451232910156
1629746118,12809020,51,0,5660,40.35371017456055,-79.97844696044922
1629746111,11021020,51,0,6630,40.34334945678711,-79.94275665283203
1629746119,11256020,61A,0,3244,40.41810989379883,-79.88261413574219
1629746105,10078020,71D,0,3240,40.43886184692383,-79.99475860595703
1629746103,12945020,12,0,6509,40.55234909057617,-80.02310943603516
1629746104,14218020,G2,0,3235,40.44300842285156,-79.99727630615234
1629746117,6940020,17,0,6501,40.47132873535156,-80.03080749511719
1629746097,312020,55,0,6622,40.38816452026367,-79.82364654541016
1629746124,10234020,Y46,0,5655,40.337852478027344,-79.95206451416016
1629746084,10577020,14,0,6503,40.569400787353516,-80.21373748779297
1629746108,9941020,Y46,0,6624,40.32392501831055,-79.94344329833984
1629746118,8498020,54,0,6505,40.46544647216797,-79.95482635498047
1629746110,1576020,93,0,6626,40.4537239074707,-79.95317077636719
1629746120,9232020,13,0,6508,40.468196868896484,-80.03536987304688
1629746061,4586020,59,0,6629,40.33543395996094,-79.94671630859375
1629746105,2788020,1,0,6507,40.53787612915039,-79.83452606201172
1629746112,8445020,61B,0,6628,40.438011169433594,-79.91827392578125
1629746117,12182020,82,0,6641,40.44678497314453,-79.96795654296875
1629746105,5063020,71D,0,6640,40.44995880126953,-79.89181518554688
1629746106,1991020,26,0,6521,40.43960189819336,-80.01677703857422
1629746111,5727020,P68,0,6642,40.427703857421875,-79.87307739257812
1629746120,302020,61C,0,3250,40.43733596801758,-79.9786376953125
1629746104,5728020,51,0,6634,40.43830108642578,-79.9999008178711
1629746124,638020,59,0,6633,40.399818420410156,-79.8342514038086
1629746097,8078020,20,0,6515,40.5036735534668,-80.13850402832031
1629746118,6149020,69,0,6636,40.387168884277344,-79.74868774414062
1629746121,10995020,38,0,6514,40.36711502075195,-80.10822296142578
1629746085,5700020,61A,0,6635,40.43800354003906,-79.99353790283203
1629746123,13334020,36,0,6517,40.34437561035156,-80.05003356933594
1629746114,5966020,41,0,6516,40.44155502319336,-79.99847412109375
1629746104,6250020,67,0,6637,40.441829681396484,-79.75454711914062
1629746117,13292020,38,0,6519,40.438724517822266,-80.03450012207031
1629746097,5785020,31,0,6518,40.382530212402344,-80.09388732910156
1629746124,256020,87,0,6650,40.45537567138672,-79.97628021240234
1629746113,9516020,2,0,6410,40.53812789916992,-80.01136016845703
1629746097,4551020,61D,0,6531,40.412353515625,-79.90826416015625
1629746124,5338020,74,0,6652,40.448123931884766,-79.90206909179688
1629746110,7271020,54,0,6412,40.45558547973633,-80.006103515625
1629746094,9662020,61C,0,6532,40.40823745727539,-79.89378356933594
1629746097,7055020,P1,0,3258,40.443580627441406,-79.99308013916016
1629746114,1090020,61C,0,3257,40.44240188598633,-79.9576187133789
1629746119,5766020,91,0,6403,40.453208923339844,-79.97943115234375
1629746124,6870020,P16,0,6645,40.44361114501953,-79.99270629882812
1629746113,11238020,36,0,6523,40.34828186035156,-80.05154418945312
1629746117,13049020,91,0,6402,40.49458694458008,-79.93352508544922
1629745885,9527020,58,0,6647,40.444480895996094,-79.947509765625
1629746113,11626020,91,0,6405,40.48740768432617,-79.88368225097656
1629746120,13449020,28X,0,6646,40.4528923034668,-79.920654296875
1629746123,422020,59,0,6525,40.416019439697266,-79.87908172607422
1629746125,10225020,16,0,6407,40.50385665893555,-80.07470703125
1629746120,4414020,61D,0,6528,40.408668518066406,-79.91250610351562
1629746108,14123020,87,0,6649,40.47016143798828,-79.92687225341797
1629746106,1071020,13,0,6408,40.51641845703125,-80.03752899169922
1629746121,7695020,67,0,6542,40.448211669921875,-79.91053771972656
1629746122,1366020,59,0,6541,40.40597152709961,-79.89292907714844
1629746115,12690020,16,0,6301,40.44291305541992,-80.00438690185547
1629746103,3256020,21,0,6422,40.49788284301758,-80.09207916259766
1629746124,14646020,74,0,6543,40.46047592163086,-79.89508819580078
1629746111,5661020,8,0,6414,40.493690490722656,-80.02213287353516
1629746122,14281020,61A,0,6534,40.440181732177734,-79.88838195800781
1629746105,12374020,91,0,6413,40.490684509277344,-79.8714370727539
1629746078,9579020,41,0,6416,40.34920883178711,-80.10366821289062
1629746120,13347020,53L,0,6537,40.36111068725586,-79.90766143798828
1629746111,459020,39,0,6417,40.389827728271484,-80.01081848144531
1629746105,10788020,60,0,6538,40.35093688964844,-79.86524200439453
1629746084,13047020,28X,0,6551,40.45703125,-79.91407012939453
1629746116,14356020,1,0,6311,40.57929611206055,-79.77890014648438
1629746115,14511020,61A,0,6432,40.42204666137695,-79.88651275634766
1629746094,2020020,1,0,6310,40.443416595458984,-79.99645233154297
1629746119,9209020,28X,0,6552,40.452030181884766,-80.04757690429688
1629746121,7192020,58,0,6555,40.41911697387695,-79.93791961669922
1629746121,10426020,6,0,6313,40.455360412597656,-79.99464416503906
1629746095,4217020,61B,0,6434,40.44609451293945,-79.95172119140625
1629746124,11405020,61B,0,6433,40.438350677490234,-79.96141052246094
1629746122,13012020,71A,0,6554,40.44554138183594,-79.95315551757812
1629746083,6810020,91,0,6312,40.44390106201172,-79.99431610107422
1629746118,862020,1,0,6304,40.531219482421875,-79.84867095947266
1629746115,13648020,26,0,6425,40.44097900390625,-80.07276916503906
1629746100,12425020,71C,0,6546,40.44887924194336,-79.9004135131836
1629746072,14064020,12,0,6306,40.586212158203125,-80.0306396484375
1629746121,803020,31,0,6427,40.439857482910156,-80.01728820800781
1629746098,13240020,87,0,6548,40.44164276123047,-79.99977111816406
1629746119,9828020,71D,0,6547,40.451881408691406,-79.92410278320312
1629746120,9002020,91,0,6305,40.48476028442383,-79.9472427368164
1629746109,8248020,56,0,6429,40.38970947265625,-79.93353271484375
1629746108,3643020,14,0,6307,40.59159851074219,-80.22761535644531
1629746121,5527020,59,0,6428,40.352500915527344,-79.85199737548828
1629746104,13941020,71D,0,6549,40.44751739501953,-79.88935089111328
1629746104,11269020,31,0,6320,40.44260787963867,-80.02421569824219
1629746076,11379020,61D,0,6441,40.44046401977539,-79.93557739257812
1629746122,367020,38,0,6321,40.40190124511719,-80.06246185302734
1629746107,8412020,61B,0,6442,40.44104766845703,-79.99665069580078
1629746114,999020,12,0,6203,40.54623031616211,-80.01996612548828
1629746071,8583020,16,0,6202,40.45149612426758,-80.0011215209961
1629746100,2336020,39,0,6323,40.4417610168457,-80.00243377685547
1629746101,11728020,17,0,6315,40.44208526611328,-80.0015869140625
1629746110,2414020,71A,0,6557,40.458160400390625,-79.93392181396484
1629746120,2599020,27,0,6317,40.44126510620117,-80.03765869140625
1629746119,12738020,54,0,6316,40.45352554321289,-80.00047302246094
1629746093,874020,75,0,6450,40.430381774902344,-79.97366333007812
1629746104,3652020,59,0,6333,40.4110107421875,-79.9101791381836
1629746099,545020,75,0,6453,40.49008560180664,-79.86994934082031
1629746123,1175020,2,0,6213,40.48146438598633,-79.9744644165039
1629746093,8172020,61A,0,6334,40.44068908691406,-79.9957275390625
1629746107,11376020,26,0,6326,40.441158294677734,-80.06874084472656
1629746114,13998020,61A,0,6447,40.445987701416016,-79.95167541503906
1629746113,-1842620082,91,1,6205,40.4775505065918,-79.95645904541016
1629746116,6570020,64,0,6449,40.45207977294922,-79.92047119140625
1629746099,8325020,20,0,6327,40.44272994995117,-80.00433349609375
1629746125,2009020,8,0,6206,40.45547866821289,-80.00621032714844
1629746101,796020,Y47,0,6448,40.44037628173828,-80.00059509277344
1629746113,7540020,61A,0,6340,40.405662536621094,-79.86355590820312
1629746110,9156020,86,0,6461,40.46012496948242,-79.91291809082031
1629746112,14524020,61A,0,6342,40.41280746459961,-79.85633850097656
1629746113,4503020,56,0,6341,40.346492767333984,-79.82963562011719
1629746105,10599020,87,0,6462,40.48872756958008,-79.93631744384766
1629746117,11291020,16,0,6102,40.499271392822266,-80.06362915039062
1629746123,5717020,27,0,6223,40.458953857421875,-80.07817077636719
1629746124,8955020,61B,0,6346,40.438045501708984,-79.92761993408203
1629746114,1349020,13,0,6103,40.463714599609375,-80.03263092041016
1629746122,9361020,22,0,6224,40.4755744934082,-80.07266235351562
1629746122,10933020,12,0,6216,40.4569091796875,-79.99923706054688
1629746103,571020,12,0,6215,40.53044128417969,-80.00958251953125
1629746103,2980020,74,0,6457,40.46104049682617,-79.92750549316406
1629746124,10418020,41,0,6217,40.382957458496094,-80.05663299560547
1629746105,7753020,P3,0,6351,40.415008544921875,-79.87924194335938
1629746100,10937020,41,0,6231,40.385765075683594,-80.05006408691406
1629746104,6124020,61B,0,6112,40.43798828125,-79.99262237548828
1629746030,8608020,P3,0,6233,40.444026947021484,-79.95528411865234
1629746123,3987020,61A,0,6115,40.43806076049805,-79.9236068725586
1629746116,9443020,93,0,6357,40.444217681884766,-79.95494079589844
1629746121,9307020,55,0,6235,40.3282585144043,-79.94485473632812
1629746124,227020,54,0,6105,40.464637756347656,-79.95381164550781
1629746122,9719020,21,0,6228,40.515708923339844,-80.1441421508789
1629746092,3601020,48,0,6107,40.4173469543457,-79.97359466552734
1629746123,11778020,59,0,6240,40.362953186035156,-79.85890197753906
1629746089,2207020,71C,0,6361,40.43817901611328,-79.97664642333984
1629746098,8677020,54,0,6001,40.44430160522461,-79.9548568725586
1629746112,1566020,61B,0,6122,40.407196044921875,-79.87528228759766
1629746084,2192020,77,0,6364,40.450679779052734,-79.97814178466797
1629746087,4803020,Y47,0,6243,40.34746551513672,-79.94904327392578
1629746099,2085020,P12,0,6363,40.438385009765625,-79.87946319580078
1629746121,9840020,Y49,0,6121,40.35939407348633,-79.95945739746094
1629746099,8025020,Y49,0,6242,40.4368896484375,-80.00083923339844
1629746119,7865020,12,0,6003,40.586769104003906,-80.04133605957031
1629746097,14534020,71C,0,6366,40.44968795776367,-79.95064544677734
1629746121,2380020,13,0,6002,40.449981689453125,-80.00104522705078
1629746101,1427020,53L,0,6244,40.34469985961914,-79.93920135498047
1629746084,8093020,53L,0,6126,40.43943786621094,-80.00148010253906
1629746096,1595020,88,0,6368,40.46031951904297,-79.96934509277344
1629746092,5276020,P3,0,6247,40.45671463012695,-79.90958404541016
1629746114,7293020,93,0,6246,40.40648651123047,-79.94140625
1629746094,12834020,93,0,6125,40.47707748413086,-79.95685577392578
1629746094,389020,P68,0,6360,40.40485763549805,-79.84370422363281
1629746109,6097020,71D,0,6359,40.437984466552734,-79.9743881225586
1629746111,8221020,64,0,6237,40.457542419433594,-79.94135284423828
1629746100,2549020,83,0,6358,40.442840576171875,-79.95929718017578
1629746111,5352020,57,0,6239,40.43769454956055,-79.99677276611328
1629746118,1342020,61C,0,6118,40.43846893310547,-79.98311614990234
1629746071,13744020,83,0,6252,40.446956634521484,-79.96002960205078
1629746122,613020,51,0,6130,40.42172622680664,-79.98416137695312
1629746118,337020,81,0,6251,40.44320297241211,-79.96670532226562
1629746120,2110020,17,0,6014,40.48614501953125,-80.03660583496094
1629746091,4509020,55,0,6135,40.38062286376953,-79.82852172851562
1629746107,4665020,55,0,6134,40.292396545410156,-79.8754653930664
1629746104,13730020,86,0,6258,40.46329116821289,-79.95209503173828
1629746125,6808020,P78,0,6137,40.43960952758789,-79.99754333496094
1629746096,11026020,39,0,6015,40.44591522216797,-79.98931121826172
1629746114,2866020,83,0,6250,40.441749572753906,-80.00252532958984
1629746096,8685020,16,0,6007,40.49684143066406,-80.05815887451172
1629746107,651020,1,0,6006,40.45685577392578,-79.98957824707031
1629746092,9317020,56,0,6248,40.43598175048828,-79.9955825805664
1629746104,7152020,82,0,6369,40.44224166870117,-79.9832534790039
1629746109,4765020,54,0,6008,40.4380989074707,-79.96341705322266
1629746106,9036020,77,0,6263,40.44142150878906,-79.99336242675781
1629746109,12526020,75,0,6262,40.47767639160156,-79.9302978515625
1629746115,7663020,71D,0,6144,40.450958251953125,-79.9263916015625
1629746016,8504020,71A,0,6143,40.437862396240234,-79.98947143554688
1629746116,9140020,82,0,6146,40.448326110839844,-79.95904541015625
1629746098,2745020,P68,0,6267,40.429100036621094,-79.75109100341797
1629746118,2622020,71B,0,6269,40.43773651123047,-79.98668670654297
1629746109,12490020,77,0,6268,40.455081939697266,-79.88111877441406
1629746112,14056020,P17,0,6140,40.44088363647461,-79.9958724975586
1629746096,9581020,77,0,6260,40.453025817871094,-79.75023651123047
1629746116,10588020,24,0,6018,40.46554946899414,-80.06141662597656
1629746114,6426020,67,0,6139,40.437129974365234,-79.9631118774414
1629746123,200020,48,0,6017,40.41765213012695,-79.96556091308594
1629746111,10957020,71D,0,6138,40.44185256958008,-79.998779296875
1629746115,13441020,75,0,6274,40.47737503051758,-79.92938995361328
1629746117,8197020,93,0,6032,40.4071159362793,-79.94324493408203
1629746116,1933020,67,0,6152,40.43259811401367,-79.79400634765625
1629746114,4480020,82,0,7002,40.457298278808594,-79.9339370727539
1629746117,435020,64,0,6033,40.46575927734375,-79.95455932617188
1629746105,10892020,88,0,7001,40.46713638305664,-79.96316528320312
1629746118,3016020,P68,0,6275,40.446651458740234,-79.88864135742188
1629746103,8557020,71B,0,6157,40.44719314575195,-79.94546508789062
1629746104,6503020,Y46,0,6036,40.39200973510742,-79.99830627441406
1629746124,1312020,77,0,6156,40.458248138427734,-79.90281677246094
1629746110,9995020,71A,0,6270,40.456932067871094,-79.93511962890625
1629746100,7066020,P78,0,6272,40.441219329833984,-80.00165557861328
1629746074,9198020,75,0,6271,40.444217681884766,-79.95494079589844
1629746111,9125020,51,0,6029,40.43571853637695,-80.0015640258789
1629746114,8780020,51,0,6042,40.393333435058594,-79.98649597167969
1629746122,4482020,71C,0,6045,40.44723129272461,-79.94914245605469
1629746072,10392020,59,0,6044,40.383548736572266,-79.87808227539062
1629746121,14274020,28X,0,6046,40.472618103027344,-80.21746826171875
1629746100,8933020,71A,0,6048,40.47933578491211,-79.92134094238281
1629746100,7482020,61C,0,6041,40.4379997253418,-79.9927978515625
1629746119,12980020,4,0,1705,40.46051788330078,-79.98483276367188
1629746116,4285020,4,0,1703,40.491729736328125,-79.99369049072266
1629746120,12294020,67,0,6052,40.42985916137695,-79.8092269897461
1629746118,2978020,71,0,6051,40.42268371582031,-79.89088439941406
1629746124,14422020,11,0,1711,40.44572830200195,-79.98954010009766
1629746111,2537020,11,0,1710,40.44373321533203,-79.99369049072266
1629746120,10059020,44,0,1716,40.44281768798828,-79.9968032836914
1629746116,13470020,44,0,1720,40.41973114013672,-80.00308227539062
1629746096,6318020,43,0,1728,40.4420051574707,-79.999267578125
1629746121,8008020,40,0,1727,40.43795394897461,-80.01854705810547
1629746124,8491020,44,0,1726,40.385440826416016,-79.97727966308594
1629746124,9469020,44,0,1724,40.39425277709961,-79.9863510131836
1629746102,8760020,2,0,5904,40.480533599853516,-79.97429656982422
1629746107,1825020,54,0,5905,40.41593933105469,-79.99816131591797
1629746107,3142020,14,0,5907,40.51454162597656,-80.11531829833984
1629746112,7022020,15,0,5908,40.446022033691406,-79.98880004882812
1629746122,6896020,8,0,5902,40.470245361328125,-80.00839233398438
1629746124,4173020,54,0,5903,40.421775817871094,-79.97920227050781
1629746102,4355020,24,0,5918,40.4681396484375,-80.0982437133789
1629746117,8864020,48,0,5919,40.44179916381836,-79.99964141845703
1629746113,6751020,1,0,5910,40.49388885498047,-79.91706848144531
1629746099,13862020,21,0,5912,40.44356918334961,-80.02655029296875
1629746111,8360020,29,0,5913,40.45355987548828,-80.1676254272461
1629746112,14493020,59,0,5926,40.343902587890625,-79.94490814208984
1629746116,12606020,O12,0,5806,40.5053596496582,-80.00850677490234
1629746123,14333020,6,0,5809,40.467220306396484,-79.9945297241211
1629746117,74020,61C,0,5921,40.437904357910156,-79.93058776855469
1629746120,4303020,64,0,5922,40.40829086303711,-79.91304016113281
1629746120,8184020,61D,0,5923,40.43794250488281,-79.99124145507812
1629746120,2394020,54,0,5803,40.408836364746094,-79.99150848388672
1629746120,1541020,61C,0,5925,40.437740325927734,-79.92295837402344
1629746578,11235020,75,0,5938,40.44453430175781,-79.95465087890625
1629746584,6358020,61A,0,5819,40.438079833984375,-79.99038696289062
1629746567,8208020,59,0,5931,40.40544128417969,-79.86692810058594
1629746571,8121020,81,0,5932,40.444942474365234,-79.98612213134766
1629746586,13509020,51,0,5815,40.417789459228516,-79.98639678955078
1629746566,221020,17,0,5707,40.50053024291992,-80.02249908447266
1629746569,12078020,P76,0,5820,40.447288513183594,-79.9872055053711
1629746584,1897020,71C,0,5943,40.44486999511719,-79.89185333251953
1629746583,503020,16,0,5702,40.454673767089844,-80.00213623046875
1629746585,-1962801521,71C,1,5945,40.45616149902344,-79.91558074951172
1629746582,12822020,15,0,5705,40.45621871948242,-80.0029525756836
1629746569,9760020,71D,0,3420,40.43696975708008,-79.97041320800781
1629746574,1417020,74,0,5717,40.46145248413086,-79.925048828125
1629746578,2851020,P1,0,3417,40.41908645629883,-79.88618469238281
1629746576,7490020,71C,0,3416,40.43766403198242,-79.98516082763672
1629746558,2247020,71A,0,3415,40.43894958496094,-79.9947280883789
1629746542,-1358729635,28X,1,3414,40.457759857177734,-79.91228485107422
1629746557,9982020,71C,0,3412,40.436424255371094,-79.96768951416016
1629746568,8454020,79,0,5715,40.44367218017578,-79.8870849609375
1629746576,13853020,P1,0,3419,40.42459487915039,-79.88612365722656
1629746578,5350020,86,0,3418,40.460845947265625,-79.92321014404297
1629746586,4151020,P3,0,3306,40.439266204833984,-79.96179962158203
1629746566,14674020,G2,0,3304,40.41203308105469,-80.0854721069336
1629746560,6603020,G2,0,3303,40.441654205322266,-80.00276184082031
1629746583,9803020,G2,0,3302,40.434818267822266,-80.06758117675781
1629746562,5573020,P1,0,3423,40.41511154174805,-79.8794937133789
1629746571,9305020,P3,0,3308,40.447181701660156,-79.94738006591797
1629746575,2711020,P1,0,3321,40.443809509277344,-79.99488830566406
1629746560,5026020,P1,0,3320,40.45635223388672,-79.93309783935547
1629746578,3322020,61D,0,3318,40.43952178955078,-79.99436950683594
1629746555,7990020,61D,0,3311,40.412269592285156,-79.90267944335938
1629746577,6835020,P1,0,3332,40.45664978027344,-79.94661712646484
1629746565,14205020,P1,0,3331,40.414756774902344,-79.87882995605469
1629746566,3648020,71B,0,3330,40.438018798828125,-79.99333190917969
1629746541,14650020,P78,0,3329,40.54046630859375,-79.83125305175781
1629746564,10949020,61D,0,3207,40.4444694519043,-79.94776153564453
1629746567,9145020,71B,0,3325,40.44264602661133,-79.95738220214844
1629746584,2086020,61D,0,3202,40.44001007080078,-79.9944839477539
1629746575,9528020,71A,0,3323,40.43973922729492,-79.99771881103516
1629746584,12973020,6,0,5627,40.44242858886719,-79.99990844726562
1629746580,869020,21,0,6610,40.53528594970703,-80.18551635742188
1629746565,988020,71C,0,3340,40.44985580444336,-79.89168548583984
1629746586,14011020,29,0,6609,40.44148635864258,-80.00541687011719
1629746586,2074020,P12,0,3339,40.4409294128418,-80.00088500976562
1629746565,8932020,P1,0,3338,40.45798873901367,-79.91300964355469
1629746492,12504020,71C,0,3336,40.44227981567383,-79.99984741210938
1629746577,1405020,71B,0,3335,40.44160079956055,-79.99872589111328
1629746586,3020,14,0,6603,40.44810485839844,-80.0215072631836
1629746568,4727020,24,0,5636,40.46577453613281,-80.06407928466797
1629746587,1231020,18,0,6606,40.45649719238281,-80.0316162109375
1629746583,941020,Y46,0,6621,40.378448486328125,-79.9921875
1629746546,6223020,83,0,6620,40.443634033203125,-79.9518051147461
1629746542,7935020,53L,0,6619,40.41116714477539,-79.90960693359375
1629746586,3136020,71B,0,3225,40.44840621948242,-79.93418884277344
1629746576,1908020,36,0,6612,40.40367889404297,-80.04051971435547
1629746562,12731020,29,0,6613,40.43531036376953,-80.06742095947266
1629746569,5218020,24,0,6615,40.4559211730957,-80.16783142089844
1629746539,5909020,Y47,0,6618,40.348201751708984,-79.94721221923828
1629746540,11697020,51,0,6617,40.42879867553711,-79.98414611816406
1629746581,12809020,51,0,5660,40.34567642211914,-79.95838165283203
1629746541,11021020,51,0,6630,40.34764862060547,-79.94720458984375
1629746582,14394020,14,0,6510,40.44765853881836,-80.0188980102539
1629746566,11256020,61A,0,3244,40.40233612060547,-79.86136627197266
1629746579,10078020,71D,0,3240,40.43830871582031,-79.99447631835938
1629746563,12945020,12,0,6509,40.55473327636719,-80.0169448852539
1629746542,14218020,G2,0,3235,40.44137191772461,-80.00543212890625
1629746578,963020,52L,0,5654,40.43927001953125,-80.00415802001953
1629746575,6940020,17,0,6501,40.45569610595703,-80.02687072753906
1629746543,312020,55,0,6622,40.388179779052734,-79.82364654541016
1629746583,10234020,Y46,0,5655,40.312252044677734,-79.9383544921875
1629746551,10577020,14,0,6503,40.541526794433594,-80.18206787109375
1629746568,9941020,Y46,0,6624,40.33845138549805,-79.95350646972656
1629746561,5751020,8,0,6506,40.51734161376953,-80.03865051269531
1629746560,8498020,54,0,6505,40.46626281738281,-79.96472930908203
1629746579,1576020,93,0,6626,40.444087982177734,-79.95528411865234
1629746579,9232020,13,0,6508,40.49528884887695,-80.052001953125
1629746586,4586020,59,0,6629,40.34349060058594,-79.9430160522461
1629746580,2788020,1,0,6507,40.54267120361328,-79.77302551269531
1629746553,12182020,82,0,6641,40.45076370239258,-79.95513153076172
1629746568,5063020,71D,0,6640,40.44337844848633,-79.88626861572266
1629746573,11589020,91,0,6401,40.49013900756836,-79.8699722290039
1629746552,8057020,26,0,6521,40.44166564941406,-80.02147674560547
1629746583,5727020,P68,0,6642,40.44225311279297,-79.88614654541016
1629746568,302020,61C,0,3250,40.44297409057617,-79.95429992675781
1629746577,5728020,51,0,6634,40.428733825683594,-79.98701477050781
1629746574,8078020,20,0,6515,40.48064041137695,-80.10517883300781
1629746579,6149020,69,0,6636,40.40091323852539,-79.7829818725586
1629746562,5700020,61A,0,6635,40.43798828125,-79.99262237548828
1629746563,11574020,41,0,6516,40.432159423828125,-80.00387573242188
1629746571,6250020,67,0,6637,40.43824768066406,-79.77308654785156
1629746586,13292020,38,0,6519,40.406532287597656,-80.05280303955078
1629746580,5785020,31,0,6518,40.396690368652344,-80.0849380493164
1629746585,2548020,87,0,6650,40.442501068115234,-79.99942016601562
1629746578,9516020,2,0,6410,40.54832077026367,-80.02013397216797
1629746572,4551020,61D,0,6531,40.40841293334961,-79.91287994384766
1629746586,5338020,74,0,6652,40.4390983581543,-79.92301940917969
1629746524,9662020,61C,0,6532,40.415287017822266,-79.92471313476562
1629746566,11362020,P1,0,3258,40.45534896850586,-79.97371673583984
1629746585,1090020,61C,0,3257,40.438629150390625,-79.9869613647461
1629746562,6870020,P16,0,6645,40.43965148925781,-79.99656677246094
1629746579,11238020,36,0,6523,40.369388580322266,-80.06063079833984
1629746574,13049020,91,0,6402,40.488746643066406,-79.89183807373047
1629746510,9527020,58,0,6647,40.43700408935547,-79.96295166015625
1629746581,11626020,91,0,6405,40.48830032348633,-79.89915466308594
1629746581,422020,59,0,6525,40.40501403808594,-79.8675765991211
1629746585,13846020,16,0,6407,40.500099182128906,-80.06572723388672
1629746523,4414020,61D,0,6528,40.419185638427734,-79.9269790649414
1629746561,14123020,87,0,6649,40.46211624145508,-79.94044494628906
1629746587,1071020,13,0,6408,40.50621032714844,-80.05137634277344
1629746552,7695020,67,0,6542,40.4437141418457,-79.88677215576172
1629746572,1366020,59,0,6541,40.41036605834961,-79.91156768798828
1629746579,2562020,82,0,6544,40.46047592163086,-79.9129867553711
1629746575,12690020,16,0,6301,40.455257415771484,-80.00237274169922
1629746564,3256020,21,0,6422,40.47075653076172,-80.06061553955078
1629746583,14646020,74,0,6543,40.470703125,-79.89757537841797
1629746584,5661020,8,0,6414,40.468807220458984,-80.00941467285156
1629746585,14281020,61A,0,6534,40.43804168701172,-79.91973114013672
1629746584,12374020,91,0,6413,40.487552642822266,-79.89395904541016
1629746570,9579020,41,0,6416,40.34920883178711,-80.10366821289062
1629746575,13347020,53L,0,6537,40.34769821166992,-79.93354797363281
1629746558,13432020,39,0,6417,40.39234924316406,-80.00965881347656
1629746585,10788020,60,0,6538,40.333290100097656,-79.84747314453125
1629746584,13047020,28X,0,6551,40.45348358154297,-79.91629028320312
1629746582,14356020,1,0,6311,40.56465148925781,-79.77046203613281
1629746565,14511020,61A,0,6432,40.44215393066406,-79.8860092163086
1629746563,2020020,1,0,6310,40.45157241821289,-80.0010986328125
1629746576,9209020,28X,0,6552,40.442386627197266,-80.0
1629746582,7192020,58,0,6555,40.43442153930664,-79.95317840576172
1629746571,10426020,6,0,6313,40.44382858276367,-79.99845123291016
1629746585,4217020,61B,0,6434,40.43689727783203,-79.9701919555664
1629746577,11405020,61B,0,6433,40.4444694519043,-79.94776153564453
1629746577,13012020,71A,0,6554,40.45261001586914,-79.94971466064453
1629746583,6810020,91,0,6312,40.460655212402344,-79.96984100341797
1629746585,862020,1,0,6304,40.48851013183594,-79.87812805175781
1629746570,13648020,26,0,6425,40.452999114990234,-80.06551361083984
1629746556,12425020,71C,0,6546,40.46100616455078,-79.92362976074219
1629746563,14064020,12,0,6306,40.586212158203125,-80.0306396484375
1629746577,803020,31,0,6427,40.44361114501953,-79.99356079101562
1629746573,-611592085,87,1,6548,40.443878173828125,-79.9941635131836
1629746582,9828020,71D,0,6547,40.44658279418945,-79.95175170898438
1629746552,9002020,91,0,6305,40.4689826965332,-79.96197509765625
1629746579,8248020,56,0,6429,40.36946105957031,-79.91161346435547
1629746571,3643020,14,0,6307,40.59159851074219,-80.22761535644531
1629746558,5527020,59,0,6428,40.33742904663086,-79.8630599975586
1629746584,13941020,71D,0,6549,40.45258712768555,-79.88851928710938
1629746583,11269020,31,0,6320,40.44388961791992,-80.0276870727539
1629746584,11379020,61D,0,6441,40.44611358642578,-79.95172882080078
1629746577,367020,38,0,6321,40.43244171142578,-80.03842163085938
1629746583,12423020,61B,0,6442,40.440101623535156,-79.99649047851562
1629746560,999020,12,0,6203,40.54597091674805,-80.00544738769531
1629746559,8583020,16,0,6202,40.45513153076172,-80.00846862792969
1629746558,2336020,39,0,6323,40.44525909423828,-79.990234375
1629746578,7997020,17,0,6315,40.45172119140625,-80.00117492675781
1629746584,2414020,71A,0,6557,40.452613830566406,-79.94970703125
1629746558,2599020,27,0,6317,40.44957733154297,-80.06429290771484
1629746572,12738020,54,0,6316,40.4542236328125,-79.97786712646484
1629746585,874020,75,0,6450,40.423805236816406,-79.96011352539062
1629746567,699020,67,0,6452,40.44639205932617,-79.95183563232422
1629746564,3652020,59,0,6333,40.407127380371094,-79.91458892822266
1629746563,-2084119021,38,1,6332,40.36790466308594,-80.10858154296875
1629746580,8846020,75,0,6453,40.48966979980469,-79.87290954589844
1629746575,9874020,71B,0,6456,40.46209716796875,-79.92453002929688
1629746580,1175020,2,0,6213,40.458282470703125,-79.98663330078125
1629746557,9011020,61A,0,6334,40.44010543823242,-79.99869537353516
1629746583,11376020,26,0,6326,40.441158294677734,-80.06874084472656
1629746565,13998020,61A,0,6447,40.43670654296875,-79.96961212158203
1629746568,-1842620082,91,1,6205,40.4875373840332,-79.93966674804688
1629746579,-1740905817,91,1,6204,40.44551467895508,-79.99398803710938
1629746580,6570020,64,0,6449,40.456687927246094,-79.93595886230469
1629746557,8325020,20,0,6327,40.44282913208008,-80.02481842041016
1629746558,2009020,8,0,6206,40.445579528808594,-79.99920654296875
1629746561,789020,Y47,0,6448,40.436744689941406,-80.00092315673828
1629746586,7540020,61A,0,6340,40.41197204589844,-79.86994934082031
1629746564,9156020,86,0,6461,40.46059036254883,-79.92247772216797
1629746586,9743020,61B,0,6342,40.4081916809082,-79.85806274414062
1629746544,4503020,56,0,6341,40.346492767333984,-79.82963562011719
1629746583,12006020,87,0,6462,40.48337936401367,-79.94757843017578
1629746561,11291020,16,0,6102,40.50384521484375,-80.07485961914062
1629746580,5717020,27,0,6223,40.44411087036133,-80.05596160888672
1629746585,8955020,61B,0,6346,40.4440803527832,-79.9500961303711
1629746578,1349020,13,0,6103,40.45536804199219,-80.00682067871094
1629746572,9361020,22,0,6224,40.46519088745117,-80.05374145507812
1629746582,10933020,12,0,6216,40.44447326660156,-79.99871063232422
1629746575,571020,12,0,6215,40.54377746582031,-80.01065826416016
1629746579,2980020,74,0,6457,40.46104049682617,-79.92750549316406
1629746562,10418020,41,0,6217,40.392425537109375,-80.03760528564453
1629746560,9838020,29,0,6219,40.425315856933594,-80.18878936767578
1629746544,7753020,P3,0,6351,40.4376106262207,-79.88577270507812
1629746586,11356020,61C,0,6111,40.35200881958008,-79.85952758789062
1629746581,10937020,41,0,6231,40.372005462646484,-80.07793426513672
1629746566,6124020,61B,0,6112,40.43796920776367,-79.99211120605469
1629746578,8608020,P3,0,6233,40.455543518066406,-79.94477844238281
1629746575,3987020,61A,0,6115,40.43954849243164,-79.89926147460938
1629746569,11226020,81,0,6236,40.43609619140625,-79.96451568603516
1629746577,9443020,93,0,6357,40.453773498535156,-79.953125
1629746577,9307020,55,0,6235,40.341217041015625,-79.94522094726562
1629746560,3116020,57,0,6348,40.41035842895508,-79.9127426147461
1629746569,227020,54,0,6105,40.453731536865234,-79.94749450683594
1629746581,9719020,21,0,6228,40.52627944946289,-80.20977020263672
1629746579,3601020,48,0,6107,40.427799224853516,-79.96968841552734
1629746586,11778020,59,0,6240,40.373451232910156,-79.84561157226562
1629746573,2207020,71C,0,6361,40.440738677978516,-79.99584197998047
1629746574,8677020,54,0,6001,40.452430725097656,-79.95028686523438
1629746558,1566020,61B,0,6122,40.426719665527344,-79.89122009277344
1629746557,2192020,77,0,6364,40.44007873535156,-79.99429321289062
1629746584,4803020,Y47,0,6243,40.336204528808594,-79.9368667602539
1629746560,2085020,P12,0,6363,40.4410514831543,-79.82953643798828
1629746583,9840020,Y49,0,6121,40.36241149902344,-79.97795104980469
1629746574,8025020,Y49,0,6242,40.39897537231445,-80.001220703125
1629746581,7865020,12,0,6003,40.571990966796875,-80.02152252197266
1629746572,14534020,71C,0,6366,40.45586013793945,-79.93875122070312
1629746582,9573020,13,0,6002,40.4425163269043,-80.0040054321289
1629746573,1427020,53L,0,6244,40.36048126220703,-79.9076919555664
1629746532,8093020,53L,0,6126,40.435665130615234,-79.97611999511719
1629746563,1595020,88,0,6368,40.465389251708984,-79.94615173339844
1629746560,5276020,P3,0,6247,40.415225982666016,-79.87933349609375
1629746582,7293020,93,0,6246,40.42257308959961,-79.92881774902344
1629746575,12834020,93,0,6125,40.48290252685547,-79.94801330566406
1629746566,389020,P68,0,6360,40.40485763549805,-79.84370422363281
1629746560,6097020,71D,0,6359,40.44340896606445,-79.95613098144531
1629746580,8221020,64,0,6237,40.45250701904297,-79.93122100830078
1629746585,2549020,83,0,6358,40.4470329284668,-79.96022033691406
1629746561,5352020,57,0,6239,40.43090057373047,-79.95897674560547
1629746554,1342020,61C,0,6118,40.44144058227539,-79.99772644042969
1629746583,13744020,83,0,6252,40.44138717651367,-79.96171569824219
1629746565,613020,51,0,6130,40.4287109375,-79.9876937866211
1629746572,337020,81,0,6251,40.438026428222656,-79.96354675292969
1629746579,2110020,17,0,6014,40.4961051940918,-80.02281951904297
1629746581,4509020,55,0,6135,40.35220718383789,-79.85787200927734
1629746560,4665020,55,0,6134,40.319183349609375,-79.89067840576172
1629746562,13730020,86,0,6258,40.449153900146484,-79.98539733886719
1629746550,10913020,P78,0,6137,40.44354248046875,-79.99539184570312
1629746581,9350020,39,0,6015,40.438636779785156,-79.9996109008789
1629746582,8481020,83,0,6250,40.442752838134766,-79.99089050292969
1629746550,8685020,16,0,6007,40.487430572509766,-80.04072570800781
1629746565,651020,1,0,6006,40.444061279296875,-79.99852752685547
1629746564,13274020,56,0,6248,40.4401969909668,-80.00347137451172
1629746544,7152020,82,0,6369,40.44153594970703,-80.00249481201172
1629746565,4765020,54,0,6008,40.42923355102539,-79.97354125976562
1629746576,9036020,77,0,6263,40.45595932006836,-79.94193267822266
1629746586,12526020,75,0,6262,40.463558197021484,-79.91771697998047
1629746578,7663020,71D,0,6144,40.45525360107422,-79.90032196044922
1629746586,8504020,71A,0,6143,40.437984466552734,-79.97440338134766
1629746580,9140020,82,0,6146,40.45485305786133,-79.94207763671875
1629746573,2745020,P68,0,6267,40.43571090698242,-79.77076721191406
1629746560,2622020,71B,0,6269,40.437747955322266,-79.97293853759766
1629746586,12490020,77,0,6268,40.46031951904297,-79.84417724609375
1629746557,14056020,P17,0,6140,40.443458557128906,-79.99600219726562
1629746581,9581020,77,0,6260,40.453025817871094,-79.75023651123047
1629746569,10588020,24,0,6018,40.438175201416016,-80.01278686523438
1629746563,6426020,67,0,6139,40.44381332397461,-79.95111083984375
1629746562,200020,48,0,6017,40.42169952392578,-79.99687957763672
1629746580,5433020,71D,0,6138,40.440616607666016,-79.99541473388672
1629746586,13441020,75,0,6274,40.490020751953125,-79.90540313720703
1629746537,3006020,51L,0,6031,40.43706512451172,-80.00166320800781
1629746573,1933020,67,0,6152,40.431373596191406,-79.81797790527344
1629746557,4480020,82,0,7002,40.45079040527344,-79.95503997802734
1629746584,8985020,64,0,6033,40.46747970581055,-79.963623046875
1629746575,10892020,88,0,7001,40.45146179199219,-79.98198699951172
1629746586,3016020,P68,0,6275,40.43721008300781,-79.87663269042969
1629746569,8557020,71B,0,6157,40.45914077758789,-79.92504119873047
1629746586,6503020,Y46,0,6036,40.43209457397461,-80.00391387939453
1629746560,1312020,77,0,6156,40.46086502075195,-79.91556549072266
1629746586,9995020,71A,0,6270,40.47090148925781,-79.9265365600586
1629746565,9198020,75,0,6271,40.454715728759766,-79.93254852294922
1629746574,14048020,51,0,6029,40.441593170166016,-79.99826049804688
1629746580,8780020,51,0,6042,40.41647720336914,-79.98693084716797
1629746563,4482020,71C,0,6045,40.439369201660156,-79.96174621582031
1629746573,10392020,59,0,6044,40.3802490234375,-79.86434173583984
1629746536,14274020,28X,0,6046,40.472618103027344,-80.21746826171875
1629746568,7643020,79,0,6049,40.449867248535156,-79.89179992675781
1629746563,8933020,71A,0,6048,40.47933578491211,-79.92134094238281
1629746583,11822020,69,0,6160,40.44130325317383,-79.88047790527344
1629746527,7482020,61C,0,6041,40.43798065185547,-79.99236297607422
1629746565,12980020,4,0,1705,40.46461868286133,-79.98199462890625
1629746587,4285020,4,0,1703,40.4667854309082,-79.98047637939453
1629746582,12294020,67,0,6052,40.430564880371094,-79.79256439208984
1629746586,2978020,71,0,6051,40.4269905090332,-79.8904800415039
1629746558,14422020,11,0,1711,40.44572830200195,-79.98954010009766
1629746587,2537020,11,0,1710,40.44889831542969,-80.00070190429688
1629746578,10059020,44,0,1716,40.43239212036133,-80.00375366210938
1629746573,13470020,44,0,1720,40.43193817138672,-80.00344848632812
1629746585,5118020,43,0,1728,40.432247161865234,-80.00382995605469
1629746567,8008020,40,0,1727,40.424503326416016,-80.01033782958984
1629746574,8491020,44,0,1726,40.39849853515625,-79.96910095214844
1629746569,9469020,44,0,1724,40.3931884765625,-79.97540283203125
1629746534,8760020,2,0,5904,40.49375915527344,-79.9514389038086
1629746581,1825020,54,0,5905,40.42133331298828,-80.00607299804688
1629746576,3142020,14,0,5907,40.54006576538086,-80.18014526367188
1629746558,7022020,15,0,5908,40.4460334777832,-79.98880767822266
1629746579,6911020,54,0,5901,40.452022552490234,-80.0064468383789
1629746568,6896020,8,0,5902,40.48885726928711,-80.01766204833984
1629746584,4173020,54,0,5903,40.43690490722656,-79.97268676757812
1629746569,4355020,24,0,5918,40.475341796875,-80.08692169189453
1629746584,10266020,48,0,5919,40.433624267578125,-80.0029525756836
1629746562,6751020,1,0,5910,40.48780059814453,-79.88851928710938
1629746547,13862020,21,0,5912,40.465248107910156,-80.0604019165039
1629746580,8360020,29,0,5913,40.45112991333008,-80.18629455566406
1629746566,14493020,59,0,5926,40.33628845214844,-79.94587707519531
1629746585,12606020,O12,0,5806,40.541751861572266,-80.01280975341797
1629746557,14333020,6,0,5809,40.480831146240234,-80.00210571289062
1629746565,74020,61C,0,5921,40.444580078125,-79.94493865966797
1629746570,4303020,64,0,5922,40.423091888427734,-79.92862701416016
1629746528,8184020,61D,0,5923,40.437904357910156,-79.99038696289062
1629746568,1541020,61C,0,5925,40.419776916503906,-79.92822265625
1629747042,1736020,51,0,5816,40.380615234375,-79.97626495361328
1629747039,11235020,75,0,5938,40.43706130981445,-79.970703125
1629747035,6358020,61A,0,5819,40.437469482421875,-79.9807357788086
1629747020,8208020,59,0,5931,40.418731689453125,-79.88365173339844
1629747021,8121020,81,0,5932,40.440799713134766,-80.00054931640625
1629747042,13509020,51,0,5815,40.394474029541016,-79.98641967773438
1629747026,221020,17,0,5707,40.49768829345703,-80.0229263305664
1629747016,2782020,O12,0,3401,40.442649841308594,-80.00440979003906
1629747023,12078020,P76,0,5820,40.456581115722656,-79.9326171875
1629747033,11316020,86,0,5821,40.457393646240234,-79.89627075195312
1629747035,1897020,71C,0,5943,40.45906066894531,-79.91973876953125
1629747040,3741020,16,0,5702,40.44232177734375,-80.00031280517578
1629747033,-1962801521,71C,1,5945,40.44752883911133,-79.89631652832031
1629747024,12822020,15,0,5705,40.463260650634766,-80.01986694335938
1629747027,9760020,71D,0,3420,40.439369201660156,-79.99446868896484
1629747032,1417020,74,0,5717,40.46354675292969,-79.917236328125
1629747037,2851020,P1,0,3417,40.45940399169922,-79.9232406616211
1629747040,7490020,71C,0,3416,40.44220733642578,-79.9577865600586
1629747008,2247020,71A,0,3415,40.438541412353516,-79.99461364746094
1629747003,-1358729635,28X,1,3414,40.457759857177734,-79.91228485107422
1629747020,9982020,71C,0,3412,40.44316482543945,-79.95645904541016
1629747016,2281020,82,0,3411,40.473148345947266,-79.88822174072266
1629746984,8454020,79,0,5715,40.44908905029297,-79.89096069335938
1629747024,13853020,P1,0,3419,40.41484832763672,-79.87890625
1629747042,5350020,86,0,3418,40.45899200439453,-79.90945434570312
1629747033,4151020,P3,0,3306,40.446353912353516,-79.9520263671875
1629747025,1054020,G2,0,3304,40.405521392822266,-80.0907974243164
1629747041,11667020,G2,0,3303,40.44364929199219,-79.99404907226562
1629747030,9803020,G2,0,3302,40.44544982910156,-80.0301284790039
1629747042,1976020,P1,0,3423,40.414791107177734,-79.87857055664062
1629747025,9305020,P3,0,3308,40.43941116333008,-79.9616928100586
1629747029,2711020,P1,0,3321,40.443878173828125,-79.9920654296875
1629747041,5026020,P1,0,3320,40.4365234375,-79.88558197021484
1629747034,10464020,61D,0,3318,40.4404296875,-79.99956512451172
1629747040,461020,61C,0,3315,40.40581130981445,-79.88609313964844
1629747038,11839020,61D,0,3311,40.410648345947266,-79.91104888916016
1629747027,6294020,P1,0,3332,40.441593170166016,-79.99742126464844
1629747041,14205020,P1,0,3331,40.44257736206055,-79.88683319091797
1629747005,3648020,71B,0,3330,40.437923431396484,-79.99089050292969
1629747032,14650020,P78,0,3329,40.54046630859375,-79.83125305175781
1629747031,10949020,61D,0,3207,40.43708038330078,-79.92292785644531
1629747040,9145020,71B,0,3325,40.43840408325195,-79.98162841796875
1629747038,2086020,61D,0,3202,40.43886184692383,-79.99475860595703
1629747018,9528020,71A,0,3323,40.440250396728516,-79.99503326416016
1629746992,12973020,6,0,5627,40.45386505126953,-79.99858856201172
1629747036,988020,71C,0,3340,40.446781158447266,-79.88875579833984
1629747020,14011020,29,0,6609,40.44329071044922,-80.02597045898438
1629746967,2074020,P12,0,3339,40.439491271972656,-79.99706268310547
1629747005,8932020,P1,0,3338,40.45927047729492,-79.9669189453125
1629747030,4467020,71C,0,3336,40.44003677368164,-79.99588775634766
1629747025,13617020,71B,0,3335,40.43952560424805,-79.99671936035156
1629747038,4727020,24,0,5636,40.474159240722656,-80.09388732910156
1629747033,215020,18,0,6606,40.45515823364258,-80.0202407836914
1629747021,941020,Y46,0,6621,40.34844970703125,-79.97484588623047
1629747033,6223020,83,0,6620,40.442806243896484,-79.96195220947266
1629747037,7935020,53L,0,6619,40.418128967285156,-79.92610931396484
1629747042,3136020,71B,0,3225,40.441444396972656,-79.95893859863281
1629747031,1908020,36,0,6612,40.386138916015625,-80.05414581298828
1629747029,12731020,29,0,6613,40.441619873046875,-80.04080200195312
1629747000,5218020,24,0,6615,40.451847076416016,-80.1571044921875
1629746996,5909020,Y47,0,6618,40.33753967285156,-79.97908782958984
1629747024,11697020,51,0,6617,40.43710708618164,-80.00189208984375
1629747041,12809020,51,0,5660,40.344669342041016,-79.93944549560547
1629747016,11021020,51,0,6630,40.344058990478516,-79.96283721923828
1629747013,14394020,14,0,6510,40.4719123840332,-80.03772735595703
1629746999,11256020,61A,0,3244,40.414913177490234,-79.85401153564453
1629747024,10078020,71D,0,3240,40.43796920776367,-79.9919662475586
1629746985,12945020,12,0,6509,40.56981658935547,-80.01628112792969
1629747025,14218020,G2,0,3235,40.44350051879883,-80.02635192871094
1629747038,1769020,51,0,6623,40.39670181274414,-79.98767852783203
1629747021,9986020,52L,0,5654,40.43437576293945,-79.98893737792969
1629747029,6940020,17,0,6501,40.455360412597656,-80.00686645507812
1629747035,312020,55,0,6622,40.38819122314453,-79.8236312866211
1629747040,10234020,Y46,0,5655,40.29254150390625,-79.89675903320312
1629747028,10577020,14,0,6503,40.52151870727539,-80.14322662353516
1629747034,9941020,Y46,0,6624,40.35661697387695,-79.9803466796875
1629747037,5751020,8,0,6506,40.503849029541016,-80.02572631835938
1629747034,8498020,54,0,6505,40.4494743347168,-79.9848861694336
1629747034,1576020,93,0,6626,40.4359016418457,-79.958740234375
1629747039,9232020,13,0,6508,40.519081115722656,-80.0439224243164
1629747025,4586020,59,0,6629,40.35602951049805,-79.8985595703125
1629747033,2788020,1,0,6507,40.56224060058594,-79.76677703857422
1629747018,12182020,82,0,6641,40.45548629760742,-79.9399642944336
1629747015,5063020,71D,0,6640,40.45212173461914,-79.8864974975586
1629747016,11589020,91,0,6401,40.48801040649414,-79.88964080810547
1629747032,8057020,26,0,6521,40.444034576416016,-80.04068756103516
1629747030,6646020,P68,0,6642,40.453529357910156,-79.94021606445312
1629747020,4649020,61A,0,3251,40.40092849731445,-79.86228942871094
1629747041,302020,61C,0,3250,40.4379997253418,-79.92823791503906
1629747037,5728020,51,0,6634,40.41795349121094,-79.9863510131836
1629747021,8078020,20,0,6515,40.465023040771484,-80.07440948486328
1629746997,6149020,69,0,6636,40.392723083496094,-79.80863189697266
1629747012,5700020,61A,0,6635,40.43791198730469,-79.99059295654297
1629747038,11574020,41,0,6516,40.40291213989258,-80.02067565917969
1629747031,6250020,67,0,6637,40.42847442626953,-79.79672241210938
1629747025,13292020,38,0,6519,40.388526916503906,-80.05725860595703
1629747028,5785020,31,0,6518,40.417110443115234,-80.06617736816406
1629747028,2548020,87,0,6650,40.461570739746094,-79.96711730957031
1629747041,9516020,2,0,6410,40.56720733642578,-80.0071029663086
1629747027,4551020,61D,0,6531,40.42500305175781,-79.92805480957031
1629747041,5338020,74,0,6652,40.42599868774414,-79.91687774658203
1629747039,9662020,61C,0,6532,40.430355072021484,-79.92340850830078
1629747035,11362020,P1,0,3258,40.456722259521484,-79.932373046875
1629747027,1090020,61C,0,3257,40.44144821166992,-79.99774932861328
1629747040,11209020,56,0,6524,40.39834213256836,-79.93540954589844
1629747032,6870020,P16,0,6645,40.45474624633789,-79.94341278076172
1629747023,11238020,36,0,6523,40.384639739990234,-80.05322265625
1629747027,13049020,91,0,6402,40.492530822753906,-79.87152099609375
1629746802,9527020,58,0,6647,40.43507385253906,-79.9450912475586
1629747033,11626020,91,0,6405,40.495426177978516,-79.939208984375
1629747033,9430020,13,0,6404,40.51721954345703,-80.03868103027344
1629747036,422020,59,0,6525,40.414222717285156,-79.85276794433594
1629747040,13846020,16,0,6407,40.48674774169922,-80.04117584228516
1629747039,4414020,61D,0,6528,40.43357849121094,-79.92292022705078
1629747041,14123020,87,0,6649,40.46260452270508,-79.95864868164062
1629747035,1071020,13,0,6408,40.48613357543945,-80.04328918457031
1629747020,7695020,67,0,6542,40.440773010253906,-79.87153625488281
1629747041,1366020,59,0,6541,40.41347122192383,-79.90648651123047
1629747033,2562020,82,0,6544,40.46173095703125,-79.92574310302734
1629747037,12690020,16,0,6301,40.45872116088867,-80.01624298095703
1629747012,3256020,21,0,6422,40.45332717895508,-80.03984069824219
1629747033,14646020,74,0,6543,40.46921920776367,-79.90021514892578
1629747038,5661020,8,0,6414,40.45611572265625,-80.00286102294922
1629746997,14281020,61A,0,6534,40.443748474121094,-79.93860626220703
1629747031,12374020,91,0,6413,40.49462127685547,-79.93453979492188
1629747039,9579020,41,0,6416,40.36635208129883,-80.08659362792969
1629747029,13347020,53L,0,6537,40.344669342041016,-79.93944549560547
1629747039,13432020,39,0,6417,40.40922546386719,-80.01432037353516
1629747042,10788020,60,0,6538,40.31637191772461,-79.83318328857422
1629747040,13047020,28X,0,6551,40.44462585449219,-79.94400024414062
1629747040,14356020,1,0,6311,40.540977478027344,-79.79351043701172
1629747031,14511020,61A,0,6432,40.43976593017578,-79.89574432373047
1629747030,2020020,1,0,6310,40.46590805053711,-79.97869873046875
1629747031,9209020,28X,0,6552,40.437198638916016,-79.96300506591797
1629747029,7192020,58,0,6555,40.44313430786133,-79.95368194580078
1629747018,10426020,6,0,6313,40.44609069824219,-79.98892974853516
1629747032,4217020,61B,0,6434,40.440670013427734,-79.99568176269531
1629746988,13012020,71A,0,6554,40.45704650878906,-79.93475341796875
1629747038,6810020,91,0,6312,40.47538757324219,-79.9576644897461
1629747027,862020,1,0,6304,40.48880386352539,-79.89202880859375
1629747038,13648020,26,0,6425,40.4543571472168,-80.05868530273438
1629747033,12425020,71C,0,6546,40.45746612548828,-79.93424987792969
1629746994,14064020,12,0,6306,40.586212158203125,-80.0306396484375
1629747041,4420020,31,0,6427,40.4460334777832,-79.98910522460938
1629747028,-611592085,87,1,6548,40.46234130859375,-79.96019744873047
1629747042,9828020,71D,0,6547,40.43645477294922,-79.96762084960938
1629747033,9002020,91,0,6305,40.45134735107422,-79.98223876953125
1629747040,8248020,56,0,6429,40.34867477416992,-79.89179229736328
1629747035,3643020,14,0,6307,40.59159851074219,-80.22761535644531
1629747027,5527020,59,0,6428,40.346954345703125,-79.88922119140625
1629747023,13941020,71D,0,6549,40.455379486083984,-79.91093444824219
1629747038,11269020,31,0,6320,40.42826843261719,-80.05355072021484
1629747038,11379020,61D,0,6441,40.43935775756836,-79.9617691040039
1629747019,731020,38,0,6321,40.43960189819336,-80.0050277709961
1629747036,12423020,61B,0,6442,40.440181732177734,-79.99488830566406
1629747018,999020,12,0,6203,40.522010803222656,-80.00538635253906
1629747030,8583020,16,0,6202,40.47350311279297,-80.0286865234375
1629747036,2336020,39,0,6323,40.44525909423828,-79.990234375
1629747000,7997020,17,0,6315,40.45441818237305,-80.01264953613281
1629747017,2414020,71A,0,6557,40.44462585449219,-79.95451354980469
1629747040,2599020,27,0,6317,40.44850540161133,-80.08220672607422
1629747016,4438020,64,0,6438,40.41111373901367,-79.90643310546875
1629747020,12738020,54,0,6316,40.46186828613281,-79.96357727050781
1629747029,874020,75,0,6450,40.423805236816406,-79.96011352539062
1629747032,699020,67,0,6452,40.436920166015625,-79.96591186523438
1629747031,3652020,59,0,6333,40.401615142822266,-79.8882827758789
1629747038,-2084119021,38,1,6332,40.38606262207031,-80.09259033203125
1629747039,8846020,75,0,6453,40.48875045776367,-79.89183044433594
1629746575,9874020,71B,0,6456,40.46209716796875,-79.92453002929688
1629747020,9011020,61A,0,6334,40.440528869628906,-79.99474334716797
1629747007,7051020,27,0,6326,40.4407958984375,-80.07173919677734
1629747016,13998020,61A,0,6447,40.438934326171875,-79.99424743652344
1629747041,-1842620082,91,1,6205,40.4942741394043,-79.93037414550781
1629747023,-1388128056,91,1,6204,40.44316482543945,-80.00443267822266
1629747020,6570020,64,0,6449,40.46349334716797,-79.94892120361328
1629747021,8325020,20,0,6327,40.46533966064453,-80.06069946289062
1629747021,1439020,8,0,6206,40.44916915893555,-80.00079345703125
1629747038,789020,Y47,0,6448,40.41651153564453,-80.01185607910156
1629747035,7540020,61A,0,6340,40.4235725402832,-79.88630676269531
1629747032,9156020,86,0,6461,40.456581115722656,-79.93631744384766
1629747024,9743020,61B,0,6342,40.41480255126953,-79.88327026367188
1629747029,4503020,56,0,6341,40.346492767333984,-79.82963562011719
1629747004,12006020,87,0,6462,40.487037658691406,-79.94105529785156
1629747036,11291020,16,0,6102,40.50384521484375,-80.07485961914062
1629747021,5717020,27,0,6223,40.44187545776367,-80.02210235595703
1629747028,8955020,61B,0,6346,40.44035339355469,-79.96041107177734
1629747028,1349020,13,0,6103,40.443885803222656,-79.99848937988281
1629747016,9361020,22,0,6224,40.43991470336914,-80.00586700439453
1629747018,7089020,12,0,6216,40.44409942626953,-80.00064086914062
1629747019,571020,12,0,6215,40.55017852783203,-80.02330780029297
1629747040,2980020,74,0,6457,40.46104049682617,-79.92750549316406
1629747037,10418020,41,0,6217,40.416526794433594,-80.01184844970703
1629747032,9838020,29,0,6219,40.4393310546875,-80.21102142333984
1629747038,7753020,P3,0,6351,40.45428466796875,-79.94255828857422
1629747017,11356020,61C,0,6111,40.37143325805664,-79.84622955322266
1629747039,10937020,41,0,6231,40.36177062988281,-80.09281921386719
1629747037,6124020,61B,0,6112,40.4378662109375,-79.98954772949219
1629747040,8608020,P3,0,6233,40.446407318115234,-79.88848114013672
1629747021,3987020,61A,0,6115,40.44267654418945,-79.88458251953125
1629747033,11226020,81,0,6236,40.44563293457031,-79.953125
1629747006,9443020,93,0,6357,40.46812438964844,-79.9615707397461
1629747037,9307020,55,0,6235,40.34294128417969,-79.91870880126953
1629747021,3116020,57,0,6348,40.41050720214844,-79.92607116699219
1629746999,227020,54,0,6105,40.44725799560547,-79.94918823242188
1629747029,9719020,21,0,6228,40.50368881225586,-80.22282409667969
1629747024,3601020,48,0,6107,40.4288215637207,-79.98159790039062
1629747021,11778020,59,0,6240,40.38429260253906,-79.86717987060547
1629747031,1326020,71C,0,6361,40.439579010009766,-79.99732971191406
1629747042,8677020,54,0,6001,40.462615966796875,-79.95856475830078
1629747029,1566020,61B,0,6122,40.43961715698242,-79.89845275878906
1629747029,4803020,Y47,0,6243,40.33010482788086,-79.92343139648438
1629747037,2085020,P12,0,6363,40.44071960449219,-79.74568939208984
1629747025,9840020,Y49,0,6121,40.37438201904297,-79.98255157470703
1629747041,8025020,Y49,0,6242,40.37845230102539,-79.99016571044922
1629746992,7865020,12,0,6003,40.56743621826172,-80.01655578613281
1629747020,14534020,71C,0,6366,40.462371826171875,-79.92747497558594
1629747029,9573020,13,0,6002,40.45588684082031,-80.00447845458984
1629747042,1427020,53L,0,6244,40.3858642578125,-79.90300750732422
1629747030,8093020,53L,0,6126,40.42672348022461,-79.9385757446289
1629747013,1595020,88,0,6368,40.4603157043457,-79.92195892333984
1629747018,5276020,P3,0,6247,40.414791107177734,-79.87897491455078
1629747038,10724020,93,0,6125,40.48120880126953,-79.95391082763672
1629747031,7293020,93,0,6246,40.43452072143555,-79.92463684082031
1629746981,389020,P68,0,6360,40.40485763549805,-79.84370422363281
1629747021,6097020,71D,0,6359,40.44788360595703,-79.93614196777344
1629747036,8221020,64,0,6237,40.44000244140625,-79.9195785522461
1629747016,2549020,83,0,6358,40.45250701904297,-79.96456909179688
1629747030,5352020,57,0,6239,40.4071159362793,-79.94324493408203
1629747031,5854020,61C,0,6118,40.439815521240234,-79.99650573730469
1629747029,13744020,83,0,6252,40.43190002441406,-79.97394561767578
1629747009,613020,51,0,6130,40.438358306884766,-80.0019760131836
1629747042,337020,81,0,6251,40.43022537231445,-79.97364044189453
1629747024,4509020,55,0,6135,40.34135818481445,-79.86731719970703
1629747020,4665020,55,0,6134,40.34670639038086,-79.88069915771484
1629747030,3437020,86,0,6258,40.44221115112305,-80.00054168701172
1629746992,10913020,P78,0,6137,40.45561981201172,-79.9448013305664
1629747032,9350020,39,0,6015,40.41838073730469,-80.01123809814453
1629747034,8481020,83,0,6250,40.44864273071289,-79.977294921875
1629747015,8685020,16,0,6007,40.4653205871582,-80.02459716796875
1629747038,6000020,51,0,6127,40.42557144165039,-79.98088073730469
1629747012,13274020,56,0,6248,40.43452453613281,-79.98702239990234
1629747032,343020,82,0,6369,40.442386627197266,-79.99126434326172
1629747035,4765020,54,0,6008,40.427635192871094,-79.98066711425781
1629747019,9036020,77,0,6263,40.459495544433594,-79.92044067382812
1629747039,12526020,75,0,6262,40.45530700683594,-79.93167877197266
1629747020,7663020,71D,0,6144,40.44951248168945,-79.89148712158203
1629747031,8504020,71A,0,6143,40.44318389892578,-79.95643615722656
1629747032,9140020,82,0,6146,40.46172332763672,-79.92708587646484
1629747036,2745020,P68,0,6267,40.4286003112793,-79.79644012451172
1629747038,2622020,71B,0,6269,40.444217681884766,-79.95494079589844
1629747039,12490020,77,0,6268,40.47431945800781,-79.82191467285156
1629747016,14056020,P17,0,6140,40.455345153808594,-79.94441986083984
1629746980,9581020,77,0,6260,40.453025817871094,-79.75023651123047
1629747039,8856020,24,0,6018,40.43941116333008,-80.01628875732422
1629747020,6426020,67,0,6139,40.44390869140625,-79.92276763916016
1629747030,200020,48,0,6017,40.42095184326172,-80.00565338134766
1629747036,5433020,71D,0,6138,40.440025329589844,-79.99435424804688
1629747033,13441020,75,0,6274,40.4874153137207,-79.88285064697266
1629747042,823020,51L,0,6031,40.44013595581055,-79.99866485595703
1629747027,1933020,67,0,6152,40.44364929199219,-79.86576080322266
1629747037,14746020,61B,0,6034,40.40203857421875,-79.8678207397461
1629747037,4480020,82,0,7002,40.44081115722656,-79.98651123046875
1629747008,8985020,64,0,6033,40.46815490722656,-79.96299743652344
1629747007,10726020,88,0,7001,40.440853118896484,-80.00069427490234
1629747039,3016020,P68,0,6275,40.41269302368164,-79.85745239257812
1629747026,8557020,71B,0,6157,40.474117279052734,-79.91899108886719
1629747042,6503020,Y46,0,6036,40.43996047973633,-80.00088500976562
1629747039,1312020,77,0,6156,40.462093353271484,-79.92670440673828
1629747042,6230020,67,0,6159,40.437808990478516,-79.962158203125
1629747037,9198020,75,0,6271,40.457763671875,-79.9178466796875
1629747018,14048020,51,0,6029,40.42867660522461,-79.98948669433594
1629747033,8780020,51,0,6042,40.4288330078125,-79.98394012451172
1629747030,4482020,71C,0,6045,40.43880844116211,-79.99083709716797
1629747031,10392020,59,0,6044,40.36452865600586,-79.84725189208984
1629747035,7643020,79,0,6049,40.440940856933594,-79.87793731689453
1629747037,1347020,71A,0,6048,40.47159957885742,-79.92623901367188
1629747038,11822020,69,0,6160,40.42100524902344,-79.85223388671875
1629747014,7482020,61C,0,6041,40.43788528442383,-79.98989868164062
1629747028,12980020,4,0,1705,40.495849609375,-80.0011978149414
1629747035,4285020,4,0,1703,40.45331954956055,-80.00157165527344
1629747026,12294020,67,0,6052,40.43678283691406,-79.75821685791016
1629747024,2978020,71,0,6051,40.44164276123047,-79.88587951660156
1629746991,14422020,11,0,1711,40.44572830200195,-79.98954010009766
1629747029,2537020,11,0,1710,40.45745849609375,-80.00727844238281
1629747033,10059020,44,0,1716,40.4210090637207,-80.00041961669922
1629747031,11307020,44,0,1713,40.44615936279297,-79.98866271972656
1629747034,5118020,43,0,1728,40.42231750488281,-79.99742889404297
1629747023,8008020,40,0,1727,40.43105697631836,-80.00198364257812
1629747038,8491020,44,0,1726,40.40807342529297,-79.99140167236328
1629747014,9469020,44,0,1724,40.38615036010742,-79.93865203857422
1629747041,8760020,2,0,5904,40.51197814941406,-79.95773315429688
1629746950,1825020,54,0,5905,40.42129898071289,-80.0060806274414
1629747030,3142020,14,0,5907,40.5620002746582,-80.20350646972656
1629747018,7022020,15,0,5908,40.44600296020508,-79.98880767822266
1629747041,6911020,54,0,5901,40.45275115966797,-80.00897216796875
1629747042,6896020,8,0,5902,40.509063720703125,-80.0291519165039
1629747038,4173020,54,0,5903,40.441890716552734,-79.95828247070312
1629747040,4355020,24,0,5918,40.46583938598633,-80.06462860107422
1629747032,10266020,48,0,5919,40.428470611572266,-79.97560119628906
1629747014,6751020,1,0,5910,40.50038146972656,-79.85234832763672
1629747038,13862020,21,0,5912,40.497737884521484,-80.09146118164062
1629747020,8360020,29,0,5913,40.440860748291016,-80.20780181884766
1629747023,12606020,O12,0,5806,40.57112503051758,-80.02340698242188
1629747028,6966020,15,0,5809,40.477474212646484,-79.99995422363281
1629747007,74020,61C,0,5921,40.441261291503906,-79.95916748046875
1629747021,4303020,64,0,5922,40.43563461303711,-79.92285919189453
1629747020,8184020,61D,0,5923,40.437503814697266,-79.98149871826172
1629746991,8297020,54,0,5803,40.41408157348633,-79.98825073242188
1629747013,1541020,61C,0,5925,40.40718460083008,-79.91051483154297
1629747526,1736020,51,0,5816,40.39191818237305,-79.98661804199219
1629747528,11235020,75,0,5938,40.42825698852539,-79.968017578125
1629747527,6358020,61A,0,5819,40.44340896606445,-79.95265197753906
1629747518,8208020,59,0,5931,40.40415954589844,-79.88329315185547
1629747508,11489020,81,0,5932,40.44422912597656,-79.9878158569336
1629747521,13509020,51,0,5815,40.37476348876953,-79.9755859375
1629747509,221020,17,0,5707,40.48961639404297,-80.0449447631836
1629747513,2782020,O12,0,3401,40.44224166870117,-79.9952163696289
1629747521,12078020,P76,0,5820,40.44111633300781,-79.87992858886719
1629747501,11316020,86,0,5821,40.460880279541016,-79.9151382446289
1629747508,1897020,71C,0,5943,40.45859146118164,-79.93366241455078
1629747516,3741020,16,0,5702,40.444541931152344,-80.0008544921875
1629747516,3765020,P71,0,5944,40.446006774902344,-79.9892807006836
1629747471,-1962801521,71C,1,5945,40.4498176574707,-79.89141082763672
1629747503,12822020,15,0,5705,40.484413146972656,-80.00408935546875
1629747510,9760020,71D,0,3420,40.44202423095703,-80.00141906738281
1629747513,1417020,74,0,5717,40.4807243347168,-79.90318298339844
1629747523,2851020,P1,0,3417,40.443546295166016,-79.99307250976562
1629747524,7490020,71C,0,3416,40.44799041748047,-79.94960021972656
1629747491,-909946434,P16,1,5718,40.45679473876953,-79.9471435546875
1629747510,2247020,71A,0,3415,40.43793869018555,-79.99124145507812
1629747064,-1358729635,28X,1,3414,40.457759857177734,-79.91228485107422
1629747531,9982020,71C,0,3412,40.45174026489258,-79.9519271850586
1629747462,2281020,82,0,3411,40.473148345947266,-79.88822174072266
1629747505,8454020,79,0,5715,40.44908905029297,-79.89096069335938
1629747524,2722020,P1,0,3419,40.414825439453125,-79.87903594970703
1629747531,5350020,86,0,3418,40.44659423828125,-79.8834457397461
1629747510,4151020,P3,0,3306,40.455055236816406,-79.944091796875
1629747509,1054020,G2,0,3304,40.443458557128906,-80.06600952148438
1629747511,11667020,G2,0,3303,40.44210433959961,-80.00231170654297
1629747531,10948020,G2,0,3302,40.44402313232422,-79.99423217773438
1629747498,1976020,P1,0,3423,40.453121185302734,-79.89945983886719
1629747525,3733020,P3,0,3308,40.43770980834961,-79.96534729003906
1629747514,2711020,P1,0,3321,40.4569091796875,-79.93208312988281
1629747527,5026020,P1,0,3320,40.414920806884766,-79.8791275024414
1629747428,10464020,61D,0,3318,40.4405632019043,-79.99627685546875
1629747516,3028020,61A,0,3317,40.40233612060547,-79.86834716796875
1629747509,461020,61C,0,3315,40.40813446044922,-79.90882873535156
1629747492,11839020,61D,0,3311,40.408607482910156,-79.91747283935547
1629747497,10128020,65,0,5614,40.44115447998047,-80.00149536132812
1629747516,6294020,P1,0,3332,40.456199645996094,-79.97235870361328
1629747515,14205020,P1,0,3331,40.45597457885742,-79.93363189697266
1629747521,3648020,71B,0,3330,40.437660217285156,-79.98513793945312
1629747530,10949020,61D,0,3207,40.42243957519531,-79.92884063720703
1629747520,9145020,71B,0,3325,40.440670013427734,-79.99568176269531
1629747527,2086020,61D,0,3202,40.437984466552734,-79.99214935302734
1629747528,9528020,71A,0,3323,40.43842315673828,-79.99454498291016
1629747525,12973020,6,0,5627,40.470211029052734,-79.99642944335938
1629747510,988020,71C,0,3340,40.450958251953125,-79.90665435791016
1629747518,14011020,29,0,6609,40.443138122558594,-80.05789947509766
1629747509,2074020,P12,0,3339,40.45709991455078,-79.93167114257812
1629747509,3386020,P1,0,3338,40.44145202636719,-79.99720001220703
1629747522,4467020,71C,0,3336,40.43894958496094,-79.9947280883789
1629747505,13617020,71B,0,3335,40.44033432006836,-79.99480438232422
1629747479,4727020,24,0,5636,40.468570709228516,-80.12754821777344
1629747519,4075020,2,0,6604,40.52457046508789,-80.00704193115234
1629747531,215020,18,0,6606,40.447509765625,-80.01969146728516
1629747514,941020,Y46,0,6621,40.33850860595703,-79.95367431640625
1629747395,6223020,83,0,6620,40.446983337402344,-79.96002960205078
1629747520,7935020,53L,0,6619,40.43626022338867,-79.99628448486328
1629747513,9896020,O1,0,3229,40.442630767822266,-79.99916076660156
1629747525,3136020,71B,0,3225,40.438880920410156,-79.9926528930664
1629747531,1908020,36,0,6612,40.36158752441406,-80.06379699707031
1629747532,12731020,29,0,6613,40.44175338745117,-80.00251007080078
1629747522,5218020,24,0,6615,40.45184326171875,-80.15708923339844
1629747529,5909020,Y47,0,6618,40.366703033447266,-79.99327850341797
1629747511,4843020,51,0,6617,40.43758773803711,-80.00032806396484
1629747502,12809020,51,0,5660,40.348663330078125,-79.94184875488281
1629747530,11021020,51,0,6630,40.36367416381836,-79.98403930664062
1629747515,14394020,14,0,6510,40.50178146362305,-80.0759506225586
1629747515,11256020,61A,0,3244,40.41377258300781,-79.85322570800781
1629747529,10078020,71D,0,3240,40.437896728515625,-79.99011993408203
1629747527,12945020,12,0,6509,40.585601806640625,-80.03598022460938
1629747524,14218020,G2,0,3235,40.45243835449219,-80.04972076416016
1629747525,1769020,51,0,6623,40.41372299194336,-79.98849487304688
1629747508,9986020,52L,0,5654,40.425437927246094,-79.94271850585938
1629747529,6940020,17,0,6501,40.44329071044922,-79.99820709228516
1629747530,9866020,59,0,6622,40.405303955078125,-79.82769012451172
1629747524,10234020,Y46,0,5655,40.288143157958984,-79.8920669555664
1629747530,10577020,14,0,6503,40.49462890625,-80.0649642944336
1629747521,9941020,Y46,0,6624,40.39307403564453,-79.99852752685547
1629747519,5751020,8,0,6506,40.48259353637695,-80.01347351074219
1629747502,8498020,54,0,6505,40.455970764160156,-80.00418090820312
1629747519,1576020,93,0,6626,40.433834075927734,-79.9229507446289
1629747515,9232020,13,0,6508,40.517425537109375,-80.03663635253906
1629747527,4586020,59,0,6629,40.35224533081055,-79.85586547851562
1629747514,2788020,1,0,6507,40.60014724731445,-79.760986328125
1629747514,12806020,26,0,6520,40.44144821166992,-80.06874084472656
1629747503,12182020,82,0,6641,40.459381103515625,-79.9202880859375
1629747507,5063020,71D,0,6640,40.45490646362305,-79.91141510009766
1629747513,11589020,91,0,6401,40.49167251586914,-79.90887451171875
1629747522,8057020,26,0,6521,40.45582962036133,-80.0615234375
1629747505,6646020,P68,0,6642,40.44341278076172,-79.99600219726562
1629747528,4649020,61A,0,3251,40.41550064086914,-79.87776947021484
1629747532,302020,61C,0,3250,40.42628860473633,-79.92759704589844
1629747531,5728020,51,0,6634,40.391815185546875,-79.98661804199219
1629747499,8078020,20,0,6515,40.45296096801758,-80.03946685791016
1629747530,6149020,69,0,6636,40.40314483642578,-79.83121490478516
1629747528,5700020,61A,0,6635,40.43753433227539,-79.98226165771484
1629747528,11574020,41,0,6516,40.38961410522461,-80.04147338867188
1629747530,6250020,67,0,6637,40.430030822753906,-79.81160736083984
1629747504,13292020,38,0,6519,40.38676452636719,-80.04521179199219
1629747508,5785020,31,0,6518,40.43661880493164,-80.03910827636719
1629747528,2548020,87,0,6650,40.46200942993164,-79.93893432617188
1629747514,9516020,2,0,6410,40.541656494140625,-79.9723129272461
1629747528,4551020,61D,0,6531,40.437835693359375,-79.93077087402344
1629747530,8349020,74,0,6652,40.442909240722656,-79.92364501953125
1629747525,9662020,61C,0,6532,40.44389724731445,-79.93879699707031
1629747506,11362020,P1,0,3258,40.429996490478516,-79.88455200195312
1629747510,12089020,61C,0,3257,40.439613342285156,-79.99676513671875
1629747488,11209020,56,0,6524,40.424983978271484,-79.95296478271484
1629747529,6870020,P16,0,6645,40.44126510620117,-79.88042449951172
1629747502,11238020,36,0,6523,40.4058723449707,-80.03646087646484
1629747505,13049020,91,0,6402,40.50040054321289,-79.8610610961914
1629747297,9527020,58,0,6647,40.42303466796875,-79.93058776855469
1629747529,11626020,91,0,6405,40.4774055480957,-79.95660400390625
1629747527,9430020,13,0,6404,40.515724182128906,-80.04467010498047
1629747514,422020,59,0,6525,40.39498519897461,-79.83921813964844
1629747521,13846020,16,0,6407,40.467220306396484,-80.0251235961914
1629747499,4414020,61D,0,6528,40.44464111328125,-79.94332885742188
1629747509,14123020,87,0,6649,40.444950103759766,-79.99372863769531
1629747507,1071020,13,0,6408,40.46235656738281,-80.03134155273438
1629747516,1366020,59,0,6541,40.40576171875,-79.88616943359375
1629747519,7100020,1,0,6302,40.60208511352539,-79.75269317626953
1629747531,2562020,82,0,6544,40.45246887207031,-79.95015716552734
1629747502,12690020,16,0,6301,40.48654556274414,-80.0439224243164
1629747508,3256020,21,0,6422,40.44089889526367,-80.00414276123047
1629747530,14646020,74,0,6543,40.46023941040039,-79.92140197753906
1629747500,9825020,8,0,6414,40.443321228027344,-80.00009155273438
1629747511,14281020,61A,0,6534,40.443965911865234,-79.95545196533203
1629747517,12374020,91,0,6413,40.479148864746094,-79.9552230834961
1629747529,9579020,41,0,6416,40.374813079833984,-80.07234954833984
1629747528,13347020,53L,0,6537,40.3486213684082,-79.94195556640625
1629747525,13432020,39,0,6417,40.430973052978516,-80.00210571289062
1629747520,4244020,60,0,6538,40.33099365234375,-79.84369659423828
1629747523,13047020,28X,0,6551,40.439388275146484,-79.96172332763672
1629747526,14356020,1,0,6311,40.536678314208984,-79.84040069580078
1629747526,14511020,61A,0,6432,40.44007110595703,-79.93521881103516
1629747531,2020020,1,0,6310,40.49540710449219,-79.9454116821289
1629747512,9209020,28X,0,6552,40.44477844238281,-79.94291687011719
1629747509,2230020,Y1,0,6431,40.43714141845703,-80.00204467773438
1629747510,10426020,6,0,6313,40.44609069824219,-79.98892974853516
1629747481,1808020,61B,0,6434,40.43935012817383,-79.99669647216797
1629747527,13012020,71A,0,6554,40.470123291015625,-79.92688751220703
1629747507,6810020,91,0,6312,40.48577117919922,-79.94459533691406
1629747515,862020,1,0,6304,40.49388122558594,-79.91703033447266
1629747505,13648020,26,0,6425,40.44355392456055,-80.0268325805664
1629747530,12425020,71C,0,6546,40.4514274597168,-79.9518051147461
1629747521,14064020,12,0,6306,40.586212158203125,-80.0306396484375
1629747477,4420020,31,0,6427,40.442787170410156,-79.99860382080078
1629747521,-611592085,87,1,6548,40.461669921875,-79.93541717529297
1629747523,9828020,71D,0,6547,40.44049072265625,-79.99506378173828
1629747499,11102020,91,0,6305,40.44230270385742,-79.99935913085938
1629747505,8248020,56,0,6429,40.352455139160156,-79.8511734008789
1629747523,10196020,14,0,6307,40.589412689208984,-80.22931671142578
1629747522,5527020,59,0,6428,40.349037170410156,-79.93781280517578
1629747520,13941020,71D,0,6549,40.44858169555664,-79.93362426757812
1629747528,11269020,31,0,6320,40.402740478515625,-80.08325958251953
1629747516,11379020,61D,0,6441,40.438926696777344,-79.99393463134766
1629747516,731020,38,0,6321,40.43729019165039,-80.01441955566406
1629747518,12423020,61B,0,6442,40.43804168701172,-79.99424743652344
1629747531,999020,12,0,6203,40.476402282714844,-80.00664520263672
1629747513,8583020,16,0,6202,40.494075775146484,-80.05258178710938
1629747527,2336020,39,0,6323,40.44525909423828,-79.990234375
1629747517,7997020,17,0,6315,40.4669075012207,-80.02500915527344
1629747507,2414020,71A,0,6557,40.438446044921875,-79.98253631591797
1629747499,10847020,88,0,6556,40.46229553222656,-79.92726135253906
1629747521,4438020,64,0,6438,40.412330627441406,-79.90825653076172
1629747517,12738020,54,0,6316,40.45677185058594,-79.947509765625
1629747524,10517020,75,0,6450,40.42564010620117,-79.96492767333984
1629747521,699020,67,0,6452,40.4399299621582,-79.99434661865234
1629747513,3652020,59,0,6333,40.38433837890625,-79.8748550415039
1629747520,-2084119021,38,1,6332,40.38923645019531,-80.07405853271484
1629747527,8846020,75,0,6453,40.49275207519531,-79.91029357910156
1629747523,9874020,71B,0,6456,40.46058654785156,-79.92499542236328
1629747511,9011020,61A,0,6334,40.43842315673828,-79.99454498291016
1629747528,7051020,27,0,6326,40.454715728759766,-80.07913208007812
1629747499,13998020,61A,0,6447,40.44241714477539,-79.99994659423828
1629747532,-1842620082,91,1,6205,40.488948822021484,-79.8925552368164
1629747521,1156020,91,0,6204,40.44778823852539,-79.98750305175781
1629747526,9447020,Y45,0,6446,40.43706512451172,-80.00166320800781
1629747521,8325020,20,0,6327,40.47066116333008,-80.09127044677734
1629747525,1439020,8,0,6206,40.46045684814453,-80.01356506347656
1629747521,789020,Y47,0,6448,40.38263702392578,-79.99653625488281
1629747523,7540020,61A,0,6340,40.442298889160156,-79.88737487792969
1629747513,9156020,86,0,6461,40.463279724121094,-79.95458221435547
1629747517,9743020,61B,0,6342,40.43777847290039,-79.89681243896484
1629747530,7026020,56,0,6341,40.354793548583984,-79.83577728271484
1629747502,12006020,87,0,6462,40.4888916015625,-79.93585205078125
1629747507,2130020,16,0,6102,40.50225067138672,-80.07032012939453
1629747521,13289020,27,0,6223,40.439613342285156,-80.01680755615234
1629747525,8955020,61B,0,6346,40.438926696777344,-79.99393463134766
1629747499,-584706227,13,1,6103,40.44443893432617,-80.00120544433594
1629747508,2785020,22,0,6224,40.441654205322266,-80.02144622802734
1629747518,7089020,12,0,6216,40.45679473876953,-79.99948120117188
1629747509,571020,12,0,6215,40.553871154785156,-80.0164794921875
1629747504,8693020,89,0,6457,40.45923614501953,-79.92009735107422
1629747523,10418020,41,0,6217,40.436710357666016,-80.00090026855469
1629747511,9838020,29,0,6219,40.450889587402344,-80.18440246582031
1629747508,7753020,P3,0,6351,40.4434928894043,-79.95610809326172
1629747522,11356020,61C,0,6111,40.385009765625,-79.86468505859375
1629747527,10937020,41,0,6231,40.34956359863281,-80.10472106933594
1629747519,6124020,61B,0,6112,40.43839645385742,-79.96135711669922
1629747527,8608020,P3,0,6233,40.41472244262695,-79.87873840332031
1629747521,3987020,61A,0,6115,40.42342758178711,-79.88634490966797
1629747523,11226020,81,0,6236,40.44257736206055,-79.9685287475586
1629747502,9443020,93,0,6357,40.483314514160156,-79.9476089477539
1629747524,9307020,55,0,6235,40.349822998046875,-79.92703247070312
1629747528,3116020,57,0,6348,40.410850524902344,-79.94699096679688
1629747490,227020,54,0,6105,40.43938064575195,-79.96173095703125
1629747523,3601020,48,0,6107,40.43587112426758,-80.00146484375
1629747520,11778020,59,0,6240,40.394752502441406,-79.87966918945312
1629747510,1326020,71C,0,6361,40.44036102294922,-79.99549102783203
1629747522,8677020,54,0,6001,40.45621871948242,-79.9747314453125
1629747507,1566020,61B,0,6122,40.44047546386719,-79.93559265136719
1629747493,1989020,Y49,0,6243,40.33015441894531,-79.92350006103516
1629747531,2085020,P12,0,6363,40.447540283203125,-79.71394348144531
1629747512,9840020,Y49,0,6121,40.4119758605957,-80.00857543945312
1629747528,8025020,Y49,0,6242,40.36500930786133,-79.96690368652344
1629747515,7865020,12,0,6003,40.55067825317383,-80.01937103271484
1629747523,14534020,71C,0,6366,40.45607376098633,-79.91545867919922
1629747522,9573020,13,0,6002,40.460548400878906,-80.02714538574219
1629747517,1427020,53L,0,6244,40.40745544433594,-79.90892028808594
1629747519,8093020,53L,0,6126,40.40803146362305,-79.91490936279297
1629747526,1595020,88,0,6368,40.456787109375,-79.91355895996094
1629747532,5787020,P3,0,6247,40.415035247802734,-79.87955474853516
1629747530,10724020,93,0,6125,40.46527862548828,-79.95740509033203
1629747529,7293020,93,0,6246,40.43699264526367,-79.96294403076172
1629747503,389020,P68,0,6360,40.40485763549805,-79.84370422363281
1629747520,6097020,71D,0,6359,40.45627975463867,-79.90995788574219
1629747520,8221020,64,0,6237,40.429893493652344,-79.92346954345703
1629747527,2549020,83,0,6358,40.442710876464844,-79.9820327758789
1629747518,5352020,57,0,6239,40.41379928588867,-79.92362213134766
1629747508,5854020,61C,0,6118,40.44036102294922,-79.99449920654297
1629747524,4950020,83,0,6252,40.429508209228516,-79.97753143310547
1629747512,11393020,51,0,6130,40.43671417236328,-80.00091552734375
1629747521,337020,81,0,6251,40.43040466308594,-79.97683715820312
1629747527,3221020,53L,0,6253,40.35149002075195,-79.94125366210938
1629747531,4509020,55,0,6135,40.33115768432617,-79.89241790771484
1629747506,4665020,55,0,6134,40.352725982666016,-79.84810638427734
1629747513,3437020,86,0,6258,40.44953155517578,-79.98470306396484
1629747508,10913020,P78,0,6137,40.442806243896484,-79.88689422607422
1629747529,9350020,39,0,6015,40.394622802734375,-80.02117919921875
1629747521,8481020,83,0,6250,40.44783401489258,-79.9591064453125
1629747515,8685020,16,0,6007,40.45562744140625,-80.00547790527344
1629747524,6000020,51,0,6127,40.435203552246094,-80.00190734863281
1629747523,13274020,56,0,6248,40.413047790527344,-79.94525909423828
1629747523,343020,82,0,6369,40.44731140136719,-79.96719360351562
1629747494,4765020,54,0,6008,40.41071319580078,-79.9902572631836
1629747529,9036020,77,0,6263,40.45753860473633,-79.89691925048828
1629747522,12526020,75,0,6262,40.445533752441406,-79.95325469970703
1629747530,8504020,71A,0,6143,40.45079040527344,-79.95134735107422
1629747529,9140020,82,0,6146,40.460758209228516,-79.91571044921875
1629747524,2745020,P68,0,6267,40.42173767089844,-79.79759979248047
1629747532,2622020,71B,0,6269,40.44965362548828,-79.93022918701172
1629747530,12490020,77,0,6268,40.49385070800781,-79.78910064697266
1629747513,1593020,77,0,6261,40.44239807128906,-80.00006866455078
1629747512,14056020,P17,0,6140,40.46086883544922,-79.910400390625
1629747522,11039020,77,0,6260,40.47660827636719,-79.76103973388672
1629747521,8856020,24,0,6018,40.444801330566406,-80.02890014648438
1629747528,6426020,67,0,6139,40.45069885253906,-79.9058609008789
1629747521,200020,48,0,6017,40.42095184326172,-80.00565338134766
1629747521,5433020,71D,0,6138,40.4379768371582,-79.99223327636719
1629747507,6243020,P10,0,6259,40.447269439697266,-79.98724365234375
1629747482,13441020,75,0,6274,40.490150451660156,-79.86994171142578
1629747518,823020,51L,0,6031,40.42425537109375,-79.9884033203125
1629747524,1933020,67,0,6152,40.4481315612793,-79.89816284179688
1629747502,4480020,82,0,7002,40.4400520324707,-79.99842071533203
1629747515,8985020,64,0,6033,40.461647033691406,-79.94572448730469
1629747504,10726020,88,0,7001,40.447288513183594,-79.98841857910156
1629747511,3016020,P68,0,6275,40.40958786010742,-79.85209655761719
1629747524,11331020,71B,0,6157,40.479698181152344,-79.91947937011719
1629747527,13946020,Y46,0,6036,40.431396484375,-80.0042953491211
1629747530,1312020,77,0,6156,40.45460891723633,-79.94645690917969
1629747528,4197020,59,0,6038,40.33628845214844,-79.94587707519531
1629747460,6230020,67,0,6159,40.44443130493164,-79.9487075805664
1629747511,9198020,75,0,6271,40.47307205200195,-79.93025970458984
1629747532,14048020,51,0,6029,40.42341995239258,-79.9776840209961
1629747508,8780020,51,0,6042,40.436805725097656,-80.00115966796875
1629747525,4482020,71C,0,6045,40.442108154296875,-79.99942016601562
1629747532,10392020,59,0,6044,40.3715934753418,-79.84376525878906
1629747524,7643020,79,0,6049,40.45457077026367,-79.8721923828125
1629747524,1347020,71A,0,6048,40.455291748046875,-79.94062042236328
1629747498,11822020,69,0,6160,40.40258026123047,-79.83723449707031
1629747525,7482020,61C,0,6041,40.437171936035156,-79.97467803955078
1629747529,5139020,4,0,1703,40.4466667175293,-79.9997787475586
1629747506,12294020,67,0,6052,40.44225311279297,-79.74346160888672
1629747519,9433020,71,0,6051,40.4498176574707,-79.89165496826172
1629747519,14422020,11,0,1711,40.44572830200195,-79.98954010009766
1629747532,2537020,11,0,1710,40.47097396850586,-80.00662231445312
1629747530,10059020,44,0,1716,40.41651916503906,-79.99308013916016
1629747508,11307020,44,0,1713,40.443748474121094,-79.9936752319336
1629747507,5682020,40,0,1723,40.44374465942383,-79.9950180053711
1629747528,5118020,43,0,1728,40.41841125488281,-80.01068878173828
1629747532,8008020,40,0,1727,40.4424934387207,-79.9992446899414
1629747532,8491020,44,0,1726,40.41145706176758,-79.97677612304688
1629747520,1831020,44,0,1724,40.385440826416016,-79.97727966308594
1629747520,8760020,2,0,5904,40.54668045043945,-79.97233581542969
1629747457,1825020,54,0,5905,40.42130661010742,-80.00607299804688
1629747484,3142020,14,0,5907,40.587833404541016,-80.22830963134766
1629747520,5377020,15,0,5908,40.44194793701172,-80.00172424316406
1629747523,6911020,54,0,5901,40.45390701293945,-79.9979248046875
1629747531,6896020,8,0,5902,40.516502380371094,-80.03742980957031
1629747531,4173020,54,0,5903,40.450439453125,-79.95113372802734
1629747528,3702020,48,0,5917,40.42161178588867,-79.99761199951172
1629747528,4355020,24,0,5918,40.45242691040039,-80.03884887695312
1629747531,10266020,48,0,5919,40.41770935058594,-79.96587371826172
1629747522,6751020,1,0,5910,40.540611267089844,-79.81471252441406
1629747496,13862020,21,0,5912,40.51183319091797,-80.1305923461914
1629747518,14189020,91,0,5805,40.49599838256836,-79.8872299194336
1629747441,12606020,O12,0,5806,40.586204528808594,-80.0302734375
1629747526,6966020,15,0,5809,40.46018981933594,-80.01714324951172
1629747530,74020,61C,0,5921,40.43913650512695,-79.9946517944336
1629747517,4303020,64,0,5922,40.452728271484375,-79.92066955566406
1629747527,8184020,61D,0,5923,40.44260025024414,-79.95553588867188
1629747515,8297020,54,0,5803,40.421775817871094,-79.97919464111328
1629747504,11336020,2,0,5804,40.44303512573242,-79.9980697631836
1629747502,1541020,61C,0,5925,40.392189025878906,-79.86982727050781
1629747980,1736020,51,0,5816,40.41493225097656,-79.98763275146484
1629747963,8922020,75,0,5938,40.42436218261719,-79.96218872070312
1629747983,6358020,61A,0,5819,40.438045501708984,-79.92757415771484
1629747985,8208020,59,0,5931,40.4140510559082,-79.90377807617188
1629747981,8084020,G31,0,5810,40.44314956665039,-79.99720764160156
1629747983,11489020,81,0,5932,40.44225311279297,-79.97838592529297
1629747963,13509020,51,0,5815,40.348819732666016,-79.97523498535156
1629747976,221020,17,0,5707,40.48012161254883,-80.03440856933594
1629747987,14406020,31,0,5708,40.378028869628906,-80.09681701660156
1629747944,2782020,O12,0,3401,40.483245849609375,-80.00775909423828
1629747986,12078020,P76,0,5820,40.423370361328125,-79.8570327758789
1629747962,10560020,67,0,5942,40.435787200927734,-79.9619140625
1629747987,11316020,86,0,5821,40.461402893066406,-79.92478942871094
1629747980,1897020,71C,0,5943,40.45246887207031,-79.95015716552734
1629747941,3741020,16,0,5702,40.456016540527344,-80.0040283203125
1629747987,3765020,P71,0,5944,40.43973922729492,-79.9968032836914
1629747933,-1962801521,71C,1,5945,40.44980239868164,-79.89141082763672
1629747982,12454020,6,0,5705,40.479068756103516,-80.00115966796875
1629747973,12289020,71D,0,3420,40.440460205078125,-79.9948959350586
1629747970,1417020,74,0,5717,40.463905334472656,-79.89353942871094
1629747978,8024020,P1,0,3417,40.44200897216797,-79.9949951171875
1629747991,7490020,71C,0,3416,40.45479202270508,-79.94229888916016
1629747985,-909946434,P16,1,5718,40.44248962402344,-79.99968719482422
1629747990,2247020,71A,0,3415,40.43741989135742,-79.97953033447266
1629747979,9982020,71C,0,3412,40.457054138183594,-79.9346923828125
1629747978,2281020,82,0,3411,40.460575103759766,-79.91236114501953
1629747990,11275020,21,0,5713,40.50368118286133,-80.222412109375
1629747967,8454020,79,0,5715,40.44922637939453,-79.89114379882812
1629747980,2722020,P1,0,3419,40.43718719482422,-79.88561248779297
1629747929,5350020,86,0,3418,40.449951171875,-79.8919448852539
1629747991,4151020,P3,0,3306,40.43722915649414,-79.88574981689453
1629747985,1054020,G2,0,3304,40.441001892089844,-80.00608825683594
1629747972,11667020,G2,0,3303,40.44231033325195,-80.02338409423828
1629747967,10948020,G2,0,3302,40.441810607910156,-80.00228118896484
1629747939,1976020,P1,0,3423,40.454368591308594,-79.94275665283203
1629747982,9938020,71D,0,3421,40.45344543457031,-79.89232635498047
1629747931,610020,P13,0,5605,40.44272232055664,-79.9986801147461
1629747972,3733020,P3,0,3308,40.44395446777344,-79.95540618896484
1629747978,2711020,P1,0,3321,40.43684005737305,-79.88569641113281
1629747976,8211020,P1,0,3320,40.414756774902344,-79.87882995605469
1629747982,10464020,61D,0,3318,40.43803024291992,-79.99394989013672
1629747981,3028020,61A,0,3317,40.40301513671875,-79.86237335205078
1629747988,461020,61C,0,3315,40.42325973510742,-79.92862701416016
1629747992,11839020,61D,0,3311,40.41590118408203,-79.92524719238281
1629747982,2967020,65,0,5614,40.435672760009766,-79.9819107055664
1629747977,6294020,P1,0,3332,40.45719528198242,-79.91094970703125
1629747965,774020,71D,0,3210,40.44991683959961,-79.89159393310547
1629747977,14205020,P1,0,3331,40.44368362426758,-79.99356842041016
1629747959,3648020,71B,0,3330,40.44125747680664,-79.95905303955078
1629747972,14080020,P78,0,3329,40.54046630859375,-79.83125305175781
1629747983,10949020,61D,0,3207,40.40414810180664,-79.92027282714844
1629747965,9145020,71B,0,3325,40.44093704223633,-80.00083923339844
1629747927,2086020,61D,0,3202,40.43787384033203,-79.98967742919922
1629747988,9528020,71A,0,3323,40.43795394897461,-79.99160766601562
1629747963,12973020,6,0,5627,40.48202133178711,-80.00279235839844
1629747963,988020,71C,0,3340,40.46056365966797,-79.92236328125
1629747977,14011020,29,0,6609,40.43798065185547,-80.0687484741211
1629747963,10080020,71A,0,3219,40.47891616821289,-79.9190902709961
1629747964,14346020,13,0,6608,40.51749038696289,-80.03697204589844
1629747986,2074020,P12,0,3339,40.44021224975586,-79.88005828857422
1629747979,-1411583532,P67,1,3218,40.45677947998047,-79.91181182861328
1629747940,3386020,P1,0,3338,40.45895004272461,-79.96781921386719
1629747977,4467020,71C,0,3336,40.43796920776367,-79.99211120605469
1629747983,13617020,71B,0,3335,40.4379997253418,-79.9933853149414
1629747975,4727020,24,0,5636,40.448280334472656,-80.1568603515625
1629747971,4075020,2,0,6604,40.545894622802734,-80.0055160522461
1629747930,215020,18,0,6606,40.447509765625,-80.01969146728516
1629747948,941020,Y46,0,6621,40.32976150512695,-79.94524383544922
1629747974,6223020,83,0,6620,40.45415496826172,-79.96015930175781
1629747962,7448020,53L,0,6619,40.440425872802734,-80.00447845458984
1629747971,9896020,O1,0,3229,40.464603424072266,-79.99979400634766
1629747987,3136020,71B,0,3225,40.442115783691406,-79.99943542480469
1629747949,1908020,36,0,6612,40.35013198852539,-80.05136108398438
1629747979,12731020,29,0,6613,40.445762634277344,-79.98954772949219
1629747991,1208020,24,0,6615,40.451778411865234,-80.15731811523438
1629747982,5909020,Y47,0,6618,40.3876953125,-79.99716186523438
1629747959,4843020,51,0,6617,40.428733825683594,-79.98699951171875
1629747963,12809020,51,0,5660,40.36259078979492,-79.92930603027344
1629747984,11021020,51,0,6630,40.38378143310547,-79.97738647460938
1629747957,14394020,14,0,6510,40.52295684814453,-80.14854431152344
1629747976,2954020,61B,0,3244,40.41273880004883,-79.85636901855469
1629747990,10078020,71D,0,3240,40.4371337890625,-79.97109985351562
1629747979,6284020,G2,0,3238,40.405521392822266,-80.0907974243164
1629747984,14218020,G2,0,3235,40.4263916015625,-80.07258605957031
1629747983,1769020,51,0,6623,40.428470611572266,-79.98057556152344
1629747988,9986020,52L,0,5654,40.420143127441406,-79.9273681640625
1629747977,8602020,17,0,6501,40.44456100463867,-80.00102996826172
1629747970,9866020,59,0,6622,40.41537857055664,-79.84800720214844
1629747970,10234020,Y46,0,5655,40.274688720703125,-79.893798828125
1629747988,979020,93,0,6625,40.40838623046875,-79.94364166259766
1629747988,10577020,14,0,6503,40.46879196166992,-80.03609466552734
1629747971,9941020,Y46,0,6624,40.431304931640625,-80.00273895263672
1629747974,5751020,8,0,6506,40.46122360229492,-80.00879669189453
1629747969,8498020,54,0,6505,40.45185852050781,-80.00640106201172
1629747976,1576020,93,0,6626,40.42000198364258,-79.92832946777344
1629747977,9232020,13,0,6508,40.517425537109375,-80.03663635253906
1629747963,4586020,59,0,6629,40.36957931518555,-79.8537826538086
1629747978,2788020,1,0,6507,40.60200500488281,-79.75691223144531
1629747968,12806020,26,0,6520,40.44097900390625,-80.07276916503906
1629747978,12182020,82,0,6641,40.464683532714844,-79.89892578125
1629747980,5063020,71D,0,6640,40.448402404785156,-79.9342041015625
1629747990,11589020,91,0,6401,40.48442459106445,-79.94799041748047
1629747985,8057020,26,0,6521,40.44039535522461,-80.06950378417969
1629747982,6646020,P68,0,6642,40.450767517089844,-79.98113250732422
1629747990,4649020,61A,0,3251,40.431331634521484,-79.8844223022461
1629747990,302020,61C,0,3250,40.407142639160156,-79.91374206542969
1629747964,5728020,51,0,6634,40.380653381347656,-79.9762954711914
1629747992,8078020,20,0,6515,40.442596435546875,-80.00431823730469
1629747989,6149020,69,0,6636,40.424678802490234,-79.85930633544922
1629747985,5700020,61A,0,6635,40.443145751953125,-79.9536361694336
1629747962,5116020,28X,0,6638,40.49814224243164,-80.2665023803711
1629747989,11574020,41,0,6516,40.38017654418945,-80.06246948242188
1629747982,6250020,67,0,6637,40.44342041015625,-79.8389663696289
1629747976,13292020,38,0,6519,40.382625579833984,-80.0430679321289
1629747974,5785020,31,0,6518,40.441429138183594,-80.00455474853516
1629747981,2548020,87,0,6650,40.46832275390625,-79.92776489257812
1629747989,9516020,2,0,6410,40.50416564941406,-79.94914245605469
1629747974,4551020,61D,0,6531,40.44646453857422,-79.95186614990234
1629747991,8349020,74,0,6652,40.44865036010742,-79.90168762207031
1629747969,9662020,61C,0,6532,40.44315719604492,-79.9565658569336
1629747987,276020,8,0,6411,40.51673889160156,-80.03398132324219
1629747977,11362020,P1,0,3258,40.415138244628906,-79.87954711914062
1629747992,12089020,61C,0,3257,40.43894958496094,-79.9947280883789
1629747988,11209020,56,0,6524,40.43577194213867,-79.99503326416016
1629747985,6870020,P16,0,6645,40.44689178466797,-79.8486099243164
1629747978,8682020,36,0,6523,40.44087600708008,-80.0041732788086
1629747980,13049020,91,0,6402,40.50040054321289,-79.8610610961914
1629747973,9527020,58,0,6647,40.43578338623047,-79.99505615234375
1629747991,11626020,91,0,6405,40.454898834228516,-79.97838592529297
1629747968,9430020,13,0,6404,40.496028900146484,-80.05524444580078
1629747970,422020,59,0,6525,40.3931884765625,-79.81903839111328
1629747973,13846020,16,0,6407,40.454124450683594,-80.01358795166016
1629747988,4414020,61D,0,6528,40.44182205200195,-79.95844268798828
1629747989,3124020,87,0,6649,40.44309616088867,-79.99687957763672
1629747962,1071020,13,0,6408,40.45505142211914,-80.00861358642578
1629747982,1366020,59,0,6541,40.41606903076172,-79.88555145263672
1629747968,7100020,1,0,6302,40.58353042602539,-79.77791595458984
1629747983,2562020,82,0,6544,40.44558334350586,-79.9729232788086
1629747971,12690020,16,0,6301,40.50368118286133,-80.07437133789062
1629747988,3608020,21,0,6422,40.44236755371094,-80.0235595703125
1629747970,9825020,8,0,6414,40.4530029296875,-80.00152587890625
1629747927,14281020,61A,0,6534,40.43721389770508,-79.97115325927734
1629747988,12374020,91,0,6413,40.46022033691406,-79.97077178955078
1629747983,9579020,41,0,6416,40.38444519042969,-80.05554962158203
1629747980,14670020,20,0,6415,40.49953079223633,-80.11583709716797
1629747989,4244020,60,0,6538,40.352359771728516,-79.85392761230469
1629747979,13047020,28X,0,6551,40.438777923583984,-79.99095153808594
1629747974,14356020,1,0,6311,40.49067306518555,-79.86968994140625
1629747976,14511020,61A,0,6432,40.4434928894043,-79.95610809326172
1629747988,2020020,1,0,6310,40.4936408996582,-79.91574096679688
1629747989,9209020,28X,0,6552,40.4538688659668,-79.91357421875
1629747991,10029020,Y1,0,6431,40.440555572509766,-79.99832916259766
1629747937,10426020,6,0,6313,40.446075439453125,-79.9888916015625
1629747982,1808020,61B,0,6434,40.43803024291992,-79.99433135986328
1629747984,6810020,91,0,6312,40.49458312988281,-79.93346405029297
1629747977,862020,1,0,6304,40.481719970703125,-79.96385955810547
1629747951,13648020,26,0,6425,40.443359375,-80.00511169433594
1629747975,12425020,71C,0,6546,40.44165802001953,-79.95865631103516
1629747901,9271020,12,0,6306,40.586769104003906,-80.04133605957031
1629747992,4420020,31,0,6427,40.442684173583984,-80.02445983886719
1629747984,-611592085,87,1,6548,40.47098922729492,-79.92649841308594
1629747979,9828020,71D,0,6547,40.44099426269531,-80.00112915039062
1629747989,8248020,56,0,6429,40.347110748291016,-79.83213806152344
1629747991,10196020,14,0,6307,40.564971923828125,-80.20701599121094
1629747991,5527020,59,0,6428,40.34440994262695,-79.94801330566406
1629747979,13941020,71D,0,6549,40.445777893066406,-79.95291137695312
1629747979,11269020,31,0,6320,40.38201904296875,-80.09419250488281
1629747991,11379020,61D,0,6441,40.441532135009766,-80.00247955322266
1629747971,731020,38,0,6321,40.42217254638672,-80.04605865478516
1629747981,12423020,61B,0,6442,40.43791961669922,-79.99075317382812
1629747979,999020,12,0,6203,40.451541900634766,-80.00111389160156
1629747963,4105020,16,0,6202,40.503868103027344,-80.07485961914062
1629747982,7918020,39,0,6323,40.44330596923828,-79.99641418457031
1629747957,7997020,17,0,6315,40.48413848876953,-80.0357666015625
1629747963,2414020,71A,0,6557,40.44002914428711,-79.99422454833984
1629747978,10847020,88,0,6556,40.4659538269043,-79.94992065429688
1629747962,4438020,64,0,6438,40.40914535522461,-79.91223907470703
1629747981,12738020,54,0,6316,40.451900482177734,-79.95198059082031
1629747988,10517020,75,0,6450,40.4376106262207,-79.97262573242188
1629747987,3652020,59,0,6333,40.38426208496094,-79.86787414550781
1629747992,-2084119021,38,1,6332,40.40607833862305,-80.0534439086914
1629747981,8846020,75,0,6453,40.47468566894531,-79.9312744140625
1629747991,9011020,61A,0,6334,40.437950134277344,-79.99150085449219
1629747971,7051020,27,0,6326,40.44470977783203,-80.05866241455078
1629747977,6439020,61A,0,6447,40.44034194946289,-79.99537658691406
1629747975,-1842620082,91,1,6205,40.4969482421875,-79.89098358154297
1629747987,1156020,91,0,6204,40.465763092041016,-79.96504211425781
1629747980,2852020,Y45,0,6446,40.440757751464844,-79.99818420410156
1629747991,8325020,20,0,6327,40.50299072265625,-80.12704467773438
1629747991,1439020,8,0,6206,40.48360061645508,-80.0129165649414
1629747978,789020,Y47,0,6448,40.36139678955078,-79.99119567871094
1629747973,7540020,61A,0,6340,40.43804168701172,-79.92017364501953
1629747979,9156020,86,0,6461,40.44523239135742,-79.99185943603516
1629747991,9743020,61B,0,6342,40.43790054321289,-79.93058776855469
1629747964,7026020,56,0,6341,40.35164260864258,-79.86463165283203
1629747988,12006020,87,0,6462,40.471595764160156,-79.92658233642578
1629747992,2130020,16,0,6102,40.4866828918457,-80.04423522949219
1629747963,13289020,27,0,6223,40.44268798828125,-80.04228973388672
1629747980,8955020,61B,0,6346,40.4417610168457,-80.00248718261719
1629747981,-584706227,13,1,6103,40.45547866821289,-80.00662994384766
1629747968,2785020,22,0,6224,40.46290588378906,-80.05205535888672
1629747989,7089020,12,0,6216,40.49765396118164,-80.0126953125
1629747970,9157020,Y47,0,6337,40.33015441894531,-79.92350006103516
1629747959,571020,12,0,6215,40.572879791259766,-80.01673126220703
1629747990,8693020,89,0,6457,40.46900939941406,-79.92817687988281
1629747963,8302020,G3,0,6218,40.443790435791016,-79.99394989013672
1629747989,11915020,41,0,6217,40.441349029541016,-79.99777221679688
1629747981,9838020,29,0,6219,40.451393127441406,-80.16117095947266
1629747978,7753020,P3,0,6351,40.437744140625,-79.96453857421875
1629747991,11356020,61C,0,6111,40.401336669921875,-79.88056945800781
1629747988,10937020,41,0,6231,40.34956359863281,-80.10472106933594
1629747985,6124020,61B,0,6112,40.44464111328125,-79.94379425048828
1629747965,8608020,P3,0,6233,40.41472244262695,-79.87873840332031
1629747990,3987020,61A,0,6115,40.411376953125,-79.86924743652344
1629747976,11226020,81,0,6236,40.4438362121582,-79.98006439208984
1629747987,9443020,93,0,6357,40.483314514160156,-79.9476089477539
1629747989,9307020,55,0,6235,40.3577995300293,-79.93492126464844
1629747974,241020,P76,0,6114,40.439579010009766,-79.99732971191406
1629747962,3116020,57,0,6348,40.43577194213867,-79.97207641601562
1629747986,227020,54,0,6105,40.428321838378906,-79.9805908203125
1629747968,3601020,48,0,6107,40.441768646240234,-80.00235748291016
1629747983,11778020,59,0,6240,40.405975341796875,-79.89293670654297
1629747986,1326020,71C,0,6361,40.437992095947266,-79.99290466308594
1629747978,8677020,54,0,6001,40.45342254638672,-80.00100708007812
1629747988,1566020,61B,0,6122,40.44300079345703,-79.95677185058594
1629747985,1989020,Y49,0,6243,40.34463119506836,-79.9387435913086
1629747970,9840020,Y49,0,6121,40.431949615478516,-80.00350189208984
1629747981,8025020,Y49,0,6242,40.35892105102539,-79.95881652832031
1629747960,7865020,12,0,6003,40.556400299072266,-80.01966094970703
1629747986,14534020,71C,0,6366,40.44367980957031,-79.89044952392578
1629747987,9573020,13,0,6002,40.48332595825195,-80.0409927368164
1629747968,1427020,53L,0,6244,40.41292953491211,-79.9085464477539
1629747985,8093020,53L,0,6126,40.412803649902344,-79.90846252441406
1629747957,1595020,88,0,6368,40.456787109375,-79.91355895996094
1629747988,5787020,P3,0,6247,40.45831298828125,-79.9138412475586
1629747973,10724020,93,0,6125,40.450439453125,-79.95113372802734
1629747974,7293020,93,0,6246,40.44276428222656,-79.95707702636719
1629747974,389020,P68,0,6360,40.402122497558594,-79.8320541381836
1629747957,-1823875544,61D,1,6117,40.40970230102539,-79.91231536865234
1629747973,6097020,71D,0,6359,40.447227478027344,-79.88365173339844
1629747971,8221020,64,0,6237,40.41984939575195,-79.92835235595703
1629747973,2549020,83,0,6358,40.43967056274414,-79.99754333496094
1629747967,5352020,57,0,6239,40.41097640991211,-79.9102554321289
1629747991,5854020,61C,0,6118,40.4379997253418,-79.9927978515625
1629747967,4950020,83,0,6252,40.4383544921875,-79.9614028930664
1629747992,11393020,51,0,6130,40.424835205078125,-79.97976684570312
1629747980,13093020,81,0,6251,40.430419921875,-79.9771957397461
1629747978,3221020,53L,0,6253,40.34400177001953,-79.94064331054688
1629747983,4509020,55,0,6135,40.30866622924805,-79.88948059082031
1629747976,4665020,55,0,6134,40.38296890258789,-79.82772064208984
1629747989,3437020,86,0,6258,40.46174621582031,-79.94931030273438
1629747976,10913020,P78,0,6137,40.44913101196289,-79.86644744873047
1629747969,9350020,39,0,6015,40.3891487121582,-80.01163482666016
1629747977,8481020,83,0,6250,40.44157028198242,-79.96207427978516
1629747947,8685020,16,0,6007,40.442710876464844,-79.99930572509766
1629747976,6000020,51,0,6127,40.43765640258789,-80.00248718261719
1629747992,13274020,56,0,6248,40.38611602783203,-79.93206787109375
1629747953,343020,82,0,6369,40.45261001586914,-79.94970703125
1629747972,9587020,6,0,6009,40.443687438964844,-79.99354553222656
1629747990,4765020,54,0,6008,40.40915298461914,-79.99369812011719
1629747947,10180020,67,0,6142,40.452659606933594,-79.75108337402344
1629747984,9036020,77,0,6263,40.46087646484375,-79.8671646118164
1629747980,12526020,75,0,6262,40.43739318847656,-79.97180938720703
1629747985,6180020,P17,0,6144,40.44088363647461,-79.9958724975586
1629747965,8504020,71A,0,6143,40.45589828491211,-79.93862915039062
1629747991,2489020,79,0,6146,40.47024154663086,-79.88745880126953
1629747989,2745020,P68,0,6267,40.40520095825195,-79.82563018798828
1629747989,2622020,71B,0,6269,40.46372604370117,-79.92377471923828
1629747990,12490020,77,0,6268,40.46742248535156,-79.75674438476562
1629747991,1593020,77,0,6261,40.45534133911133,-79.96698760986328
1629747977,9821020,79,0,6140,40.46860885620117,-79.87390899658203
1629747969,11039020,77,0,6260,40.483924865722656,-79.80178833007812
1629747991,8856020,24,0,6018,40.4658088684082,-80.06561279296875
1629747982,6426020,67,0,6139,40.442138671875,-79.88296508789062
1629747968,200020,48,0,6017,40.42095184326172,-80.00565338134766
1629747938,5433020,71D,0,6138,40.43783950805664,-79.98887634277344
1629747962,6243020,P10,0,6259,40.45353698730469,-79.9382095336914
1629747963,13441020,75,0,6274,40.490150451660156,-79.86994171142578
1629747972,823020,51L,0,6031,40.40612030029297,-79.9920425415039
1629747992,1933020,67,0,6152,40.444061279296875,-79.927001953125
1629747971,5512020,82,0,7002,40.44245529174805,-79.9957275390625
1629747983,8985020,64,0,6033,40.4554328918457,-79.93296813964844
1629747933,10726020,88,0,7001,40.46345520019531,-79.96603393554688
1629747966,3016020,P68,0,6275,40.39850616455078,-79.83685302734375
1629747986,11331020,71B,0,6157,40.46019744873047,-79.92499542236328
1629747974,13946020,Y46,0,6036,40.3963623046875,-79.99996948242188
1629747960,1312020,77,0,6156,40.450950622558594,-79.97721099853516
1629747962,4197020,59,0,6038,40.33628845214844,-79.94587707519531
1629747988,6230020,67,0,6159,40.445777893066406,-79.91475677490234
1629747992,14048020,51,0,6029,40.40939712524414,-79.99081420898438
1629747987,8780020,51,0,6042,40.4415283203125,-80.0024642944336
1629747973,9185020,71C,0,6045,40.440311431884766,-79.9956283569336
1629747979,10392020,59,0,6044,40.35171890258789,-79.86396789550781
1629747979,7643020,79,0,6049,40.4633674621582,-79.86568450927734
1629747970,1347020,71A,0,6048,40.44451904296875,-79.95467376708984
1629747965,11822020,69,0,6160,40.40400314331055,-79.8245620727539
1629747984,7482020,61C,0,6041,40.444419860839844,-79.9487533569336
1629747991,5139020,4,0,1703,40.457664489746094,-79.98900604248047
1629747964,9433020,71,0,6051,40.43318176269531,-79.8932876586914
1629747988,6727020,11,0,1711,40.44410705566406,-80.00064849853516
1629747984,2537020,11,0,1710,40.456939697265625,-80.00711059570312
1629747939,10059020,44,0,1716,40.409645080566406,-79.97731018066406
1629747974,11307020,44,0,1713,40.43758773803711,-80.00032806396484
1629747975,5682020,40,0,1723,40.43720626831055,-80.00057983398438
1629747967,418020,43,0,1728,40.42098617553711,-80.00582885742188
1629747910,8008020,40,0,1727,40.44606018066406,-79.98880767822266
1629747981,8491020,44,0,1726,40.41658020019531,-80.0048828125
1629747981,1831020,44,0,1724,40.39697265625,-79.97855377197266
1629747966,8760020,2,0,5904,40.56734085083008,-80.00651550292969
1629747991,12540020,54,0,5905,40.41653060913086,-79.99720001220703
1629747989,3142020,14,0,5907,40.5914421081543,-80.22746276855469
1629747970,5377020,15,0,5908,40.452392578125,-80.00138854980469
1629747980,6911020,54,0,5901,40.461246490478516,-79.96920013427734
1629747974,6896020,8,0,5902,40.517494201660156,-80.03683471679688
1629747978,4173020,54,0,5903,40.45757293701172,-79.94742584228516
1629747991,3702020,48,0,5917,40.41722106933594,-79.97482299804688
1629747970,4355020,24,0,5918,40.440338134765625,-80.00453186035156
1629747990,10266020,48,0,5919,40.42179870605469,-79.99376678466797
1629747986,6751020,1,0,5910,40.54534149169922,-79.7706298828125
1629747977,13862020,21,0,5912,40.52754592895508,-80.1851806640625
1629747967,14189020,91,0,5805,40.49021530151367,-79.88253784179688
1629747968,6830020,O12,0,5806,40.58658981323242,-80.03083038330078
1629747980,6966020,15,0,5809,40.456138610839844,-80.00286865234375
1629747963,74020,61C,0,5921,40.4416389465332,-80.00212860107422
1629747989,4303020,64,0,5922,40.456939697265625,-79.9338607788086
1629747936,8184020,61D,0,5923,40.44310760498047,-79.93799591064453
1629747986,8297020,54,0,5803,40.437747955322266,-79.96463775634766
1629747971,11336020,2,0,5804,40.45384979248047,-79.99867248535156
1629748440,1736020,51,0,5816,40.42881774902344,-79.9834976196289
1629748448,8922020,75,0,5938,40.427940368652344,-79.97028350830078
1629748448,6050020,P7,0,5817,40.44635009765625,-79.9886703491211
1629748451,6358020,61A,0,5819,40.43943405151367,-79.89494323730469
1629748443,8208020,59,0,5931,40.41151809692383,-79.90813446044922
1629748417,8084020,G31,0,5810,40.441139221191406,-80.01994323730469
1629748444,11489020,81,0,5932,40.44095993041992,-79.96089935302734
1629748450,13509020,51,0,5815,40.34584045410156,-79.95783996582031
1629748443,221020,17,0,5707,40.4625358581543,-80.0301284790039
1629748437,14406020,31,0,5708,40.395748138427734,-80.0865249633789
1629748444,2782020,O12,0,3401,40.534324645996094,-80.01093292236328
1629748451,10416020,64,0,5940,40.467498779296875,-79.96359252929688
1629748449,12078020,P76,0,5820,40.38922119140625,-79.83103942871094
1629748425,10560020,67,0,5942,40.444576263427734,-79.94500732421875
1629748449,11316020,86,0,5821,40.45712661743164,-79.94056701660156
1629748441,1897020,71C,0,5943,40.444583892822266,-79.95468139648438
1629748449,3741020,16,0,5702,40.45963668823242,-80.01703643798828
1629748448,3765020,P71,0,5944,40.45344924926758,-79.93949127197266
1629748390,-202059788,75,1,5945,40.459259033203125,-79.91993713378906
1629748421,12454020,6,0,5705,40.467811584472656,-79.99485778808594
1629748443,12289020,71D,0,3420,40.4379768371582,-79.99223327636719
1629748410,1417020,74,0,5717,40.4496955871582,-79.90093231201172
1629748424,8024020,P1,0,3417,40.45680618286133,-79.9322738647461
1629748433,7490020,71C,0,3416,40.460662841796875,-79.9323959350586
1629748337,-909946434,P16,1,5718,40.43953323364258,-79.9971923828125
1629748449,2247020,71A,0,3415,40.44314956665039,-79.95648193359375
1629748448,9982020,71C,0,3412,40.46214294433594,-79.92683410644531
1629748439,2281020,82,0,3411,40.46044158935547,-79.92203521728516
1629748431,11275020,21,0,5713,40.53773880004883,-80.20036315917969
1629748430,14553020,79,0,5715,40.44217300415039,-79.88307189941406
1629748436,2722020,P1,0,3419,40.45925521850586,-79.92357635498047
1629748443,5350020,86,0,3418,40.449951171875,-79.8919448852539
1629748441,4151020,P3,0,3306,40.414730072021484,-79.87890625
1629748439,12262020,G2,0,3304,40.44343948364258,-79.9953384399414
1629748423,11667020,G2,0,3303,40.45076370239258,-80.03678131103516
1629748424,10948020,G2,0,3302,40.44158172607422,-80.02085876464844
1629748429,8169020,P1,0,3423,40.44341278076172,-79.99600219726562
1629748439,9938020,71D,0,3421,40.452884674072266,-79.92069244384766
1629748404,8585020,P78,0,5721,40.43994140625,-79.99942016601562
1629748445,610020,P13,0,5605,40.48063278198242,-79.96491241455078
1629748396,3733020,P3,0,3308,40.45009994506836,-79.9486083984375
1629748435,2711020,P1,0,3321,40.41485595703125,-79.87886810302734
1629748427,8211020,P1,0,3320,40.44861602783203,-79.89043426513672
1629748442,10464020,61D,0,3318,40.437896728515625,-79.99011993408203
1629748448,3028020,61A,0,3317,40.41614532470703,-79.87934875488281
1629748439,461020,61C,0,3315,40.43769454956055,-79.9229507446289
1629748446,3270020,61B,0,3313,40.41377258300781,-79.85322570800781
1629748450,11839020,61D,0,3311,40.43412399291992,-79.92290496826172
1629748428,2967020,65,0,5614,40.43247604370117,-79.93604278564453
1629748437,6294020,P1,0,3332,40.41533660888672,-79.87926483154297
1629748440,774020,71D,0,3210,40.44362258911133,-79.88723754882812
1629748433,8005020,P1,0,3331,40.44331359863281,-79.994140625
1629748438,3648020,71B,0,3330,40.44740676879883,-79.94290924072266
1629748438,10976020,71B,0,3208,40.47608947753906,-79.92057037353516
1629748449,14080020,P78,0,3329,40.53480911254883,-79.84339904785156
1629748432,10949020,61D,0,3207,40.41274642944336,-79.90843963623047
1629748450,14047020,71A,0,3327,40.46858215332031,-79.92759704589844
1629748444,4349020,28X,0,3326,40.45158004760742,-79.92485046386719
1629748422,7111020,71B,0,3325,40.43894958496094,-79.9947280883789
1629748443,2086020,61D,0,3202,40.43687438964844,-79.97174835205078
1629748448,9528020,71A,0,3323,40.43777084350586,-79.98721313476562
1629748441,8568020,15,0,5627,40.4805908203125,-80.00199127197266
1629748445,988020,71C,0,3340,40.45897674560547,-79.9334945678711
1629748450,14011020,29,0,6609,40.450035095214844,-80.10943603515625
1629748431,10080020,71A,0,3219,40.477630615234375,-79.9198226928711
1629748432,14346020,13,0,6608,40.51696014404297,-80.03865814208984
1629748450,2074020,P12,0,3339,40.44327163696289,-79.8552017211914
1629748427,-1411583532,P67,1,3218,40.453834533691406,-79.94123077392578
1629748404,3386020,P1,0,3338,40.4573974609375,-79.91139221191406
1629748446,12877020,71C,0,3337,40.45127868652344,-79.9075698852539
1629748448,4467020,71C,0,3336,40.4378662109375,-79.9895248413086
1629748437,13617020,71B,0,3335,40.43788146972656,-79.99085998535156
1629748443,4727020,24,0,5636,40.4525260925293,-80.15583038330078
1629748450,14485020,54,0,6605,40.45606994628906,-80.00259399414062
1629748432,4075020,2,0,6604,40.54869079589844,-80.02030944824219
1629748424,5817020,18,0,6606,40.45222473144531,-80.01913452148438
1629748440,941020,Y46,0,6621,40.29440689086914,-79.91796112060547
1629748438,6223020,83,0,6620,40.447105407714844,-79.98098754882812
1629748449,7448020,53L,0,6619,40.43570327758789,-79.97565460205078
1629748433,9896020,O1,0,3229,40.50735855102539,-80.03031921386719
1629748426,3381020,71B,0,3225,40.43894958496094,-79.9947280883789
1629748444,1908020,36,0,6612,40.34682083129883,-80.05471801757812
1629748441,13813020,29,0,6613,40.44636154174805,-79.98841857910156
1629748437,1208020,24,0,6615,40.45633316040039,-80.16708374023438
1629748435,5909020,Y47,0,6618,40.430973052978516,-80.00210571289062
1629748449,4843020,51,0,6617,40.41830062866211,-79.98625946044922
1629748437,12052020,51,0,5660,40.36201858520508,-79.93222045898438
1629748432,11021020,51,0,6630,40.401023864746094,-79.98924255371094
1629748441,14394020,14,0,6510,40.54204177856445,-80.182861328125
1629748430,2954020,61B,0,3244,40.41143798828125,-79.88009643554688
1629748428,10078020,71D,0,3240,40.44429016113281,-79.95486450195312
1629748450,6284020,G2,0,3238,40.42455291748047,-80.07579803466797
1629748448,14218020,G2,0,3235,40.405582427978516,-80.09071350097656
1629748434,1769020,51,0,6623,40.43174743652344,-80.00314331054688
1629748443,9986020,52L,0,5654,40.407981872558594,-79.90894317626953
1629748439,8602020,17,0,6501,40.45532989501953,-80.00751495361328
1629748437,9866020,59,0,6622,40.403541564941406,-79.8626708984375
1629748451,979020,93,0,6625,40.42219543457031,-79.92884826660156
1629748423,10577020,14,0,6503,40.44834899902344,-80.01791381835938
1629748439,9941020,Y46,0,6624,40.43711471557617,-80.0019302368164
1629748432,5751020,8,0,6506,40.448307037353516,-80.00053405761719
1629748438,8498020,54,0,6505,40.45185852050781,-80.00640106201172
1629748451,1576020,93,0,6626,40.406612396240234,-79.9409408569336
1629748448,4586020,59,0,6629,40.37221908569336,-79.84882354736328
1629748395,8440020,8,0,6508,40.51747131347656,-80.03691101074219
1629748451,2788020,1,0,6507,40.60111618041992,-79.7564697265625
1629748447,12806020,26,0,6520,40.45344543457031,-80.0619888305664
1629748451,5063020,71D,0,6640,40.441429138183594,-79.95895385742188
1629748450,11589020,91,0,6401,40.469810485839844,-79.96089935302734
1629748418,6646020,P68,0,6642,40.4567756652832,-79.90974426269531
1629748445,4649020,61A,0,3251,40.440834045410156,-79.89034271240234
1629748441,302020,61C,0,3250,40.4074821472168,-79.8907699584961
1629748429,5728020,51,0,6634,40.38064956665039,-79.97628784179688
1629748446,12584020,20,0,6515,40.44347381591797,-80.02626037597656
1629748428,6149020,69,0,6636,40.44218063354492,-79.87736511230469
1629748397,5700020,61A,0,6635,40.43806076049805,-79.92362213134766
1629748430,5116020,28X,0,6638,40.45075225830078,-80.17443084716797
1629748442,11574020,41,0,6516,40.37562561035156,-80.09375762939453
1629748431,6250020,67,0,6637,40.43952178955078,-79.87370300292969
1629748446,10535020,38,0,6519,40.38254928588867,-80.04296112060547
1629748441,5785020,31,0,6518,40.4456787109375,-79.98966979980469
1629748444,2548020,87,0,6650,40.487586975097656,-79.92236328125
1629748449,9516020,2,0,6410,40.48991394042969,-79.9719009399414
1629748448,4551020,61D,0,6531,40.438228607177734,-79.97777557373047
1629748441,8349020,74,0,6652,40.46056365966797,-79.88850402832031
1629748439,11511020,51L,0,6533,40.438018798828125,-80.002197265625
1629748450,9662020,61C,0,6532,40.43875503540039,-79.9897232055664
1629748450,276020,8,0,6411,40.49409103393555,-80.0216064453125
1629748450,1957020,P1,0,3259,40.45785903930664,-79.92948150634766
1629748384,3253020,P1,0,3258,40.41500473022461,-79.87850189208984
1629748398,12089020,61C,0,3257,40.43796920776367,-79.9919662475586
1629748419,6647020,56,0,6524,40.439674377441406,-80.0020980834961
1629748446,6870020,P16,0,6645,40.4725456237793,-79.8197250366211
1629748435,8682020,36,0,6523,40.40740966796875,-80.03361511230469
1629748441,7787020,91,0,6402,40.491641998291016,-79.86599731445312
1629748445,1196020,58,0,6647,40.440181732177734,-80.00343322753906
1629748379,11626020,91,0,6405,40.4441032409668,-79.99700164794922
1629748444,9430020,13,0,6404,40.48007583618164,-80.04107666015625
1629748437,422020,59,0,6525,40.38814926147461,-79.8236083984375
1629748441,13846020,16,0,6407,40.4461555480957,-79.99958038330078
1629748450,4414020,61D,0,6528,40.438690185546875,-79.98827362060547
1629748443,3124020,87,0,6649,40.455013275146484,-79.976806640625
1629748440,1071020,13,0,6408,40.449134826660156,-80.00088500976562
1629748442,1366020,59,0,6541,40.41096115112305,-79.8687515258789
1629748433,7100020,1,0,6302,40.56224060058594,-79.76678466796875
1629748446,2562020,82,0,6544,40.440364837646484,-79.99476623535156
1629748376,12690020,16,0,6301,40.50385665893555,-80.07470703125
1629748425,3608020,21,0,6422,40.45035171508789,-80.03623962402344
1629748445,12369020,57,0,6535,40.41111373901367,-79.90643310546875
1629748434,9825020,8,0,6414,40.46260452270508,-80.01344299316406
1629748442,14281020,61A,0,6534,40.43913650512695,-79.99461364746094
1629748432,12374020,91,0,6413,40.44495391845703,-79.99372100830078
1629748447,9579020,41,0,6416,40.389793395996094,-80.0412368774414
1629748444,14670020,20,0,6415,40.47218322753906,-80.09249877929688
1629748415,11247020,60,0,6538,40.350189208984375,-79.83738708496094
1629748427,13047020,28X,0,6551,40.441986083984375,-80.0015640258789
1629748437,14356020,1,0,6311,40.48788070678711,-79.893798828125
1629748445,14511020,61A,0,6432,40.43836975097656,-79.98079681396484
1629748451,2020020,1,0,6310,40.4880256652832,-79.8897705078125
1629748421,10029020,Y1,0,6431,40.425537109375,-80.00552368164062
1629748445,9141020,15,0,6313,40.44319152832031,-79.9970474243164
1629748424,1808020,61B,0,6434,40.43794631958008,-79.99142456054688
1629748440,6810020,91,0,6312,40.48770523071289,-79.89388275146484
1629748450,862020,1,0,6304,40.45355987548828,-80.00049591064453
1629748451,6562020,26,0,6425,40.44374465942383,-80.02732849121094
1629748405,12425020,71C,0,6546,40.438499450683594,-79.9837646484375
1629748438,9271020,12,0,6306,40.57415771484375,-80.01469421386719
1629748442,4420020,31,0,6427,40.437625885009766,-80.05253601074219
1629748449,-611592085,87,1,6548,40.47835159301758,-79.9556884765625
1629748431,2495020,71D,0,6547,40.44015884399414,-79.99443817138672
1629748391,11102020,91,0,6305,40.46268844604492,-79.9671630859375
1629748437,8248020,56,0,6429,40.346710205078125,-79.8292007446289
1629748450,10196020,14,0,6307,40.54108810424805,-80.18143463134766
1629748448,13941020,71D,0,6549,40.438289642333984,-79.97891235351562
1629748431,3239020,61D,0,6441,40.44044494628906,-79.99507904052734
1629748430,5104020,91,0,6201,40.48781204223633,-79.88858032226562
1629748398,731020,38,0,6321,40.40150451660156,-80.06304931640625
1629748405,12423020,61B,0,6442,40.43770217895508,-79.98583221435547
1629748446,11382020,12,0,6203,40.4437370300293,-80.00048065185547
1629748425,4105020,16,0,6202,40.50361633300781,-80.0748062133789
1629748421,7918020,39,0,6323,40.43221664428711,-80.00384521484375
1629748446,7997020,17,0,6315,40.49768829345703,-80.0229263305664
1629748447,5737020,71A,0,6557,40.44002151489258,-79.99647521972656
1629748437,10847020,88,0,6556,40.463321685791016,-79.96622467041016
1629748440,4438020,64,0,6438,40.42136764526367,-79.92870330810547
1629748430,12738020,54,0,6316,40.443138122558594,-79.95658874511719
1629748438,4746020,52L,0,6439,40.43899154663086,-80.00342559814453
1629748435,10517020,75,0,6450,40.442771911621094,-79.95706176757812
1629748433,3652020,59,0,6333,40.3827018737793,-79.85787963867188
1629748408,-2084119021,38,1,6332,40.42005920410156,-80.03714752197266
1629748442,8846020,75,0,6453,40.4639892578125,-79.91815948486328
1629748422,2552020,Y46,0,6335,40.27307891845703,-79.88565063476562
1629748396,9011020,61A,0,6334,40.43782043457031,-79.98831939697266
1629748445,2209020,P10,0,6455,40.441341400146484,-80.00498962402344
1629748449,7051020,27,0,6326,40.441986083984375,-80.02242279052734
1629748436,6439020,61A,0,6447,40.43803024291992,-79.99433135986328
1629748444,-1842620082,91,1,6205,40.49461364746094,-79.88595581054688
1629748423,1156020,91,0,6204,40.483516693115234,-79.95000457763672
1629748451,2852020,Y45,0,6446,40.42099380493164,-80.00725555419922
1629748446,8325020,20,0,6327,40.49333953857422,-80.1175537109375
1629748447,1439020,8,0,6206,40.513404846191406,-80.02558898925781
1629748401,789020,Y47,0,6448,40.337921142578125,-79.97911071777344
1629748427,7540020,61A,0,6340,40.44461441040039,-79.94422149658203
1629748448,8992020,86,0,6461,40.442142486572266,-80.00064849853516
1629748451,9743020,61B,0,6342,40.444522857666016,-79.95466613769531
1629748424,7026020,56,0,6341,40.350624084472656,-79.87322235107422
1629748446,12006020,87,0,6462,40.46256637573242,-79.94450378417969
1629748449,2130020,16,0,6102,40.47201156616211,-80.02740478515625
1629748448,13289020,27,0,6223,40.45391845703125,-80.06558990478516
1629748450,1530020,61B,0,6346,40.440860748291016,-79.99510955810547
1629748451,3473020,13,0,6103,40.46549987792969,-80.03336334228516
1629748425,2785020,22,0,6224,40.47569274902344,-80.07283782958984
1629748429,7089020,12,0,6216,40.53471374511719,-80.01087951660156
1629748400,9157020,Y47,0,6337,40.331661224365234,-79.93025970458984
1629748440,571020,12,0,6215,40.58584976196289,-80.037109375
1629748441,2783020,89,0,6457,40.464759826660156,-79.93653106689453
1629748410,8302020,G3,0,6218,40.4410400390625,-80.00684356689453
1629748444,11915020,41,0,6217,40.4321174621582,-80.00389862060547
1629748441,13736020,83,0,6338,40.428367614746094,-79.97374725341797
1629748432,9838020,29,0,6219,40.45162582397461,-80.13609313964844
1629748448,2045020,P3,0,6351,40.44083023071289,-79.95962524414062
1629748448,13457020,51,0,6353,40.380615234375,-79.97626495361328
1629748446,11356020,61C,0,6111,40.40782165527344,-79.89179992675781
1629748448,10937020,41,0,6231,40.34956359863281,-80.10472106933594
1629748420,5613020,61C,0,6355,40.39713668823242,-79.87499237060547
1629748443,6124020,61B,0,6112,40.43801498413086,-79.92018127441406
1629748447,11245020,P3,0,6233,40.41908264160156,-79.88618469238281
1629748421,11226020,81,0,6236,40.4405403137207,-79.99027252197266
1629748444,1061020,93,0,6357,40.48390579223633,-79.94915771484375
1629748438,10920020,P76,0,6114,40.44386291503906,-79.99419403076172
1629748433,3116020,57,0,6348,40.439064025878906,-80.00361633300781
1629748449,227020,54,0,6105,40.41426467895508,-79.99423217773438
1629748426,1188020,24,0,6229,40.467254638671875,-80.09770202636719
1629748449,12804020,48,0,6107,40.43721008300781,-80.00057220458984
1629748427,11778020,59,0,6240,40.407623291015625,-79.91151428222656
1629748423,1326020,71C,0,6361,40.4378662109375,-79.9895248413086
1629748435,8677020,54,0,6001,40.454647064208984,-80.00847625732422
1629748446,1566020,61B,0,6122,40.438777923583984,-79.99020385742188
1629748433,1989020,Y49,0,6243,40.34767150878906,-79.94779968261719
1629748427,9840020,Y49,0,6121,40.44145584106445,-80.00233459472656
1629748440,8025020,Y49,0,6242,40.3437385559082,-79.94483947753906
1629748444,7865020,12,0,6003,40.542259216308594,-80.01251220703125
1629748443,12783020,86,0,6366,40.44402313232422,-79.88736724853516
1629748396,9573020,13,0,6002,40.50251007080078,-80.05438232421875
1629748434,1427020,53L,0,6244,40.41529846191406,-79.92472076416016
1629748438,8093020,53L,0,6126,40.40753173828125,-79.90982818603516
1629748448,13391020,88,0,6368,40.456787109375,-79.91355895996094
1629748411,5787020,P3,0,6247,40.45195388793945,-79.94947814941406
1629748433,10724020,93,0,6125,40.43914031982422,-79.96206665039062
1629748419,7293020,93,0,6246,40.44981002807617,-79.95074462890625
1629748427,389020,P68,0,6360,40.41651153564453,-79.81474304199219
1629748441,631020,61D,0,6117,40.409751892089844,-79.9160385131836
1629748411,8221020,64,0,6237,40.40925598144531,-79.91658782958984
1629748439,11332020,83,0,6358,40.44268798828125,-79.99893188476562
1629748440,5854020,61C,0,6118,40.43788146972656,-79.98983764648438
1629748411,4950020,83,0,6252,40.44561767578125,-79.95314025878906
1629748437,11393020,51,0,6130,40.41066360473633,-79.99027252197266
1629748441,13093020,81,0,6251,40.430442810058594,-79.97356414794922
1629748446,5028020,59,0,6133,40.387718200683594,-79.82327270507812
1629748443,3221020,53L,0,6253,40.35541534423828,-79.91266632080078
1629748420,4509020,55,0,6135,40.29354476928711,-79.88868713378906
1629748450,4665020,55,0,6134,40.38570022583008,-79.82151794433594
1629748449,3437020,86,0,6258,40.4570426940918,-79.93466186523438
1629748451,10913020,P78,0,6137,40.46098327636719,-79.84246063232422
1629748443,3695020,39,0,6015,40.39234924316406,-80.00965881347656
1629748441,8481020,83,0,6250,40.42842483520508,-79.97459411621094
1629748438,13756020,16,0,6007,40.448692321777344,-80.00065612792969
1629748451,1509020,51,0,6127,40.44092559814453,-79.9980697631836
1629748451,13274020,56,0,6248,40.35871887207031,-79.9085464477539
1629748446,343020,82,0,6369,40.45794677734375,-79.93161010742188
1629748429,9587020,6,0,6009,40.444557189941406,-80.00052642822266
1629748438,4765020,54,0,6008,40.408817291259766,-79.99152374267578
1629748432,10180020,67,0,6142,40.441829681396484,-79.75454711914062
1629748447,9036020,77,0,6263,40.465858459472656,-79.838623046875
1629748445,12526020,75,0,6262,40.42438888549805,-79.96219635009766
1629748426,6180020,P17,0,6144,40.442169189453125,-80.00086212158203
1629748429,8504020,71A,0,6143,40.46294403076172,-79.93099975585938
1629748443,2489020,79,0,6146,40.4744987487793,-79.86644744873047
1629748449,2745020,P68,0,6267,40.401187896728516,-79.84115600585938
1629748432,1689020,P12,0,6266,40.44301986694336,-79.9976806640625
1629748421,12599020,74,0,6147,40.46160125732422,-79.9271011352539
1629748424,12490020,77,0,6268,40.45265579223633,-79.7508316040039
1629748436,1593020,77,0,6261,40.456504821777344,-79.9400405883789
1629748441,9821020,79,0,6140,40.46726989746094,-79.86957550048828
1629748450,11039020,77,0,6260,40.48485565185547,-79.81810760498047
1629748449,8856020,24,0,6018,40.47502517700195,-80.08880615234375
1629748443,13303020,48,0,6017,40.42095184326172,-80.00565338134766
1629748443,5433020,71D,0,6138,40.43913650512695,-79.96197509765625
1629748421,6243020,P10,0,6259,40.47027587890625,-79.90863800048828
1629748442,7354020,75,0,6274,40.490150451660156,-79.86994171142578
1629748451,823020,51L,0,6031,40.38444137573242,-79.97791290283203
1629748437,1933020,67,0,6152,40.444801330566406,-79.9511489868164
1629748447,5512020,82,0,7002,40.443241119384766,-79.98074340820312
1629748448,8985020,64,0,6033,40.44568634033203,-79.92105102539062
1629748436,10726020,88,0,7001,40.46540832519531,-79.94609069824219
1629748427,3016020,P68,0,6275,40.41642379760742,-79.81478881835938
1629748436,11331020,71B,0,6157,40.447479248046875,-79.9417724609375
1629748435,13946020,Y46,0,6036,40.37066650390625,-79.98231506347656
1629748451,1312020,77,0,6156,40.44060516357422,-79.99571228027344
1629748423,4197020,59,0,6038,40.344120025634766,-79.94725036621094
1629748446,6230020,67,0,6159,40.44691467285156,-79.89446258544922
1629748427,13658020,67,0,6158,40.44043731689453,-80.00447082519531
1629748436,10335020,69,0,6270,40.449981689453125,-79.8917465209961
1629748422,14048020,51,0,6029,40.387672424316406,-79.98424530029297
1629748447,7562020,51,0,6042,40.43721008300781,-80.00057220458984
1629748394,9185020,71C,0,6045,40.4380989074707,-79.99436950683594
1629748409,10392020,59,0,6044,40.34706497192383,-79.87026977539062
1629748450,7643020,79,0,6049,40.47391128540039,-79.86371612548828
1629748446,1347020,71A,0,6048,40.43831253051758,-79.97952270507812
1629748438,11822020,69,0,6160,40.39546203613281,-79.80646514892578
1629748426,7482020,61C,0,6041,40.43798065185547,-79.92296600341797
1629748432,5139020,4,0,1703,40.46922302246094,-79.97856903076172
1629748450,14503020,75,0,6059,40.48944091796875,-79.87409973144531
1629748443,9433020,71,0,6051,40.42304229736328,-79.89115905761719
1629748435,6727020,11,0,1711,40.45611572265625,-80.00347137451172
1629748431,2537020,11,0,1710,40.44564437866211,-79.99934387207031
1629748444,10059020,44,0,1716,40.41139602661133,-79.98990631103516
1629748423,11307020,44,0,1713,40.4185791015625,-80.01046752929688
1629748431,5682020,40,0,1723,40.41572952270508,-80.01261901855469
1629748367,418020,43,0,1728,40.42098617553711,-80.00582885742188
1629748438,8008020,40,0,1727,40.446048736572266,-79.98876953125
1629748447,8491020,44,0,1726,40.432003021240234,-80.00413513183594
1629748444,1831020,44,0,1724,40.41397476196289,-79.9867172241211
1629748428,8760020,2,0,5904,40.54985046386719,-80.02157592773438
1629748442,12540020,54,0,5905,40.42279052734375,-79.97794342041016
1629748419,3142020,14,0,5907,40.59144592285156,-80.22747039794922
1629748450,5377020,15,0,5908,40.4539909362793,-80.01437377929688
1629748445,6911020,54,0,5901,40.464908599853516,-79.95418548583984
1629748435,6896020,8,0,5902,40.51749801635742,-80.03681182861328
1629748426,4173020,54,0,5903,40.467506408691406,-79.96366119384766
1629748438,3702020,48,0,5917,40.42679214477539,-79.96869659423828
1629748426,8392020,24,0,5918,40.44111251831055,-80.01976776123047
1629748422,10266020,48,0,5919,40.42107009887695,-80.00542449951172
1629748444,6751020,1,0,5910,40.562557220458984,-79.76564025878906
1629748446,13862020,21,0,5912,40.53862762451172,-80.18234252929688
1629748439,6691020,56,0,5926,40.40737533569336,-79.94332122802734
1629748450,14189020,91,0,5805,40.488311767578125,-79.8991928100586
1629748448,6830020,O12,0,5806,40.58647155761719,-80.04216003417969
1629748428,6966020,15,0,5809,40.443973541259766,-79.99851989746094
1629748433,12488020,61C,0,5921,40.43983840942383,-79.9944076538086
1629748439,4303020,64,0,5922,40.46318817138672,-79.94847869873047
1629748424,8184020,61D,0,5923,40.43635177612305,-79.92288970947266
1629748432,8297020,54,0,5803,40.44491195678711,-79.95410919189453
1629748439,11336020,2,0,5804,40.479881286621094,-79.97310638427734
1629748916,1736020,51,0,5816,40.43326187133789,-80.0031967163086
1629748930,8922020,75,0,5938,40.440330505371094,-79.9603271484375
1629748920,6050020,P7,0,5817,40.45939636230469,-79.92298126220703
1629748935,6358020,61A,0,5819,40.43697738647461,-79.88031005859375
1629748920,8208020,59,0,5931,40.407894134521484,-79.90906524658203
1629748849,8084020,G31,0,5810,40.44340133666992,-80.02647399902344
1629748925,13509020,51,0,5815,40.34391784667969,-79.94487762451172
1629748910,7321020,O12,0,3406,40.44147872924805,-80.0035400390625
1629748915,221020,17,0,5707,40.45420455932617,-80.01321411132812
1629748937,14406020,31,0,5708,40.41328811645508,-80.07650756835938
1629748932,2782020,O12,0,3401,40.563873291015625,-80.02510833740234
1629748914,10416020,64,0,5940,40.46561050415039,-79.9554672241211
1629748921,12078020,P76,0,5820,40.38750457763672,-79.82235717773438
1629748919,10560020,67,0,5942,40.44697189331055,-79.91140747070312
1629748934,11316020,86,0,5821,40.4621467590332,-79.9614028930664
1629748930,1897020,71C,0,5943,40.43875503540039,-79.98965454101562
1629748938,3741020,16,0,5702,40.48149871826172,-80.0335922241211
1629748930,3765020,P71,0,5944,40.442508697509766,-79.88690948486328
1629748927,-202059788,75,1,5945,40.449424743652344,-79.94612121582031
1629748938,12454020,6,0,5705,40.453495025634766,-80.0006103515625
1629748933,12289020,71D,0,3420,40.43777084350586,-79.98721313476562
1629748921,1417020,74,0,5717,40.44068145751953,-79.9232177734375
1629748923,8024020,P1,0,3417,40.415321350097656,-79.88040924072266
1629748912,7490020,71C,0,3416,40.45948791503906,-79.9204330444336
1629748918,-909946434,P16,1,5718,40.45354080200195,-79.94021606445312
1629748909,9982020,71C,0,3412,40.45469284057617,-79.91344451904297
1629748927,2281020,82,0,3411,40.455482482910156,-79.93997955322266
1629748937,11275020,21,0,5713,40.51353073120117,-80.1538314819336
1629748936,14553020,79,0,5715,40.452999114990234,-79.87352752685547
1629748895,2722020,P1,0,3419,40.44678497314453,-79.98797607421875
1629748935,2406020,71D,0,3418,40.449951171875,-79.8919448852539
1629748920,4151020,P3,0,3306,40.414756774902344,-79.87882995605469
1629748924,12262020,G2,0,3304,40.441650390625,-80.00287628173828
1629748933,11667020,G2,0,3303,40.414615631103516,-80.0835189819336
1629748927,10948020,G2,0,3302,40.44373321533203,-80.02723693847656
1629748935,8169020,P1,0,3423,40.460365295410156,-79.96086120605469
1629748893,9938020,71D,0,3421,40.44720458984375,-79.94525909423828
1629748928,1368020,P78,0,5721,40.444984436035156,-79.99053955078125
1629748917,-1262141829,87,1,5722,40.471412658691406,-79.92631530761719
1629748937,610020,P13,0,5605,40.50859451293945,-79.9522705078125
1629748916,3733020,P3,0,3308,40.45954132080078,-79.9223403930664
1629748899,12672020,P1,0,3321,40.415287017822266,-79.8790512084961
1629748908,8211020,P1,0,3320,40.454193115234375,-79.94234466552734
1629748919,10464020,61D,0,3318,40.43721008300781,-79.9754638671875
1629748934,3028020,61A,0,3317,40.43478775024414,-79.88289642333984
1629748933,461020,61C,0,3315,40.444698333740234,-79.94375610351562
1629748932,3270020,61B,0,3313,40.41434097290039,-79.85527801513672
1629748908,11839020,61D,0,3311,40.444610595703125,-79.94279479980469
1629748934,2967020,65,0,5614,40.43024444580078,-79.91522979736328
1629748932,6294020,P1,0,3332,40.41515350341797,-79.8794937133789
1629748926,774020,71D,0,3210,40.455108642578125,-79.89967346191406
1629748919,8005020,P1,0,3331,40.45623779296875,-79.93328857421875
1629748926,10976020,71B,0,3208,40.4644775390625,-79.9234619140625
1629748920,14080020,P78,0,3329,40.51418685913086,-79.84362030029297
1629748932,6073020,61D,0,3207,40.411136627197266,-79.90630340576172
1629748930,14047020,71A,0,3327,40.456016540527344,-79.93819427490234
1629748930,4349020,28X,0,3326,40.44452667236328,-79.94853973388672
1629748908,7111020,71B,0,3325,40.43796157836914,-79.9920883178711
1629748936,2086020,61D,0,3202,40.44305419921875,-79.95378875732422
1629748917,9528020,71A,0,3323,40.4377326965332,-79.96475982666016
1629748910,5478020,61A,0,3201,40.40302658081055,-79.86238861083984
1629748922,8568020,15,0,5627,40.46726989746094,-80.0177001953125
1629748917,988020,71C,0,3340,40.452964782714844,-79.9485092163086
1629748933,14011020,29,0,6609,40.44713592529297,-80.15370178222656
1629748929,10080020,71A,0,3219,40.45933532714844,-79.9332046508789
1629748834,14346020,13,0,6608,40.51844024658203,-80.04414367675781
1629748937,2074020,P12,0,3339,40.441444396972656,-79.75164794921875
1629748938,-1411583532,P67,1,3218,40.44271469116211,-79.99883270263672
1629748891,3386020,P1,0,3338,40.41495895385742,-79.87942504882812
1629748935,12877020,71C,0,3337,40.46250915527344,-79.92780303955078
1629748937,4467020,71C,0,3336,40.43791580200195,-79.97343444824219
1629748928,13617020,71B,0,3335,40.43738555908203,-79.9796371459961
1629748924,494020,6,0,6603,40.44612503051758,-79.98867797851562
1629748893,1856020,17,0,6602,40.495670318603516,-80.0209732055664
1629748914,4727020,24,0,5636,40.4524040222168,-80.1562271118164
1629748926,14485020,54,0,6605,40.45534133911133,-79.97632598876953
1629748923,4075020,2,0,6604,40.565101623535156,-79.99635314941406
1629748928,5817020,18,0,6606,40.459537506103516,-80.03377532958984
1629748934,941020,Y46,0,6621,40.28697967529297,-79.89472961425781
1629748919,6223020,83,0,6620,40.4400520324707,-79.99842071533203
1629748919,6060020,O1,0,3230,40.442649841308594,-80.00440979003906
1629748921,7448020,53L,0,6619,40.426883697509766,-79.93819427490234
1629748926,3381020,71B,0,3225,40.438018798828125,-79.99333190917969
1629748897,13813020,29,0,6613,40.4410400390625,-80.00684356689453
1629748938,1208020,24,0,6615,40.44814682006836,-80.15631866455078
1629748885,5909020,Y47,0,6618,40.439430236816406,-80.0012435913086
1629748930,4843020,51,0,6617,40.39555740356445,-79.98705291748047
1629748938,12052020,51,0,5660,40.34125900268555,-79.9448471069336
1629748907,11021020,51,0,6630,40.42379379272461,-79.9776611328125
1629748931,14394020,14,0,6510,40.57151794433594,-80.21648406982422
1629748936,2954020,61B,0,3244,40.434326171875,-79.89512634277344
1629748936,10078020,71D,0,3240,40.44889450073242,-79.9326400756836
1629748931,6284020,G2,0,3238,40.442073822021484,-80.02269744873047
1629748867,12445020,G2,0,3235,40.40553283691406,-80.09058380126953
1629748932,1769020,51,0,6623,40.44192886352539,-79.99907684326172
1629748907,9986020,52L,0,5654,40.395606994628906,-79.89035034179688
1629748935,8602020,17,0,6501,40.45969772338867,-80.03030395507812
1629748929,9866020,59,0,6622,40.4161262512207,-79.8792495727539
1629748930,979020,93,0,6625,40.434608459472656,-79.92398834228516
1629748898,10577020,14,0,6503,40.446895599365234,-80.0199203491211
1629748923,9941020,Y46,0,6624,40.44188690185547,-79.99959564208984
1629748881,9613020,8,0,6506,40.444522857666016,-80.0008316040039
1629748929,9135020,54,0,6505,40.452022552490234,-80.0064468383789
1629748927,4586020,59,0,6629,40.382530212402344,-79.87081146240234
1629748914,8440020,8,0,6508,40.51865768432617,-80.02659606933594
1629748911,2788020,1,0,6507,40.60111618041992,-79.7564697265625
1629748936,12806020,26,0,6520,40.451385498046875,-80.0504150390625
1629748932,5063020,71D,0,6640,40.438446044921875,-79.9825439453125
1629748868,11589020,91,0,6401,40.45596694946289,-79.9769287109375
1629748909,6646020,P68,0,6642,40.43686294555664,-79.8739013671875
1629748898,1588020,61A,0,3253,40.41377258300781,-79.85322570800781
1629748915,4649020,61A,0,3251,40.43803024291992,-79.91895294189453
1629748928,5728020,51,0,6634,40.38064956665039,-79.9762954711914
1629748937,12584020,20,0,6515,40.46434020996094,-80.0577392578125
1629748924,6149020,69,0,6636,40.45001983642578,-79.89183044433594
1629748935,5700020,61A,0,6635,40.440521240234375,-79.89452362060547
1629748929,5116020,28X,0,6638,40.447479248046875,-80.16552734375
1629748918,11574020,41,0,6516,40.35786056518555,-80.11077880859375
1629748916,6250020,67,0,6637,40.447105407714844,-79.89505004882812
1629748930,10535020,38,0,6519,40.38692855834961,-80.04388427734375
1629748928,10438020,31,0,6518,40.44388961791992,-79.99449157714844
1629748937,2548020,87,0,6650,40.48527145385742,-79.94599914550781
1629748923,9516020,2,0,6410,40.469505310058594,-79.97608947753906
1629748934,4551020,61D,0,6531,40.440650939941406,-79.99562072753906
1629748915,8349020,74,0,6652,40.47400665283203,-79.89779663085938
1629748936,10273020,14,0,6412,40.46982955932617,-80.03651428222656
1629748920,3359020,51L,0,6533,40.43992233276367,-79.99878692626953
1629748920,9662020,61C,0,6532,40.44215393066406,-80.00092315673828
1629748935,276020,8,0,6411,40.4664306640625,-80.0113525390625
1629748932,1957020,P1,0,3259,40.44390106201172,-79.9922103881836
1629748912,3253020,P1,0,3258,40.42939758300781,-79.88461303710938
1629748930,12089020,61C,0,3257,40.437713623046875,-79.98606872558594
1629748913,6647020,56,0,6524,40.43581008911133,-79.97265625
1629748912,6870020,P16,0,6645,40.490447998046875,-79.78316497802734
1629748934,8682020,36,0,6523,40.38737869262695,-80.05410766601562
1629748910,7787020,91,0,6402,40.48755645751953,-79.89395141601562
1629748926,1196020,58,0,6647,40.43581008911133,-79.97265625
1629748936,9430020,13,0,6404,40.45917892456055,-80.01943969726562
1629748929,422020,59,0,6525,40.38814926147461,-79.8236083984375
1629748851,6851020,16,0,6407,40.441490173339844,-80.00349426269531
1629748922,4414020,61D,0,6528,40.441951751708984,-80.001708984375
1629748933,3124020,87,0,6649,40.46240234375,-79.94610595703125
1629748929,8230020,91,0,6406,40.44684600830078,-79.98921203613281
1629748912,13207020,13,0,6408,40.44153594970703,-80.00332641601562
1629748909,1366020,59,0,6541,40.40898895263672,-79.85609436035156
1629748930,7100020,1,0,6302,40.54096984863281,-79.7957763671875
1629748919,4879020,82,0,6544,40.44200897216797,-80.00019836425781
1629748925,8782020,16,0,6301,40.503868103027344,-80.07485961914062
1629748934,3608020,21,0,6422,40.48653793334961,-80.07591247558594
1629748904,12369020,57,0,6535,40.41112518310547,-79.90974426269531
1629748936,9825020,8,0,6414,40.4797477722168,-80.01178741455078
1629748937,12770020,61A,0,6534,40.440792083740234,-80.00065612792969
1629748933,7139020,91,0,6413,40.442569732666016,-79.9993667602539
1629748929,9579020,41,0,6416,40.402828216552734,-80.0207748413086
1629748934,14670020,20,0,6415,40.46461868286133,-80.0581283569336
1629748907,11247020,60,0,6538,40.35016632080078,-79.84949493408203
1629748880,13047020,28X,0,6551,40.44242858886719,-80.02374267578125
1629748938,14356020,1,0,6311,40.49456024169922,-79.93231964111328
1629748916,14511020,61A,0,6432,40.4409294128418,-79.9963150024414
1629748929,2020020,1,0,6310,40.50737380981445,-79.8516616821289
1629748928,10029020,Y1,0,6431,40.38264465332031,-79.99663543701172
1629748924,9141020,15,0,6313,40.44450759887695,-80.00096893310547
1629748935,1808020,61B,0,6434,40.437442779541016,-79.9801254272461
1629748921,6810020,91,0,6312,40.49345016479492,-79.87013244628906
1629748935,6562020,26,0,6425,40.452484130859375,-80.0538558959961
1629748936,12425020,71C,0,6546,40.44226837158203,-79.99983215332031
1629748937,9271020,12,0,6306,40.55807876586914,-80.02345275878906
1629748933,4420020,31,0,6427,40.41377639770508,-80.07333374023438
1629748913,-627841275,87,1,6548,40.48290252685547,-79.94801330566406
1629748911,2495020,71D,0,6547,40.4380989074707,-79.99436950683594
1629748934,11102020,91,0,6305,40.48430633544922,-79.94827270507812
1629748931,4658020,G3,0,6426,40.49842834472656,-80.20816040039062
1629748905,8248020,56,0,6429,40.346710205078125,-79.8292007446289
1629748857,10196020,14,0,6307,40.517845153808594,-80.13107299804688
1629748927,13941020,71D,0,6549,40.440670013427734,-79.99568176269531
1629748899,3239020,61D,0,6441,40.43804168701172,-79.99424743652344
1629748938,5104020,91,0,6201,40.493656158447266,-79.91583251953125
1629748926,731020,38,0,6321,40.385841369628906,-80.07463836669922
1629748924,12423020,61B,0,6442,40.44192123413086,-79.95646667480469
1629748932,11382020,12,0,6203,40.45655059814453,-80.00071716308594
1629748923,9063020,27,0,6324,40.44155502319336,-80.07109069824219
1629748938,4105020,16,0,6202,40.49433135986328,-80.05306243896484
1629748928,7918020,39,0,6323,40.41115188598633,-80.01001739501953
1629748935,7997020,17,0,6315,40.5014533996582,-80.02163696289062
1629748926,5737020,71A,0,6557,40.438541412353516,-79.99461364746094
1629748935,10847020,88,0,6556,40.44947052001953,-79.98489379882812
1629748916,4438020,64,0,6438,40.43793487548828,-79.92296600341797
1629748913,12738020,54,0,6316,40.43149948120117,-79.97396850585938
1629748908,1189020,P68,0,6558,40.441524505615234,-79.9976806640625
1629748932,13720020,52L,0,6439,40.43623733520508,-79.99622344970703
1629748925,10517020,75,0,6450,40.45201110839844,-79.93875885009766
1629748937,3652020,59,0,6333,40.36235046386719,-79.85421752929688
1629748914,7241020,38,0,6332,40.441043853759766,-80.00396728515625
1629748938,8846020,75,0,6453,40.45521926879883,-79.93173217773438
1629748919,2552020,Y46,0,6335,40.27408981323242,-79.88639068603516
1629748912,9011020,61A,0,6334,40.43809509277344,-79.9617691040039
1629748912,2209020,P10,0,6455,40.4435920715332,-79.99347686767578
1629748920,9992020,27,0,6326,40.44133758544922,-80.00591278076172
1629748937,6439020,61A,0,6447,40.437896728515625,-79.99011993408203
1629748936,-1842620082,91,1,6205,40.49462890625,-79.8859634399414
1629748922,1156020,91,0,6204,40.486968994140625,-79.94124603271484
1629748937,2852020,Y45,0,6446,40.38186264038086,-79.995849609375
1629748885,8325020,20,0,6327,40.46910858154297,-80.09835815429688
1629748917,1439020,8,0,6206,40.517494201660156,-80.03677368164062
1629748907,789020,Y47,0,6448,40.343666076660156,-79.94483184814453
1629748924,7540020,61A,0,6340,40.4416389465332,-79.95867919921875
1629748931,8992020,86,0,6461,40.449928283691406,-79.9841079711914
1629748929,483020,20,0,6221,40.46753692626953,-80.09695434570312
1629748935,9743020,61B,0,6342,40.4382209777832,-79.97759246826172
1629748936,7026020,56,0,6341,40.35514831542969,-79.9004135131836
1629748931,12006020,87,0,6462,40.45538330078125,-79.97627258300781
1629748917,2130020,16,0,6102,40.45505142211914,-80.00860595703125
1629748936,13289020,27,0,6223,40.44615936279297,-80.06779479980469
1629748908,1530020,61B,0,6346,40.438899993896484,-79.9947509765625
1629748928,3473020,13,0,6103,40.49192428588867,-80.04818725585938
1629748930,2785020,22,0,6224,40.47751235961914,-80.09534454345703
1629748928,7089020,12,0,6216,40.54585266113281,-80.01667785644531
1629748920,9157020,Y47,0,6337,40.34165954589844,-79.94391632080078
1629748917,2783020,89,0,6457,40.470603942871094,-79.93283081054688
1629748935,8302020,G3,0,6218,40.44326400756836,-80.025634765625
1629748929,11915020,41,0,6217,40.400272369384766,-80.02362823486328
1629748923,13736020,83,0,6338,40.44215774536133,-79.9561538696289
1629748928,9838020,29,0,6219,40.44200134277344,-80.09510040283203
1629748922,4856020,36,0,6230,40.33995056152344,-80.05420684814453
1629748933,2045020,P3,0,6351,40.45017623901367,-79.94862365722656
1629748936,13457020,51,0,6353,40.391178131103516,-79.98657989501953
1629748933,11356020,61C,0,6111,40.413780212402344,-79.92272186279297
1629748914,11345020,22,0,6110,40.478092193603516,-80.0938949584961
1629748933,559020,41,0,6231,40.36188888549805,-80.09403228759766
1629748927,11814020,59,0,6113,40.33628845214844,-79.94587707519531
1629748930,5613020,61C,0,6355,40.409278869628906,-79.89965057373047
1629748891,6124020,61B,0,6112,40.43402099609375,-79.89495849609375
1629748907,11245020,P3,0,6233,40.45798873901367,-79.91300964355469
1629748931,8718020,81,0,6236,40.442203521728516,-80.00074005126953
1629748927,1061020,93,0,6357,40.46541976928711,-79.95817565917969
1629748925,10920020,P76,0,6114,40.45604705810547,-79.93354034423828
1629748937,11428020,57,0,6348,40.43622589111328,-79.9961929321289
1629748923,227020,54,0,6105,40.4212646484375,-80.0060806274414
1629748915,1188020,24,0,6229,40.47308349609375,-80.07514953613281
1629748928,12804020,48,0,6107,40.42879867553711,-79.9841537475586
1629748938,11778020,59,0,6240,40.40414047241211,-79.9202651977539
1629748935,1326020,71C,0,6361,40.43804168701172,-79.97515106201172
1629748920,1566020,61B,0,6122,40.441959381103516,-80.00167846679688
1629748923,1989020,Y49,0,6243,40.36589050292969,-79.9679946899414
1629748921,3360020,Y49,0,6121,40.43281555175781,-80.00355529785156
1629748918,8025020,Y49,0,6242,40.34468460083008,-79.93875885009766
1629748932,7865020,12,0,6003,40.52769088745117,-80.00655364990234
1629748929,12783020,86,0,6366,40.456886291503906,-79.89408111572266
1629748902,9573020,13,0,6002,40.51755142211914,-80.0373306274414
1629748871,1427020,53L,0,6244,40.43624496459961,-79.9738540649414
1629748933,8093020,53L,0,6126,40.398292541503906,-79.90353393554688
1629748878,13391020,88,0,6368,40.45425033569336,-79.912109375
1629748926,5787020,P3,0,6247,40.43772888183594,-79.96492767333984
1629748904,10724020,93,0,6125,40.43421173095703,-79.94085693359375
1629748933,7293020,93,0,6246,40.46553039550781,-79.95567321777344
1629748925,389020,P68,0,6360,40.428218841552734,-79.79914855957031
1629748918,631020,61D,0,6117,40.42038345336914,-79.92845153808594
1629748931,8221020,64,0,6237,40.411033630371094,-79.90646362304688
1629748931,11332020,83,0,6358,40.44147491455078,-79.9849624633789
1629748922,5854020,61C,0,6118,40.437171936035156,-79.97468566894531
1629748920,4950020,83,0,6252,40.440391540527344,-79.96868133544922
1629748933,11393020,51,0,6130,40.38819885253906,-79.9847412109375
1629748915,13093020,81,0,6251,40.44205093383789,-79.956298828125
1629748861,5028020,59,0,6133,40.38764953613281,-79.82350158691406
1629748904,3221020,53L,0,6253,40.38292694091797,-79.90451049804688
1629748910,3845020,19L,0,6014,40.44479751586914,-79.99081420898438
1629748933,4509020,55,0,6135,40.318336486816406,-79.93389129638672
1629748913,4665020,55,0,6134,40.388084411621094,-79.82345581054688
1629748922,14616020,91,0,6013,40.489959716796875,-79.8714828491211
1629748918,3437020,86,0,6258,40.46030807495117,-79.9219741821289
1629748933,10913020,P78,0,6137,40.502296447753906,-79.83785247802734
1629748920,3695020,39,0,6015,40.4116096496582,-80.00957489013672
1629748931,8481020,83,0,6250,40.430198669433594,-79.97610473632812
1629748923,13756020,16,0,6007,40.45749282836914,-80.01579284667969
1629748929,1509020,51,0,6127,40.428680419921875,-79.98925018310547
1629748914,13274020,56,0,6248,40.346336364746094,-79.88811492919922
1629748937,343020,82,0,6369,40.45915985107422,-79.91997528076172
1629748925,9587020,6,0,6009,40.454891204833984,-79.99441528320312
1629748931,11207020,54,0,6008,40.40879821777344,-79.991455078125
1629748914,10180020,67,0,6142,40.43627166748047,-79.7840576171875
1629748936,9036020,77,0,6263,40.483951568603516,-79.81925964355469
1629748908,13075020,75,0,6262,40.42434310913086,-79.9622573852539
1629748922,14718020,77,0,6265,40.441471099853516,-80.0023193359375
1629748915,6180020,P17,0,6144,40.45561981201172,-79.9448013305664
1629748932,8504020,71A,0,6143,40.476287841796875,-79.92135620117188
1629748909,2489020,79,0,6146,40.45848846435547,-79.8653793334961
1629748930,2745020,P68,0,6267,40.4149055480957,-79.85407257080078
1629748923,1689020,P12,0,6266,40.44316864013672,-79.99423217773438
1629748935,12599020,74,0,6147,40.45915222167969,-79.91996765136719
1629748908,1593020,77,0,6261,40.46215057373047,-79.9268569946289
1629748932,9821020,79,0,6140,40.45468521118164,-79.87189483642578
1629748930,11039020,77,0,6260,40.46738052368164,-79.83425903320312
1629748904,13303020,48,0,6017,40.42143630981445,-80.00475311279297
1629748921,5433020,71D,0,6138,40.44574737548828,-79.95294952392578
1629748909,6243020,P10,0,6259,40.47453308105469,-79.9083023071289
1629748937,7354020,75,0,6274,40.48843002319336,-79.87834167480469
1629748934,1933020,67,0,6152,40.43831253051758,-79.97953033447266
1629748934,5512020,82,0,7002,40.44877243041992,-79.95797729492188
1629748891,8985020,64,0,6033,40.43805694580078,-79.9224853515625
1629748936,10726020,88,0,7001,40.46165084838867,-79.92550659179688
1629748934,3016020,P68,0,6275,40.430992126464844,-79.79473114013672
1629748933,11331020,71B,0,6157,40.44136428833008,-79.95903778076172
1629748936,13946020,Y46,0,6036,40.34345245361328,-79.97017669677734
1629748919,4197020,59,0,6038,40.350677490234375,-79.92428588867188
1629748929,6230020,67,0,6159,40.439510345458984,-79.87458801269531
1629748891,13658020,67,0,6158,40.439762115478516,-79.95946502685547
1629748925,10335020,69,0,6270,40.44317626953125,-79.88607788085938
1629748925,7562020,51,0,6042,40.42879867553711,-79.98417663574219
1629748934,9185020,71C,0,6045,40.43790054321289,-79.99020385742188
1629748934,10392020,59,0,6044,40.35603332519531,-79.8989028930664
1629748938,4373020,82,0,6049,40.46905517578125,-79.89559173583984
1629748929,1347020,71A,0,6048,40.441078186035156,-79.99674224853516
1629748913,11822020,69,0,6160,40.39326095581055,-79.80760955810547
1629748895,7482020,61C,0,6041,40.43016052246094,-79.9234390258789
1629748924,-1462702515,7,1,1701,40.486209869384766,-79.99683380126953
1629748899,14334020,4,0,1708,40.46936798095703,-79.9783706665039
1629748919,5139020,4,0,1703,40.482662200927734,-79.99050903320312
1629748922,14503020,75,0,6059,40.48707580566406,-79.89454650878906
1629748923,9433020,71,0,6051,40.42048263549805,-79.88951873779297
1629748846,6727020,11,0,1711,40.460567474365234,-80.00428009033203
1629748918,13978020,11,0,1710,40.44483184814453,-79.99083709716797
1629748933,10059020,44,0,1716,40.396385192871094,-79.97868347167969
1629748935,11307020,44,0,1713,40.416439056396484,-79.9962387084961
1629748935,5682020,40,0,1723,40.43159866333008,-80.01303100585938
1629748931,418020,43,0,1728,40.425594329833984,-80.00157928466797
1629748926,8008020,40,0,1727,40.446048736572266,-79.98876953125
1629748933,8491020,44,0,1726,40.43867492675781,-80.00175476074219
1629748910,1831020,44,0,1724,40.41518020629883,-79.98806762695312
1629748932,8760020,2,0,5904,40.54521560668945,-80.00984954833984
1629748932,12540020,54,0,5905,40.43564224243164,-79.97296142578125
1629748926,3142020,14,0,5907,40.591461181640625,-80.22747039794922
1629748934,5377020,15,0,5908,40.47080993652344,-80.0096206665039
1629748930,6911020,54,0,5901,40.45391845703125,-79.94754791259766
1629748935,6896020,8,0,5902,40.517547607421875,-80.03695678710938
1629748915,4173020,54,0,5903,40.45180892944336,-79.98147583007812
1629748912,3702020,48,0,5917,40.42844009399414,-79.9748764038086
1629748915,8392020,24,0,5918,40.44313049316406,-80.02539825439453
1629748914,10266020,48,0,5919,40.421077728271484,-80.00541687011719
1629748932,6751020,1,0,5910,40.59941864013672,-79.75900268554688
1629748915,6691020,56,0,5926,40.43510818481445,-79.96797180175781
1629748929,14189020,91,0,5805,40.49517822265625,-79.93955993652344
1629748926,6830020,O12,0,5806,40.55973815917969,-80.03960418701172
1629748906,6966020,15,0,5809,40.44579315185547,-79.98941802978516
1629748919,12488020,61C,0,5921,40.4379768371582,-79.99223327636719
1629748910,4303020,64,0,5922,40.46746063232422,-79.96359252929688
1629748936,8184020,61D,0,5923,40.42026138305664,-79.92842102050781
1629748905,8297020,54,0,5803,40.45004653930664,-79.95088958740234
1629748908,11336020,2,0,5804,40.49378967285156,-79.94837188720703
1629749557,1736020,51,0,5816,40.44123077392578,-80.00275421142578
1629749583,8922020,75,0,5938,40.45162582397461,-79.93991088867188
1629749573,6050020,P7,0,5817,40.43158721923828,-79.88446044921875
1629749575,6358020,61A,0,5819,40.41001892089844,-79.86760711669922
1629749574,8208020,59,0,5931,40.39115905761719,-79.87667846679688
1629749573,8084020,G31,0,5810,40.40780258178711,-80.08968353271484
1629749583,7321020,O12,0,3406,40.47954177856445,-80.0074691772461
1629749560,2829020,17,0,5707,40.44170379638672,-79.99956512451172
1629749570,14406020,31,0,5708,40.44044876098633,-80.03560638427734
1629749582,2782020,O12,0,3401,40.58658981323242,-80.03022003173828
1629749580,10416020,64,0,5940,40.4571647644043,-79.93399810791016
1629749568,12078020,P76,0,5820,40.34627151489258,-79.79283905029297
1629749581,10560020,67,0,5942,40.44247817993164,-79.88398742675781
1629749565,11316020,86,0,5821,40.444969177246094,-79.9990005493164
1629749579,1897020,71C,0,5943,40.442073822021484,-79.99925994873047
1629749577,3741020,16,0,5702,40.500022888183594,-80.06548309326172
1629749570,3765020,P71,0,5944,40.42802429199219,-79.89144134521484
1629749567,-202059788,75,1,5945,40.43843078613281,-79.9630126953125
1629749573,12454020,6,0,5705,40.44493103027344,-79.99066162109375
1629749576,12289020,71D,0,3420,40.44220733642578,-79.9577865600586
1629749579,9099020,74,0,5717,40.432640075683594,-79.91831970214844
1629749580,7490020,71C,0,3416,40.443870544433594,-79.89102172851562
1629749576,-909946434,P16,1,5718,40.44044876098633,-79.8720703125
1629749566,9982020,71C,0,3412,40.44733810424805,-79.88912200927734
1629749572,2281020,82,0,3411,40.44572067260742,-79.96979522705078
1629749571,11275020,21,0,5713,40.50516891479492,-80.10440063476562
1629749566,12640020,P1,0,3419,40.442665100097656,-79.99456024169922
1629749562,2406020,71D,0,3418,40.44451141357422,-79.88436126708984
1629749535,13985020,61D,0,3307,40.411354064941406,-79.90882873535156
1629749566,13018020,P3,0,3306,40.42030715942383,-79.8869400024414
1629749584,942020,P3,0,3305,40.44561004638672,-79.95308685302734
1629749565,12345020,71B,0,3425,40.46253967285156,-79.92424011230469
1629749578,12262020,G2,0,3304,40.44424819946289,-80.02806091308594
1629749525,5248020,G2,0,3303,40.405521392822266,-80.0907974243164
1629749577,10948020,G2,0,3302,40.410491943359375,-80.08785247802734
1629749560,8169020,P1,0,3423,40.446903228759766,-79.88874816894531
1629749584,9938020,71D,0,3421,40.43645095825195,-79.96881866455078
1629749579,1368020,P78,0,5721,40.452510833740234,-79.89797973632812
1629749561,-1262141829,87,1,5722,40.46360778808594,-79.95266723632812
1629749561,610020,P13,0,5605,40.55780792236328,-79.97459411621094
1629749573,3733020,P3,0,3308,40.414703369140625,-79.87874603271484
1629749534,12672020,P1,0,3321,40.45798873901367,-79.91300964355469
1629749543,11949020,P1,0,3320,40.441253662109375,-79.9972152709961
1629749568,10464020,61D,0,3318,40.444580078125,-79.94363403320312
1629749555,3028020,61A,0,3317,40.43958282470703,-79.89897918701172
1629749569,461020,61C,0,3315,40.441261291503906,-79.95916748046875
1629749577,3270020,61B,0,3313,40.41355514526367,-79.88385009765625
1629749566,11839020,61D,0,3311,40.43937683105469,-79.96173858642578
1629749523,6430020,31,0,5611,40.370262145996094,-80.10076141357422
1629749568,3423020,65,0,5614,40.43378829956055,-79.9382095336914
1629749565,363020,P1,0,3332,40.41513442993164,-79.8794937133789
1629749542,774020,71D,0,3210,40.449832916259766,-79.92963409423828
1629749573,8005020,P1,0,3331,40.41506576538086,-79.87848663330078
1629749579,10976020,71B,0,3208,40.44895553588867,-79.93240356445312
1629749550,14080020,P78,0,3329,40.4775390625,-79.84375762939453
1629749567,6073020,61D,0,3207,40.41936111450195,-79.92707824707031
1629749556,14047020,71A,0,3327,40.44451904296875,-79.95466613769531
1629749582,4349020,28X,0,3326,40.4374885559082,-79.97209930419922
1629749562,8339020,61C,0,3205,40.40568542480469,-79.88579559326172
1629749578,7111020,71B,0,3325,40.437721252441406,-79.97291564941406
1629749569,2086020,61D,0,3202,40.4379768371582,-79.92791748046875
1629749547,5478020,61A,0,3201,40.42229080200195,-79.88604736328125
1629749585,8568020,15,0,5627,40.45283508300781,-80.00153350830078
1629749569,13381020,21,0,6610,40.439876556396484,-80.01731872558594
1629749574,988020,71C,0,3340,40.441261291503906,-79.95916748046875
1629749584,14011020,29,0,6609,40.450252532958984,-80.17572784423828
1629749553,10080020,71A,0,3219,40.452152252197266,-79.951171875
1629749575,14346020,13,0,6608,40.48720169067383,-80.0449447631836
1629749532,2074020,P12,0,3339,40.444950103759766,-79.7136459350586
1629749576,-1411583532,P67,1,3218,40.44975280761719,-79.98326873779297
1629749580,1618020,P1,0,3338,40.41500473022461,-79.87850189208984
1629749579,12877020,71C,0,3337,40.45304870605469,-79.94821166992188
1629749567,4467020,71C,0,3336,40.44428253173828,-79.95487213134766
1629749564,13617020,71B,0,3335,40.443153381347656,-79.95647430419922
1629749549,494020,6,0,6603,40.44258117675781,-79.99933624267578
1629749570,1856020,17,0,6602,40.48978042602539,-80.0450210571289
1629749535,4727020,24,0,5636,40.452423095703125,-80.15623474121094
1629749573,14485020,54,0,6605,40.46202087402344,-79.96188354492188
1629749581,4075020,2,0,6604,40.52173614501953,-79.9596939086914
1629749564,12429020,18,0,6606,40.44974136352539,-80.01799774169922
1629749578,6737020,83,0,6620,40.44276428222656,-79.99088287353516
1629749490,6060020,O1,0,3230,40.4437370300293,-79.99107360839844
1629749518,7448020,53L,0,6619,40.406272888183594,-79.91256713867188
1629749565,3381020,71B,0,3225,40.437984466552734,-79.97439575195312
1629749566,13813020,29,0,6613,40.44341278076172,-80.02635192871094
1629749458,1208020,24,0,6615,40.46595001220703,-80.1341552734375
1629749575,10056020,Y47,0,6618,40.43208312988281,-80.00392150878906
1629749583,4843020,51,0,6617,40.38072204589844,-79.9762954711914
1629749583,12052020,51,0,5660,40.343814849853516,-79.97097778320312
1629749568,11021020,51,0,6630,40.43711853027344,-80.00194549560547
1629749581,6733020,2,0,6511,40.524627685546875,-80.00703430175781
1629749567,14394020,14,0,6510,40.58912658691406,-80.22921752929688
1629749560,2954020,61B,0,3244,40.4440803527832,-79.93975830078125
1629749579,10078020,71D,0,3240,40.45548629760742,-79.90137481689453
1629749582,7623020,G2,0,3238,40.44329071044922,-79.99431610107422
1629749580,13260020,51,0,6623,40.428794860839844,-79.98469543457031
1629749580,9986020,52L,0,5654,40.36756134033203,-79.85584259033203
1629749578,8602020,17,0,6501,40.480918884277344,-80.0346450805664
1629749555,9866020,59,0,6622,40.40712356567383,-79.88947296142578
1629749566,979020,93,0,6625,40.43875503540039,-79.9625015258789
1629749571,10577020,14,0,6503,40.446895599365234,-80.0199203491211
1629749549,1426020,Y46,0,6624,40.416099548339844,-80.0118179321289
1629749558,9613020,8,0,6506,40.46358871459961,-80.01278686523438
1629749564,11107020,93,0,6627,40.40483093261719,-79.93556213378906
1629749580,9135020,54,0,6505,40.4538688659668,-79.99856567382812
1629749576,4586020,59,0,6629,40.397369384765625,-79.88114166259766
1629749568,8440020,8,0,6508,40.48725509643555,-80.01627349853516
1629749556,2788020,1,0,6507,40.60111618041992,-79.7564697265625
1629749563,12806020,26,0,6520,40.443443298339844,-80.00474548339844
1629749546,5063020,71D,0,6640,40.44193649291992,-79.99899291992188
1629749570,6646020,P68,0,6642,40.414424896240234,-79.85520935058594
1629749578,1588020,61A,0,3253,40.40345001220703,-79.86837768554688
1629749566,4649020,61A,0,3251,40.44459915161133,-79.94474029541016
1629749574,1023020,51,0,6634,40.38687515258789,-79.9819107055664
1629749581,12584020,20,0,6515,40.481414794921875,-80.10738372802734
1629749582,1363020,69,0,6636,40.45001220703125,-79.89180755615234
1629749555,1850020,P16,0,5667,40.44123077392578,-80.00167846679688
1629749568,10132020,39,0,6514,40.43798065185547,-80.00007629394531
1629749570,5700020,61A,0,6635,40.42396545410156,-79.88618469238281
1629749582,5116020,28X,0,6638,40.43675231933594,-80.06739044189453
1629749576,11574020,41,0,6516,40.34920120239258,-80.1041030883789
1629749026,6250020,67,0,6637,40.44917678833008,-79.90128326416016
1629749579,10535020,38,0,6519,40.408447265625,-80.05006408691406
1629749576,10438020,31,0,6518,40.4418830871582,-80.02195739746094
1629749563,2548020,87,0,6650,40.482872009277344,-79.94808197021484
1629749577,2943020,2,0,6410,40.44388961791992,-79.99848175048828
1629749582,1199020,61D,0,6531,40.4398193359375,-79.99793243408203
1629749567,8349020,74,0,6652,40.468994140625,-79.90532684326172
1629749532,3881020,P78,0,6651,40.44218826293945,-79.99501037597656
1629749575,10273020,14,0,6412,40.510231018066406,-80.09428405761719
1629749580,3359020,51L,0,6533,40.41794967651367,-79.98714447021484
1629749554,4191020,82,0,6654,40.473148345947266,-79.88822174072266
1629749561,4937020,61C,0,6532,40.43894958496094,-79.9947280883789
1629749577,276020,8,0,6411,40.44400405883789,-79.99848175048828
1629749568,5388020,P1,0,3259,40.44330596923828,-79.994140625
1629749547,3253020,P1,0,3258,40.45705032348633,-79.94933319091797
1629749584,12089020,61C,0,3257,40.4444694519043,-79.94778442382812
1629749575,6647020,56,0,6524,40.400447845458984,-79.9384536743164
1629749583,8682020,36,0,6523,40.35770034790039,-80.05577087402344
1629749572,7787020,91,0,6402,40.49542999267578,-79.93919372558594
1629749580,1196020,58,0,6647,40.422279357910156,-79.92988586425781
1629749555,9430020,13,0,6404,40.44981002807617,-80.00115203857422
1629749517,422020,59,0,6525,40.38814926147461,-79.8236083984375
1629749577,11941020,P17,0,6646,40.440452575683594,-79.99962615966797
1629749555,6851020,16,0,6407,40.45598220825195,-80.01531982421875
1629749572,6678020,61D,0,6528,40.4378662109375,-79.9895248413086
1629749559,3124020,87,0,6649,40.471038818359375,-79.92647552490234
1629749579,8230020,91,0,6406,40.47567367553711,-79.95761108398438
1629749578,13207020,13,0,6408,40.45407485961914,-80.01390075683594
1629749571,3255020,52L,0,6540,40.43965530395508,-80.00503540039062
1629749575,1366020,59,0,6541,40.40011978149414,-79.83534240722656
1629749493,7100020,1,0,6302,40.52620315551758,-79.85099029541016
1629749560,4879020,82,0,6544,40.44478225708008,-79.97785186767578
1629749560,8782020,16,0,6301,40.49517059326172,-80.05477142333984
1629749584,3608020,21,0,6422,40.51632308959961,-80.14594268798828
1629749558,12369020,57,0,6535,40.40740966796875,-79.91407012939453
1629749578,9825020,8,0,6414,40.51306915283203,-80.02606964111328
1629749580,12770020,61A,0,6534,40.43769836425781,-79.98578643798828
1629749569,7139020,91,0,6413,40.460731506347656,-79.96992492675781
1629749562,9579020,41,0,6416,40.43802261352539,-80.002197265625
1629749574,14670020,20,0,6415,40.44073486328125,-80.00425720214844
1629749544,11247020,60,0,6538,40.35057830810547,-79.86781311035156
1629749577,13047020,28X,0,6551,40.43556594848633,-80.0676498413086
1629749578,14356020,1,0,6311,40.46514129638672,-79.97966003417969
1629749552,12193020,61A,0,6432,40.4399299621582,-79.9945068359375
1629749562,2020020,1,0,6310,40.54078674316406,-79.80760955810547
1629749577,10029020,Y1,0,6431,40.34186935424805,-79.96621704101562
1629749580,9141020,15,0,6313,40.458404541015625,-80.01609802246094
1629749567,13001020,58,0,6555,40.442543029785156,-79.95741271972656
1629749521,1808020,61B,0,6434,40.444637298583984,-79.94388580322266
1629749573,6562020,26,0,6425,40.450531005859375,-80.0691909790039
1629749574,9439020,71C,0,6546,40.43894958496094,-79.9947280883789
1629749562,9271020,12,0,6306,40.55686569213867,-80.01885223388672
1629749569,4420020,31,0,6427,40.3868522644043,-80.09298706054688
1629749581,-627841275,87,1,6548,40.482852935791016,-79.95122528076172
1629749568,2495020,71D,0,6547,40.43805694580078,-79.97530364990234
1629749574,11102020,91,0,6305,40.49460983276367,-79.93425750732422
1629749543,4658020,G3,0,6426,40.43674850463867,-80.14868927001953
1629749559,3009020,12,0,6308,40.58675003051758,-80.03137969970703
1629749581,8248020,56,0,6429,40.346710205078125,-79.8292007446289
1629749560,10196020,14,0,6307,40.47834014892578,-80.04271697998047
1629749558,5379020,71D,0,6549,40.44074630737305,-79.99542999267578
1629749580,3239020,61D,0,6441,40.43720626831055,-79.97540283203125
1629749560,5104020,91,0,6201,40.4770393371582,-79.95695495605469
1629749584,731020,38,0,6321,40.385719299316406,-80.08414459228516
1629749571,12423020,61B,0,6442,40.43802261352539,-79.92174530029297
1629749565,11382020,12,0,6203,40.501590728759766,-80.01129913330078
1629749579,9063020,27,0,6324,40.45766830444336,-80.0746078491211
1629749552,4105020,16,0,6202,40.46678161621094,-80.02496337890625
1629749580,7918020,39,0,6323,40.38821792602539,-80.00826263427734
1629749523,7997020,17,0,6315,40.5014533996582,-80.02163696289062
1629749567,5737020,71A,0,6557,40.437374114990234,-79.97772979736328
1629749574,12296020,88,0,6556,40.44271469116211,-79.99883270263672
1629749554,4438020,64,0,6438,40.45049285888672,-79.92755126953125
1629749544,12738020,54,0,6316,40.4178352355957,-79.98638153076172
1629749563,1189020,P68,0,6558,40.459747314453125,-79.92160034179688
1629749573,13720020,52L,0,6439,40.426212310791016,-79.93907165527344
1629749577,5395020,G31,0,6331,40.443546295166016,-79.99307250976562
1629749584,3652020,59,0,6333,40.352508544921875,-79.85184478759766
1629749577,7241020,38,0,6332,40.44290542602539,-80.02497100830078
1629749580,8846020,75,0,6453,40.441650390625,-79.95866394042969
1629749559,3070020,71B,0,6456,40.44010543823242,-79.99869537353516
1629749567,2552020,Y46,0,6335,40.287872314453125,-79.89555358886719
1629749525,9011020,61A,0,6334,40.43783950805664,-79.93070220947266
1629749583,2209020,P10,0,6455,40.45957946777344,-79.92225646972656
1629749584,9992020,27,0,6326,40.443702697753906,-80.02726745605469
1629749555,6439020,61A,0,6447,40.4406623840332,-79.95822143554688
1629749582,1156020,91,0,6204,40.494537353515625,-79.92635345458984
1629749584,2852020,Y45,0,6446,40.34260177612305,-80.0054931640625
1629749577,1439020,8,0,6206,40.51753616333008,-80.03687286376953
1629749568,789020,Y47,0,6448,40.33016586303711,-79.92354583740234
1629749559,7540020,61A,0,6340,40.43943405151367,-79.99442291259766
1629749577,8992020,86,0,6461,40.45903015136719,-79.94412994384766
1629749584,483020,20,0,6221,40.505130767822266,-80.140380859375
1629749562,9743020,61B,0,6342,40.44196701049805,-79.99906158447266
1629749567,7026020,56,0,6341,40.3834228515625,-79.93074798583984
1629749584,596020,87,0,6462,40.441673278808594,-80.00251007080078
1629749491,6972020,16,0,6102,40.4419059753418,-80.00211334228516
1629749578,13289020,27,0,6223,40.44131851196289,-80.06884002685547
1629749575,1530020,61B,0,6346,40.437320709228516,-79.97786712646484
1629749561,12445020,G2,0,6225,40.427040100097656,-80.07183074951172
1629749580,3473020,13,0,6103,40.5136604309082,-80.04549407958984
1629749559,2785020,22,0,6224,40.468265533447266,-80.09819793701172
1629749578,7089020,12,0,6216,40.55141067504883,-80.01534271240234
1629749551,9157020,Y47,0,6337,40.33937072753906,-79.96804809570312
1629749557,2783020,89,0,6457,40.465003967285156,-79.91991424560547
1629749581,8302020,G3,0,6218,40.41835403442383,-80.08847045898438
1629749576,11915020,41,0,6217,40.385047912597656,-80.05294036865234
1629749568,13736020,83,0,6338,40.441162109375,-79.96792602539062
1629749582,4410020,P10,0,6459,40.441341400146484,-80.00498962402344
1629749582,9838020,29,0,6219,40.43900680541992,-80.06241607666016
1629749579,4856020,36,0,6230,40.355770111083984,-80.05134582519531
1629749571,2045020,P3,0,6351,40.44642639160156,-79.88848876953125
1629749573,13457020,51,0,6353,40.416038513183594,-79.98710632324219
1629749578,11356020,61C,0,6111,40.442256927490234,-79.93721771240234
1629749582,11345020,22,0,6110,40.47263717651367,-80.0562744140625
1629749582,559020,41,0,6231,40.3755989074707,-80.06895446777344
1629749565,11814020,59,0,6113,40.34513854980469,-79.9490737915039
1629749569,5613020,61C,0,6355,40.423091888427734,-79.92862701416016
1629749560,6124020,61B,0,6112,40.40414047241211,-79.86998748779297
1629749544,11245020,P3,0,6233,40.44672393798828,-79.95114135742188
1629749573,8718020,81,0,6236,40.44169998168945,-79.99014282226562
1629749562,1061020,93,0,6357,40.449790954589844,-79.95072937011719
1629749531,10920020,P76,0,6114,40.438453674316406,-79.87458801269531
1629749582,11428020,57,0,6348,40.409461975097656,-79.94393920898438
1629749556,227020,54,0,6105,40.42133331298828,-80.0060806274414
1629749559,2489020,79,0,6468,40.44985580444336,-79.89168548583984
1629749571,1188020,24,0,6229,40.464290618896484,-80.05329895019531
1629749562,12804020,48,0,6107,40.417171478271484,-79.96678161621094
1629749561,11778020,59,0,6240,40.405181884765625,-79.88143920898438
1629749564,1326020,71C,0,6361,40.44429397583008,-79.95486450195312
1629749564,1714020,61B,0,6122,40.43784713745117,-79.98899841308594
1629749556,1989020,Y49,0,6243,40.382118225097656,-79.99513244628906
1629749557,3360020,Y49,0,6121,40.39112854003906,-79.99822235107422
1629749579,8025020,Y49,0,6242,40.33198928833008,-79.93250274658203
1629749575,7865020,12,0,6003,40.475460052490234,-80.00605773925781
1629749553,12783020,86,0,6366,40.46119689941406,-79.92418670654297
1629749569,9573020,13,0,6002,40.517539978027344,-80.0368881225586
1629749574,6042020,53L,0,6244,40.439483642578125,-80.00167083740234
1629749567,8093020,53L,0,6126,40.372093200683594,-79.912353515625
1629749581,13391020,88,0,6368,40.46477127075195,-79.9345703125
1629749577,187020,P3,0,6247,40.43764114379883,-79.96527862548828
1629749559,10724020,93,0,6125,40.42259979248047,-79.9288101196289
1629749583,7293020,93,0,6246,40.480445861816406,-79.9544448852539
1629749584,389020,P68,0,6360,40.42784881591797,-79.79794311523438
1629749566,631020,61D,0,6117,40.44389343261719,-79.93879699707031
1629749579,5491020,67,0,6359,40.43827438354492,-80.00146484375
1629749538,8221020,64,0,6237,40.4110221862793,-79.90662384033203
1629749580,11332020,83,0,6358,40.45287322998047,-79.9590835571289
1629749561,5854020,61C,0,6118,40.444644927978516,-79.94339752197266
1629749573,4950020,83,0,6252,40.45265197753906,-79.96379852294922
1629749584,11393020,51,0,6130,40.350341796875,-79.9765853881836
1629749572,13093020,81,0,6251,40.440425872802734,-79.96485900878906
1629749559,5028020,59,0,6133,40.415283203125,-79.84703826904297
1629749580,3221020,53L,0,6253,40.407718658447266,-79.9091567993164
1629749575,3845020,19L,0,6014,40.44248962402344,-80.00416564941406
1629749576,4509020,55,0,6135,40.321495056152344,-79.94169616699219
1629749558,4665020,55,0,6134,40.38835144042969,-79.82395935058594
1629749552,14616020,91,0,6013,40.487857818603516,-79.88848876953125
1629749578,3437020,86,0,6258,40.458370208740234,-79.90254211425781
1629749572,10913020,P78,0,6137,40.524940490722656,-79.84132385253906
1629749524,3695020,39,0,6015,40.4318962097168,-80.00331115722656
1629749580,8481020,83,0,6250,40.430198669433594,-79.97610473632812
1629749556,13756020,16,0,6007,40.48551559448242,-80.0422592163086
1629749558,1509020,51,0,6127,40.417327880859375,-79.98656463623047
1629749574,13274020,56,0,6248,40.3525505065918,-79.84207916259766
1629749562,343020,82,0,6369,40.47318649291992,-79.8879165649414
1629749574,9587020,6,0,6009,40.476158142089844,-80.00045776367188
1629749554,7341020,51L,0,6129,40.43928527832031,-80.0013427734375
1629749576,11207020,54,0,6008,40.42007827758789,-79.9867935180664
1629749574,10180020,67,0,6142,40.43001937866211,-79.80834197998047
1629749558,9036020,77,0,6263,40.48185348510742,-79.80455017089844
1629749580,593020,G3,0,6021,40.44390106201172,-79.99439239501953
1629749566,13075020,75,0,6262,40.427894592285156,-79.9701156616211
1629749582,13277020,77,0,6265,40.45547866821289,-79.96653747558594
1629749580,6180020,P17,0,6144,40.460426330566406,-79.913330078125
1629749584,9448020,P69,0,6264,40.440460205078125,-79.99964141845703
1629749580,2745020,P68,0,6267,40.43878173828125,-79.87496185302734
1629749566,1689020,P12,0,6266,40.452980041503906,-79.89920806884766
1629749579,12599020,74,0,6147,40.470176696777344,-79.89713287353516
1629749582,1593020,77,0,6261,40.45877456665039,-79.91638946533203
1629749514,9821020,79,0,6140,40.4445686340332,-79.88557434082031
1629749580,11039020,77,0,6260,40.45545959472656,-79.88338470458984
1629749584,13303020,48,0,6017,40.41959762573242,-79.96439361572266
1629749567,5433020,71D,0,6138,40.452796936035156,-79.92137145996094
1629749555,6243020,P10,0,6259,40.479183197021484,-79.90790557861328
1629749576,4494020,53L,0,6032,40.36091995239258,-79.93290710449219
1629749575,7354020,75,0,6274,40.48897171020508,-79.9015884399414
1629749582,3401020,67,0,6152,40.439937591552734,-80.00480651855469
1629749584,5512020,82,0,7002,40.45671844482422,-79.93585205078125
1629749572,8985020,64,0,6033,40.4107780456543,-79.91851806640625
1629749562,10726020,88,0,7001,40.45722961425781,-79.91458129882812
1629749554,3016020,P68,0,6275,40.43381118774414,-79.76361846923828
1629749576,11331020,71B,0,6157,40.439571380615234,-79.99433898925781
1629749521,13946020,Y46,0,6036,40.33519744873047,-79.94703674316406
1629749570,4197020,59,0,6038,40.352542877197266,-79.8501968383789
1629749529,6230020,67,0,6159,40.43514633178711,-79.82406616210938
1629749575,13658020,67,0,6158,40.444461822509766,-79.91705322265625
1629749561,10335020,69,0,6270,40.42014694213867,-79.85071563720703
1629749580,11008020,75,0,6271,40.49013900756836,-79.87075805664062
1629749573,7562020,51,0,6042,40.40504455566406,-79.99068450927734
1629749583,9185020,71C,0,6045,40.44220733642578,-79.9577865600586
1629749579,10392020,59,0,6044,40.34187698364258,-79.94387817382812
1629749563,4373020,82,0,6049,40.45990753173828,-79.92082214355469
1629749584,7696020,71A,0,6048,40.43924331665039,-79.99641418457031
1629749570,11822020,69,0,6160,40.3917121887207,-79.76618194580078
1629749583,7482020,61C,0,6041,40.40872573852539,-79.9074478149414
1629749496,-1462702515,7,1,1701,40.45536422729492,-79.9946517944336
1629749583,14334020,4,0,1708,40.44832229614258,-80.00053405761719
1629749579,8631020,11,0,1707,40.44615936279297,-79.98866271972656
1629749578,4626020,77,0,6056,40.467254638671875,-79.75689697265625
1629749583,14503020,75,0,6059,40.474693298339844,-79.93126678466797
1629749577,5288020,71,0,6051,40.42121505737305,-79.88997650146484
1629749564,6727020,11,0,1711,40.463294982910156,-80.01371002197266
1629749573,1051020,44,0,1716,40.38582229614258,-79.96739959716797
1629749578,11307020,44,0,1713,40.41240310668945,-79.97704315185547
1629749578,5171020,40,0,1723,40.43887710571289,-80.02055358886719
1629749584,418020,43,0,1728,40.434913635253906,-80.00210571289062
1629749578,519020,44,0,1727,40.44055938720703,-79.99838256835938
1629749578,8491020,44,0,1726,40.44606399536133,-79.98895263671875
1629749569,1831020,44,0,1724,40.431854248046875,-80.00432586669922
1629749563,8760020,2,0,5904,40.525150299072266,-80.00897979736328
1629749545,12540020,54,0,5905,40.44386291503906,-79.95552062988281
1629749578,1300020,14,0,5907,40.57844161987305,-80.2203598022461
1629749572,7822020,6,0,5908,40.47385025024414,-80.00296020507812
1629749577,6911020,54,0,5901,40.4437141418457,-79.95580291748047
1629749583,5628020,8,0,5902,40.51757049560547,-80.03775787353516
1629749569,4173020,54,0,5903,40.454620361328125,-80.00846862792969
1629749585,3702020,48,0,5917,40.438018798828125,-80.002197265625
1629749558,8392020,24,0,5918,40.471961975097656,-80.07276153564453
1629749559,10266020,48,0,5919,40.42109680175781,-80.00543212890625
1629749555,6751020,1,0,5910,40.600399017333984,-79.7572021484375
1629749573,9832020,56,0,5926,40.440425872802734,-80.00447845458984
1629749581,14189020,91,0,5805,40.46579360961914,-79.96501922607422
1629749550,6830020,O12,0,5806,40.54216003417969,-80.01329040527344
1629749583,6249020,15,0,5809,40.445804595947266,-79.9894027709961
1629749576,12488020,61C,0,5921,40.43730163574219,-79.96286010742188
1629749558,7068020,64,0,5922,40.46757125854492,-79.96373748779297
1629749583,8184020,61D,0,5923,40.41106033325195,-79.91361999511719
1629749570,8297020,54,0,5803,40.46234893798828,-79.95034790039062
1629749580,11336020,2,0,5804,40.53681564331055,-79.971435546875
1629750304,4356020,51,0,5816,40.42868423461914,-79.98888397216797
1629750312,8922020,75,0,5938,40.46540832519531,-79.92071533203125
1629750287,6050020,P7,0,5817,40.389434814453125,-79.86819458007812
1629750311,13000020,61B,0,5819,40.41233825683594,-79.85636138916016
1629750316,8208020,59,0,5931,40.3802604675293,-79.86183166503906
1629750307,8084020,G31,0,5810,40.37393569946289,-80.09910583496094
1629750310,7321020,O12,0,3406,40.55034255981445,-80.01908111572266
1629750302,2829020,17,0,5707,40.45599365234375,-80.00257873535156
1629750304,14406020,31,0,5708,40.44382858276367,-79.99455261230469
1629750296,6339020,O12,0,3401,40.58523941040039,-80.03626251220703
1629750290,10416020,64,0,5940,40.43946075439453,-79.91952514648438
1629750282,12078020,P76,0,5820,40.32243728637695,-79.83475494384766
1629750293,10533020,86,0,5821,40.451114654541016,-79.98249053955078
1629750288,2825020,71C,0,5943,40.43775939941406,-79.98693084716797
1629750315,6475020,91,0,5701,40.45112228393555,-79.98247528076172
1629750275,7534020,16,0,5702,40.498779296875,-80.0623550415039
1629750316,3765020,P71,0,5944,40.420249938964844,-79.88465881347656
1629750304,-600584580,75,1,5945,40.42617416381836,-79.9655532836914
1629750292,12454020,6,0,5705,40.44493103027344,-79.99066162109375
1629750313,12289020,71D,0,3420,40.44974136352539,-79.92977142333984
1629750310,1573020,71C,0,3417,40.44999694824219,-79.89176177978516
1629750287,9099020,74,0,5717,40.44635009765625,-79.90313720703125
1629750303,6107020,71D,0,3416,40.45683670043945,-79.9118881225586
1629750281,-909946434,P16,1,5718,40.46479034423828,-79.82917022705078
1629750313,3262020,71C,0,3412,40.445777893066406,-79.89137268066406
1629750315,2281020,82,0,3411,40.44003677368164,-79.9984359741211
1629750293,11275020,21,0,5713,40.46586608886719,-80.06088256835938
1629750289,12640020,P1,0,3419,40.45306396484375,-79.89942169189453
1629750306,2406020,71D,0,3418,40.453617095947266,-79.91526794433594
1629750302,13985020,61D,0,3307,40.41364669799805,-79.92253112792969
1629750297,13018020,P3,0,3306,40.453487396240234,-79.94994354248047
1629750309,942020,P3,0,3305,40.45584487915039,-79.90641784667969
1629750316,12345020,71B,0,3425,40.44706344604492,-79.94725036621094
1629750301,5248020,G2,0,3303,40.44771194458008,-80.06416320800781
1629750316,8169020,P1,0,3423,40.415122985839844,-79.8795166015625
1629750301,9938020,71D,0,3421,40.438934326171875,-79.99418640136719
1629750316,1368020,P78,0,5721,40.45766067504883,-79.85003662109375
1629750304,-1262141829,87,1,5722,40.44552993774414,-79.99132537841797
1629750288,8333020,P3,0,3308,40.415287017822266,-79.8790512084961
1629750295,2992020,P1,0,3321,40.44345474243164,-79.995849609375
1629750308,11949020,P1,0,3320,40.454017639160156,-79.9365463256836
1629750301,10464020,61D,0,3318,40.428611755371094,-79.92440032958984
1629750309,3028020,61A,0,3317,40.444637298583984,-79.94389343261719
1629750284,461020,61C,0,3315,40.438785552978516,-79.99365997314453
1629750293,3270020,61B,0,3313,40.43954849243164,-79.89954376220703
1629750306,11839020,61D,0,3311,40.43893051147461,-79.9940185546875
1629750291,6430020,31,0,5611,40.40108108520508,-80.08293151855469
1629750309,3423020,65,0,5614,40.43756103515625,-79.98654174804688
1629750309,363020,P1,0,3332,40.456642150878906,-79.93272399902344
1629750290,774020,71D,0,3210,40.441654205322266,-79.95865631103516
1629750301,1010020,P1,0,3331,40.414756774902344,-79.87882995605469
1629750295,13700020,71A,0,3330,40.46380615234375,-79.93048858642578
1629750290,10976020,71B,0,3208,40.43954086303711,-79.96151733398438
1629750310,14080020,P78,0,3329,40.444698333740234,-79.87496185302734
1629750291,6073020,61D,0,3207,40.43805694580078,-79.92335510253906
1629750301,12477020,P1,0,3328,40.454280853271484,-79.94255065917969
1629750292,14047020,71A,0,3327,40.438446044921875,-79.98253631591797
1629750302,4349020,28X,0,3326,40.441768646240234,-79.99519348144531
1629750290,8339020,61C,0,3205,40.41630935668945,-79.92562103271484
1629750251,7111020,71B,0,3325,40.44680404663086,-79.9496078491211
1629750306,2086020,61D,0,3202,40.42202377319336,-79.92891693115234
1629750313,5478020,61A,0,3201,40.44124984741211,-79.89229583740234
1629750311,13381020,21,0,6610,40.46229934692383,-80.05148315429688
1629750310,988020,71C,0,3340,40.43886947631836,-79.99237060546875
1629750315,14011020,29,0,6609,40.4417610168457,-80.19879150390625
1629750293,10080020,71A,0,3219,40.4368782043457,-79.97010803222656
1629750298,14346020,13,0,6608,40.457401275634766,-80.01577758789062
1629750312,13088020,P12,0,3339,40.4502067565918,-79.7137222290039
1629750306,-1411583532,P67,1,3218,40.44279861450195,-79.8868408203125
1629750302,1618020,P1,0,3338,40.45286178588867,-79.89898681640625
1629750295,12877020,71C,0,3337,40.441261291503906,-79.95916748046875
1629750310,13617020,71B,0,3335,40.44970703125,-79.93004608154297
1629750293,10479020,P67,0,3334,40.44355010986328,-79.99311065673828
1629750314,11993020,29,0,5634,40.44275665283203,-79.99861907958984
1629750283,494020,6,0,6603,40.454776763916016,-79.99454498291016
1629750281,1856020,17,0,6602,40.4591064453125,-80.03081512451172
1629750282,14485020,54,0,6605,40.450111389160156,-79.950927734375
1629750299,4075020,2,0,6604,40.48630905151367,-79.97265625
1629750295,12429020,18,0,6606,40.447505950927734,-80.01973724365234
1629750307,6737020,83,0,6620,40.45241928100586,-79.96835327148438
1629750312,7448020,53L,0,6619,40.390777587890625,-79.90066528320312
1629750302,3381020,71B,0,3225,40.446990966796875,-79.94849395751953
1629750295,11581020,21,0,6614,40.54084777832031,-80.17953491210938
1629750316,13813020,29,0,6613,40.43950271606445,-80.07599639892578
1629750306,1208020,24,0,6615,40.474822998046875,-80.08023071289062
1629750290,10056020,Y47,0,6618,40.382850646972656,-79.99678039550781
1629750293,4843020,51,0,6617,40.380775451660156,-79.97630310058594
1629750310,12052020,51,0,5660,40.380836486816406,-79.97593688964844
1629750313,7620020,51,0,6630,40.43213653564453,-80.00389099121094
1629750308,6733020,2,0,6511,40.545894622802734,-80.0055160522461
1629750302,14394020,14,0,6510,40.591575622558594,-80.22760009765625
1629750311,2954020,61B,0,3244,40.43691635131836,-79.96591186523438
1629750305,13191020,71C,0,3240,40.449954986572266,-79.89179229736328
1629750309,7623020,G2,0,3238,40.43865966796875,-80.01180267333984
1629750296,13260020,51,0,6623,40.4122314453125,-79.98953247070312
1629750305,9986020,52L,0,5654,40.371612548828125,-79.84480285644531
1629750306,7992020,91,0,6502,40.49982833862305,-79.8626937866211
1629750315,8602020,17,0,6501,40.49978256225586,-80.02848815917969
1629750315,9866020,59,0,6622,40.40359878540039,-79.91961669921875
1629750293,979020,93,0,6625,40.45170974731445,-79.95183563232422
1629750294,14061020,14,0,6503,40.44767379760742,-80.0189208984375
1629750307,1426020,Y46,0,6624,40.35222625732422,-79.97764587402344
1629750306,9613020,8,0,6506,40.49147415161133,-80.02035522460938
1629750287,11107020,93,0,6627,40.4318733215332,-79.92321014404297
1629750314,9135020,54,0,6505,40.464622497558594,-79.96578979492188
1629750314,4586020,59,0,6629,40.409568786621094,-79.91226196289062
1629750312,8440020,8,0,6508,40.4533805847168,-80.001708984375
1629750271,14716020,1,0,6507,40.58247756958008,-79.77843475341797
1629750301,8862020,87,0,5670,40.4895133972168,-79.92794799804688
1629750303,1631020,26,0,6520,40.442378997802734,-80.02359771728516
1629750310,1161020,71D,0,6640,40.43779373168945,-79.98776245117188
1629750293,12524020,67,0,6643,40.44556427001953,-79.746337890625
1629750300,6646020,P68,0,6642,40.4000244140625,-79.83489990234375
1629750298,1588020,61A,0,3253,40.41753005981445,-79.88163757324219
1629750313,1104020,61C,0,3252,40.40887451171875,-79.9062271118164
1629750311,4649020,61A,0,3251,40.436710357666016,-79.96961975097656
1629750290,1023020,51,0,6634,40.41680145263672,-79.9867935180664
1629750316,12584020,20,0,6515,40.48789978027344,-80.11869049072266
1629750300,1363020,69,0,6636,40.439334869384766,-79.87885284423828
1629750287,1850020,P16,0,5667,40.45924758911133,-79.96674346923828
1629750302,10132020,39,0,6514,40.408546447753906,-80.01493835449219
1629750305,5700020,61A,0,6635,40.4044303894043,-79.86204528808594
1629750314,5116020,28X,0,6638,40.44167709350586,-80.00265502929688
1629750308,1242020,41,0,6516,40.36186599731445,-80.0938949584961
1629750297,6250020,67,0,6637,40.44181823730469,-79.95845031738281
1629750293,10535020,38,0,6519,40.44303894042969,-80.0296859741211
1629750312,10438020,31,0,6518,40.42815017700195,-80.05367279052734
1629750304,6796020,87,0,6650,40.48426818847656,-79.94792175292969
1629750294,2943020,2,0,6410,40.453887939453125,-79.99810028076172
1629750316,1199020,61D,0,6531,40.43721008300781,-79.9754638671875
1629750276,8349020,74,0,6652,40.46013259887695,-79.92790222167969
1629750314,11357020,61C,0,6530,40.38258361816406,-79.85701751708984
1629750313,10887020,P78,0,6651,40.4438362121582,-79.99452209472656
1629750305,10273020,14,0,6412,40.541481018066406,-80.18194580078125
1629750291,3359020,51L,0,6533,40.38805389404297,-79.9847183227539
1629750290,4191020,82,0,6654,40.457584381103516,-79.91731262207031
1629750292,4937020,61C,0,6532,40.44054412841797,-79.95838928222656
1629750315,5394020,8,0,6411,40.456024169921875,-80.00392150878906
1629750311,5388020,P1,0,3259,40.45581817626953,-79.90630340576172
1629750300,14455020,P1,0,3258,40.440738677978516,-79.99584197998047
1629750295,12089020,61C,0,3257,40.43136978149414,-79.92327880859375
1629750316,6647020,56,0,6524,40.35548400878906,-79.9125747680664
1629750289,8682020,36,0,6523,40.34681701660156,-80.0547103881836
1629750297,7787020,91,0,6402,40.463531494140625,-79.96662139892578
1629750296,7026020,56,0,6526,40.42560577392578,-79.9535140991211
1629749747,1196020,58,0,6647,40.41962432861328,-79.93434143066406
1629750296,1998020,13,0,6404,40.449058532714844,-80.00077056884766
1629750299,3586020,55,0,6525,40.35537338256836,-79.8398666381836
1629750295,11941020,P17,0,6646,40.45753479003906,-79.9526138305664
1629750293,6851020,16,0,6407,40.48625183105469,-80.04349517822266
1629750315,6678020,61D,0,6528,40.44462585449219,-79.94405364990234
1629750314,3124020,87,0,6649,40.48331832885742,-79.95040130615234
1629750270,8230020,91,0,6406,40.487308502197266,-79.9403076171875
1629750312,13207020,13,0,6408,40.48766326904297,-80.04541778564453
1629750298,3255020,52L,0,6540,40.43223571777344,-79.96119689941406
1629750266,8332020,P71,0,6542,40.45685577392578,-79.93217468261719
1629750305,7100020,1,0,6302,40.48705291748047,-79.8944320678711
1629750301,4879020,82,0,6544,40.453067779541016,-79.94817352294922
1629750310,8782020,16,0,6301,40.464210510253906,-80.02330017089844
1629750309,3608020,21,0,6422,40.5151481628418,-80.22236633300781
1629750258,6978020,P16,0,6543,40.44355773925781,-79.99298858642578
1629750251,12369020,57,0,6535,40.406227111816406,-79.94239044189453
1629750315,9825020,8,0,6414,40.51713943481445,-80.0359878540039
1629750306,12770020,61A,0,6534,40.44305419921875,-79.9538345336914
1629750305,7139020,91,0,6413,40.48357391357422,-79.94994354248047
1629750278,7857020,41,0,6416,40.4320068359375,-80.00395965576172
1629750302,10716020,20,0,6415,40.44295883178711,-80.02507781982422
1629750283,11737020,60,0,6538,40.3476676940918,-79.86424255371094
1629750309,13047020,28X,0,6551,40.453277587890625,-80.16816711425781
1629750293,14356020,1,0,6311,40.442806243896484,-79.99850463867188
1629750298,12193020,61A,0,6432,40.44029998779297,-79.95870971679688
1629750314,3731020,75,0,6553,40.45161056518555,-79.94000244140625
1629750314,2020020,1,0,6310,40.56354904174805,-79.76797485351562
1629750306,10029020,Y1,0,6431,40.31601333618164,-79.93994903564453
1629750308,9141020,15,0,6313,40.481876373291016,-80.00271606445312
1629750306,13001020,58,0,6555,40.42524337768555,-79.93978881835938
1629750316,1808020,61B,0,6434,40.43953323364258,-79.8993911743164
1629750291,9439020,71C,0,6546,40.44013214111328,-79.96060180664062
1629750306,13676020,89,0,6545,40.46160125732422,-79.9271011352539
1629750310,9271020,12,0,6306,40.54600524902344,-80.00541687011719
1629750308,4420020,31,0,6427,40.35689926147461,-80.11307525634766
1629750308,-627841275,87,1,6548,40.473289489746094,-79.93089294433594
1629750303,2495020,71D,0,6547,40.44680404663086,-79.95006561279297
1629750313,11102020,91,0,6305,40.48743438720703,-79.88343811035156
1629750286,4658020,G3,0,6426,40.42097473144531,-80.0805892944336
1629750290,3009020,12,0,6308,40.574153900146484,-80.01468658447266
1629750266,12300020,56,0,6429,40.35266876220703,-79.84394073486328
1629750299,5379020,71D,0,6549,40.440826416015625,-79.95963287353516
1629750290,3239020,61D,0,6441,40.44459915161133,-79.9427490234375
1629750290,7361020,55,0,6443,40.34660339355469,-79.9262924194336
1629750300,5104020,91,0,6201,40.44455337524414,-79.99526977539062
1629750309,12423020,61B,0,6442,40.430580139160156,-79.89250946044922
1629750232,11382020,12,0,6203,40.54564666748047,-80.0057601928711
1629750310,9063020,27,0,6324,40.44291305541992,-80.02983856201172
1629750287,4105020,16,0,6202,40.44863510131836,-80.00067901611328
1629750315,6286020,39,0,6323,40.39616394042969,-80.02354431152344
1629750261,5737020,71A,0,6557,40.44395446777344,-79.95540618896484
1629750307,12296020,88,0,6556,40.46268081665039,-79.96717071533203
1629750305,4681020,O5,0,6314,40.443328857421875,-80.00031280517578
1629750314,4438020,64,0,6438,40.4634895324707,-79.94891357421875
1629750308,12738020,54,0,6316,40.409149169921875,-79.9936752319336
1629750310,1189020,P68,0,6558,40.43600082397461,-79.87261962890625
1629750312,13720020,52L,0,6439,40.40656280517578,-79.91143035888672
1629750286,5395020,G31,0,6331,40.44149398803711,-80.02096557617188
1629750276,3652020,59,0,6333,40.35126495361328,-79.87535858154297
1629750308,7241020,38,0,6332,40.42295837402344,-80.04496002197266
1629750278,8846020,75,0,6453,40.4249267578125,-79.96150207519531
1629750224,3070020,71B,0,6456,40.437931060791016,-79.97766876220703
1629750310,2552020,Y46,0,6335,40.3210563659668,-79.94216918945312
1629750307,9011020,61A,0,6334,40.4398307800293,-79.89469146728516
1629750298,2209020,P10,0,6455,40.48223114013672,-79.91970825195312
1629750314,9992020,27,0,6326,40.459320068359375,-80.07769775390625
1629750296,6439020,61A,0,6447,40.43803024291992,-79.92264556884766
1629750314,-551222955,91,1,6205,40.488677978515625,-79.90052032470703
1629750303,2852020,Y45,0,6446,40.320556640625,-79.99431610107422
1629750287,1439020,8,0,6206,40.517581939697266,-80.03703308105469
1629750309,789020,Y47,0,6448,40.33016586303711,-79.92354583740234
1629750296,1438020,61A,0,6340,40.440513610839844,-79.9959716796875
1629750314,8992020,86,0,6461,40.46158981323242,-79.92532348632812
1629750307,483020,20,0,6221,40.467350006103516,-80.0872573852539
1629750305,2260020,61B,0,6342,40.43778991699219,-79.98760986328125
1629750312,596020,87,0,6462,40.459877014160156,-79.96974182128906
1629750297,6972020,16,0,6102,40.45589828491211,-80.0043716430664
1629750303,9902020,27,0,6223,40.44131851196289,-80.0687484741211
1629750264,4897020,P76,0,6343,40.44352340698242,-79.9957504272461
1629750302,1530020,61B,0,6346,40.44459915161133,-79.9427490234375
1629750315,12445020,G2,0,6225,40.441673278808594,-80.00267028808594
1629750295,2785020,22,0,6224,40.468265533447266,-80.09819793701172
1629750297,7089020,12,0,6216,40.572959899902344,-80.0120620727539
1629750310,9157020,Y47,0,6337,40.36088943481445,-79.9908218383789
1629750270,3880020,P7,0,6336,40.44377899169922,-79.99471282958984
1629750288,8917020,51,0,6339,40.34432601928711,-79.9414291381836
1629750296,8302020,G3,0,6218,40.50364685058594,-80.22370147705078
1629750316,11915020,41,0,6217,40.36870574951172,-80.08470916748047
1629750316,13736020,83,0,6338,40.45270538330078,-79.9677734375
1629750263,4410020,P10,0,6459,40.443851470947266,-79.9941635131836
1629750304,9838020,29,0,6219,40.44099426269531,-80.00619506835938
1629750304,4856020,36,0,6230,40.3878288269043,-80.05204772949219
1629750309,2045020,P3,0,6351,40.415138244628906,-79.8795394897461
1629750302,13457020,51,0,6353,40.428558349609375,-79.99398803710938
1629750306,11356020,61C,0,6111,40.43645095825195,-79.96881866455078
1629750298,11345020,22,0,6110,40.43960189819336,-80.0050277709961
1629750302,559020,41,0,6231,40.38941955566406,-80.041748046875
1629750315,11814020,59,0,6113,40.356040954589844,-79.89936828613281
1629750300,5613020,61C,0,6355,40.44383239746094,-79.9386215209961
1629750309,11245020,P3,0,6233,40.43770980834961,-79.96472930908203
1629750265,8718020,81,0,6236,40.44017028808594,-79.97563934326172
1629750314,5899020,83,0,6115,40.430419921875,-79.9771957397461
1629750307,1061020,93,0,6357,40.4356575012207,-79.9576416015625
1629750279,10920020,P76,0,6114,40.38718032836914,-79.82807922363281
1629750305,11428020,57,0,6348,40.40861129760742,-79.9156494140625
1629750314,227020,54,0,6105,40.42133331298828,-80.0060806274414
1629750301,13928020,79,0,6468,40.44267654418945,-79.88457489013672
1629750284,2408020,24,0,6229,40.4429817199707,-80.00440979003906
1629750242,1880020,51,0,6241,40.3868408203125,-79.9808120727539
1629750310,11778020,59,0,6240,40.41549301147461,-79.87771606445312
1629750305,1326020,71C,0,6361,40.45256042480469,-79.9498519897461
1629750313,1714020,61B,0,6122,40.44456100463867,-79.94536590576172
1629750306,1989020,Y49,0,6243,40.430973052978516,-80.00210571289062
1629750315,3140020,Y49,0,6242,40.33015441894531,-79.92350006103516
1629750303,3360020,Y49,0,6121,40.36492919921875,-79.98468780517578
1629750298,2716020,12,0,6003,40.44284439086914,-79.99822998046875
1629750261,8134020,61A,0,6124,40.40233612060547,-79.86834716796875
1629750311,12783020,86,0,6366,40.46182632446289,-79.94935607910156
1629750311,9573020,13,0,6002,40.517539978027344,-80.0368881225586
1629750303,6042020,53L,0,6244,40.42616271972656,-79.95401000976562
1629750301,8093020,53L,0,6126,40.34440994262695,-79.94044494628906
1629750299,13391020,88,0,6368,40.46638870239258,-79.96463775634766
1629750309,187020,P3,0,6247,40.45282745361328,-79.94969940185547
1629750311,10803020,69,0,6367,40.415382385253906,-79.84712982177734
1629750310,993020,93,0,6246,40.48340606689453,-79.94750213623047
1629750314,10724020,93,0,6125,40.405941009521484,-79.93329620361328
1629750249,9523020,P68,0,6360,40.4298210144043,-79.79987335205078
1629750290,631020,61D,0,6117,40.43966293334961,-79.96134948730469
1629750307,5491020,67,0,6359,40.44303512573242,-79.95406341552734
1629750294,8221020,64,0,6237,40.4110221862793,-79.90662384033203
1629750305,5854020,61C,0,6118,40.427364349365234,-79.92637634277344
1629750310,4950020,83,0,6252,40.440284729003906,-79.99335479736328
1629750298,11393020,51,0,6130,40.34360122680664,-79.94062042236328
1629750312,13093020,81,0,6251,40.442203521728516,-79.98324584960938
1629750307,5028020,59,0,6133,40.40433883666992,-79.86862182617188
1629750271,3221020,53L,0,6253,40.41063690185547,-79.9183349609375
1629750296,3845020,19L,0,6014,40.492332458496094,-80.04902648925781
1629750308,4509020,55,0,6135,40.3447380065918,-79.93904113769531
1629750304,4665020,55,0,6134,40.38835144042969,-79.82395935058594
1629750310,14616020,91,0,6013,40.49543762207031,-79.93790435791016
1629750304,3437020,86,0,6258,40.44417953491211,-79.88581085205078
1629750312,10913020,P78,0,6137,40.53987503051758,-79.8309097290039
1629750300,3695020,39,0,6015,40.44306564331055,-79.99752044677734
1629750281,117020,81,0,6250,40.428714752197266,-79.97766876220703
1629750292,13756020,16,0,6007,40.50385665893555,-80.07470703125
1629750311,1509020,51,0,6127,40.38778305053711,-79.98435974121094
1629750302,13274020,56,0,6248,40.34675598144531,-79.82960510253906
1629750313,980020,15,0,6009,40.47074890136719,-80.00994110107422
1629750293,7869020,51L,0,6129,40.429107666015625,-79.99855041503906
1629750282,11207020,54,0,6008,40.43912887573242,-79.96198272705078
1629750286,10180020,67,0,6142,40.44647979736328,-79.84822082519531
1629750294,9036020,77,0,6263,40.44922637939453,-79.7618637084961
1629750287,593020,G3,0,6021,40.4395866394043,-80.01010131835938
1629750305,13075020,75,0,6262,40.44189453125,-79.95828247070312
1629750283,13277020,77,0,6265,40.46066665649414,-79.9323959350586
1629750314,3793020,79,0,6144,40.47163009643555,-79.86721801757812
1629750296,8633020,P69,0,6264,40.457427978515625,-79.95211029052734
1629750310,6878020,39,0,6025,40.44490432739258,-79.99067687988281
1629750302,2745020,P68,0,6267,40.454368591308594,-79.94275665283203
1629750288,1689020,P12,0,6266,40.44193649291992,-79.825439453125
1629750306,8696020,26,0,6027,40.4529914855957,-80.06551361083984
1629750301,12599020,74,0,6147,40.4659309387207,-79.89006805419922
1629750312,1593020,77,0,6261,40.461181640625,-79.87091827392578
1629750305,9821020,79,0,6140,40.4499397277832,-79.89187622070312
1629750311,11039020,77,0,6260,40.45881271362305,-79.91936492919922
1629750299,13303020,48,0,6017,40.428470611572266,-79.97557067871094
1629750306,12442020,86,0,6138,40.44952392578125,-79.89149475097656
1629750250,6243020,P10,0,6259,40.49064636230469,-79.87999725341797
1629750279,4494020,53L,0,6032,40.34616470336914,-79.92599487304688
1629750290,7354020,75,0,6274,40.47160339355469,-79.92657470703125
1629750311,3401020,67,0,6152,40.439208984375,-80.00399780273438
1629750290,5512020,82,0,7002,40.4604606628418,-79.9139175415039
1629750314,13479020,88,0,7001,40.45502853393555,-79.91129302978516
1629750303,3016020,P68,0,6275,40.43003463745117,-79.75132751464844
1629750275,6071020,71B,0,6157,40.440067291259766,-79.9944839477539
1629750307,13946020,Y46,0,6036,40.29201126098633,-79.89366912841797
1629750303,4197020,59,0,6038,40.37222671508789,-79.84882354736328
1629750292,6230020,67,0,6159,40.42876052856445,-79.79714965820312
1629750315,13658020,67,0,6158,40.44361877441406,-79.88658905029297
1629750296,10335020,69,0,6270,40.39948654174805,-79.81526947021484
1629750312,11008020,75,0,6271,40.48903274536133,-79.90181732177734
1629750307,9092020,57,0,6043,40.41111373901367,-79.90643310546875
1629750280,9185020,71C,0,6045,40.45225143432617,-79.95085144042969
1629750291,4373020,82,0,6049,40.45345687866211,-79.94679260253906
1629750311,7696020,71A,0,6048,40.4364128112793,-79.96836853027344
1629750302,4600020,69,0,6160,40.39479064941406,-79.7669677734375
1629750296,-433827710,7,1,1701,40.44275665283203,-80.00434875488281
1629750297,12548020,4,0,1708,40.45389175415039,-79.99810028076172
1629750265,8631020,11,0,1707,40.44889831542969,-80.00096893310547
1629750296,4626020,77,0,6056,40.48699188232422,-79.80870056152344
1629750309,14503020,75,0,6059,40.45867156982422,-79.91915893554688
1629750304,5288020,71,0,6051,40.428192138671875,-79.88634490966797
1629750313,6727020,11,0,1711,40.443321228027344,-79.99653625488281
1629750295,1051020,44,0,1716,40.3849983215332,-79.94850158691406
1629750302,11307020,44,0,1713,40.39527130126953,-79.97986602783203
1629750300,5171020,40,0,1723,40.41565704345703,-80.01183319091797
1629750316,3754020,43,0,1728,40.4368896484375,-80.00083923339844
1629750305,519020,44,0,1727,40.421630859375,-79.99752807617188
1629750288,8491020,44,0,1726,40.44606399536133,-79.98895263671875
1629750289,1831020,44,0,1724,40.44364547729492,-79.99531555175781
1629750315,8760020,2,0,5904,40.525150299072266,-80.00897979736328
1629750277,12540020,54,0,5905,40.4531364440918,-79.94790649414062
1629750292,12930020,13,0,5906,40.520225524902344,-80.03787231445312
1629750313,1300020,14,0,5907,40.53815460205078,-80.17832946777344
1629750314,7822020,6,0,5908,40.44976806640625,-80.00104522705078
1629750300,3940020,54,0,5909,40.45201110839844,-80.00650787353516
1629750293,6911020,54,0,5901,40.428470611572266,-79.97560119628906
1629750316,5628020,8,0,5902,40.499080657958984,-80.02071380615234
1629750290,4173020,54,0,5903,40.451717376708984,-80.00640869140625
1629750313,5250020,48,0,5917,40.43209457397461,-80.00391387939453
1629750293,8392020,24,0,5918,40.46860122680664,-80.12747955322266
1629750303,2805020,48,0,5919,40.42104721069336,-80.00546264648438
1629750306,6751020,1,0,5910,40.60042190551758,-79.7571792602539
1629750308,12112020,G3,0,5914,40.50401306152344,-80.22530364990234
1629750307,9832020,56,0,5926,40.4253044128418,-79.95328521728516
1629750300,14189020,91,0,5805,40.445213317871094,-79.9918441772461
1629750313,6830020,O12,0,5806,40.49602508544922,-80.01256561279297
1629750261,6249020,15,0,5809,40.44279098510742,-79.99861145019531
1629750299,12488020,61C,0,5921,40.437782287597656,-79.93167114257812
1629750302,7068020,64,0,5922,40.45890808105469,-79.94392395019531
1629750301,8297020,54,0,5803,40.45180892944336,-79.98147583007812
1629750307,11336020,2,0,5804,40.55403137207031,-80.0216064453125
1629750774,4356020,51,0,5816,40.417720794677734,-79.98641967773438
1629750778,8922020,75,0,5938,40.4808464050293,-79.92827606201172
1629750760,6050020,P7,0,5817,40.35356903076172,-79.84510040283203
1629750776,13000020,61B,0,5819,40.41666030883789,-79.88703918457031
1629750756,8208020,59,0,5931,40.36433410644531,-79.84777069091797
1629750754,7321020,O12,0,3406,40.576839447021484,-80.02607727050781
1629750751,2829020,17,0,5707,40.45518112182617,-80.02010345458984
1629750762,14406020,31,0,5708,40.44606018066406,-79.98876190185547
1629750768,6339020,O12,0,3401,40.56177520751953,-80.03929138183594
1629750771,10416020,64,0,5940,40.42831039428711,-79.92472839355469
1629750774,12078020,P76,0,5820,40.32244110107422,-79.83476257324219
1629750775,10533020,86,0,5821,40.45912170410156,-79.94430541992188
1629750773,2825020,71C,0,5943,40.4377326965332,-79.96475982666016
1629750773,6475020,91,0,5701,40.468441009521484,-79.96263885498047
1629750765,7534020,16,0,5702,40.48777389526367,-80.04158020019531
1629750773,3765020,P71,0,5944,40.41514205932617,-79.87940216064453
1629750750,-600584580,75,1,5945,40.436683654785156,-79.97267150878906
1629750370,12454020,6,0,5705,40.44493103027344,-79.99066162109375
1629750766,12289020,71D,0,3420,40.457130432128906,-79.90917205810547
1629750778,1573020,71C,0,3417,40.44121551513672,-79.89229583740234
1629750768,9099020,74,0,5717,40.4605598449707,-79.88849639892578
1629750762,6107020,71D,0,3416,40.44380187988281,-79.88601684570312
1629750765,-909946434,P16,1,5718,40.475399017333984,-79.78657531738281
1629750771,3321020,71B,0,3415,40.47111511230469,-79.92042541503906
1629750760,3262020,71C,0,3412,40.45693588256836,-79.91659545898438
1629750732,252020,82,0,3411,40.44274139404297,-79.99657440185547
1629750766,11275020,21,0,5713,40.4395751953125,-80.0167236328125
1629750748,12640020,P1,0,3419,40.414955139160156,-79.87857055664062
1629750768,2406020,71D,0,3418,40.44713592529297,-79.9462661743164
1629750776,13985020,61D,0,3307,40.42646408081055,-79.92743682861328
1629750766,13018020,P3,0,3306,40.442543029785156,-79.95741271972656
1629750758,942020,P3,0,3305,40.41810989379883,-79.8851547241211
1629750747,12345020,71B,0,3425,40.439414978027344,-79.96168518066406
1629750746,5248020,G2,0,3303,40.43938064575195,-80.01654052734375
1629750753,8709020,P1,0,3423,40.415008544921875,-79.87924194335938
1629750766,9938020,71D,0,3421,40.44097900390625,-80.00101470947266
1629750770,1368020,P78,0,5721,40.48853302001953,-79.83686828613281
1629750746,-362979994,87,1,5722,40.44087219238281,-80.00050354003906
1629750759,8333020,P3,0,3308,40.45798873901367,-79.91300964355469
1629750750,2992020,P1,0,3321,40.444522857666016,-79.99118041992188
1629750749,11949020,P1,0,3320,40.445186614990234,-79.88776397705078
1629750743,10464020,61D,0,3318,40.40999984741211,-79.91749572753906
1629750776,3028020,61A,0,3317,40.44305419921875,-79.95669555664062
1629750775,4890020,61C,0,3315,40.44121170043945,-80.00128936767578
1629750760,3270020,61B,0,3313,40.4440803527832,-79.93975830078125
1629750763,11839020,61D,0,3311,40.44133758544922,-80.00115966796875
1629750777,6430020,31,0,5611,40.423255920410156,-80.06689453125
1629750747,3423020,65,0,5614,40.43891525268555,-79.99362182617188
1629750735,363020,P1,0,3332,40.44357681274414,-79.99296569824219
1629750741,774020,71D,0,3210,40.438419342041016,-79.98199462890625
1629750757,1010020,P1,0,3331,40.41489791870117,-79.87852478027344
1629750758,13700020,71A,0,3330,40.45501708984375,-79.94152069091797
1629750767,10976020,71B,0,3208,40.43855285644531,-79.98494720458984
1629750764,14080020,P78,0,3329,40.45798873901367,-79.91287231445312
1629750777,6073020,61D,0,3207,40.44620895385742,-79.9522933959961
1629750749,12477020,P1,0,3328,40.4438362121582,-79.9937744140625
1629750772,1045020,61B,0,3206,40.40203857421875,-79.8678207397461
1629750776,14047020,71A,0,3327,40.43986892700195,-79.99420928955078
1629750744,4349020,28X,0,3326,40.44015884399414,-80.00898742675781
1629750769,8339020,61C,0,3205,40.43047332763672,-79.92340087890625
1629750772,2086020,61D,0,3202,40.40931701660156,-79.91651916503906
1629750770,5478020,61A,0,3201,40.43804931640625,-79.92124938964844
1629750769,9231020,P12,0,3209,40.45351791381836,-79.93968200683594
1629750777,13381020,21,0,6610,40.47748565673828,-80.06639099121094
1629750768,988020,71C,0,3340,40.442405700683594,-79.9999008178711
1629750747,10080020,71A,0,3219,40.43860626220703,-79.98636627197266
1629750767,14346020,13,0,6608,40.45356750488281,-80.0018081665039
1629750751,13088020,P12,0,3339,40.437835693359375,-79.73949432373047
1629750761,-1411583532,P67,1,3218,40.44389343261719,-79.86489868164062
1629750717,1618020,P1,0,3338,40.454410552978516,-79.9427719116211
1629750765,12877020,71C,0,3337,40.438560485839844,-79.9848861694336
1629750762,13617020,71B,0,3335,40.460960388183594,-79.92489624023438
1629750767,1083020,P1,0,3213,40.457637786865234,-79.91458129882812
1629750757,10479020,P67,0,3334,40.440860748291016,-80.0007095336914
1629750767,11993020,29,0,5634,40.43981170654297,-80.00965881347656
1629750754,494020,6,0,6603,40.469608306884766,-79.99937438964844
1629750772,1856020,17,0,6602,40.45420455932617,-80.01321411132812
1629750773,14485020,54,0,6605,40.44181823730469,-79.95845031738281
1629750759,4075020,2,0,6604,40.477962493896484,-79.96961975097656
1629750767,489020,18,0,6606,40.452308654785156,-80.01396179199219
1629750772,6737020,83,0,6620,40.448753356933594,-79.95795440673828
1629750775,7448020,53L,0,6619,40.369529724121094,-79.91212463378906
1629750778,7190020,O1,0,3229,40.45399856567383,-79.99723052978516
1629750768,3381020,71B,0,3225,40.45368576049805,-79.92504119873047
1629750778,11581020,21,0,6614,40.521949768066406,-80.17542266845703
1629750761,13813020,29,0,6613,40.449378967285156,-80.12500762939453
1629750763,1208020,24,0,6615,40.46649169921875,-80.06664276123047
1629750773,10056020,Y47,0,6618,40.35530090332031,-79.99063110351562
1629750762,13979020,51,0,6617,40.38189697265625,-79.97647094726562
1629750751,12052020,51,0,5660,40.40558624267578,-79.99115753173828
1629750762,7620020,51,0,6630,40.42769241333008,-79.98065948486328
1629750762,6733020,2,0,6511,40.552879333496094,-80.0225830078125
1629750726,14394020,14,0,6510,40.591575622558594,-80.22760009765625
1629750763,2954020,61B,0,3244,40.43860626220703,-79.98637390136719
1629750763,13191020,71C,0,3240,40.44999313354492,-79.89185333251953
1629750723,7623020,G2,0,3238,40.442508697509766,-80.02383422851562
1629750777,13260020,51,0,6623,40.38981246948242,-79.98574829101562
1629750757,4129020,52L,0,5654,40.37163162231445,-79.84477996826172
1629750754,7992020,91,0,6502,40.48781204223633,-79.8885726928711
1629750764,8602020,17,0,6501,40.500518798828125,-80.02214050292969
1629750757,9866020,59,0,6622,40.40921401977539,-79.89940643310547
1629750735,979020,93,0,6625,40.46342849731445,-79.95297241210938
1629750756,14061020,14,0,6503,40.47909164428711,-80.04320526123047
1629750778,1426020,Y46,0,6624,40.3389778137207,-79.96052551269531
1629750778,9613020,8,0,6506,40.51417922973633,-80.02449035644531
1629750772,11107020,93,0,6627,40.43449020385742,-79.95396423339844
1629750767,9135020,54,0,6505,40.463844299316406,-79.95282745361328
1629750761,4586020,59,0,6629,40.407630920410156,-79.91868591308594
1629750750,8440020,8,0,6508,40.44357681274414,-79.99898529052734
1629750766,14716020,1,0,6507,40.56354522705078,-79.76797485351562
1629750776,8862020,87,0,5670,40.4752197265625,-79.93108367919922
1629750776,1631020,26,0,6520,40.44367599487305,-80.0272216796875
1629750777,1161020,71D,0,6640,40.439125061035156,-79.96199035644531
1629750777,12524020,67,0,6643,40.437503814697266,-79.76024627685547
1629750769,6646020,P68,0,6642,40.41307830810547,-79.81786346435547
1629750767,1588020,61A,0,3253,40.434791564941406,-79.88290405273438
1629750755,1104020,61C,0,3252,40.41727066040039,-79.9259033203125
1629750748,4649020,61A,0,3251,40.4386100769043,-79.98641967773438
1629750750,1023020,51,0,6634,40.42879867553711,-79.98417663574219
1629750749,12584020,20,0,6515,40.468116760253906,-80.09823608398438
1629750766,1363020,69,0,6636,40.42100524902344,-79.85223388671875
1629750770,1850020,P16,0,5667,40.455692291259766,-79.90579986572266
1629750757,10132020,39,0,6514,40.39154815673828,-80.01700592041016
1629750772,5116020,28X,0,6638,40.43492889404297,-79.98755645751953
1629750768,1242020,41,0,6516,40.37209701538086,-80.08308410644531
1629750773,6250020,67,0,6637,40.43831253051758,-79.97953033447266
1629750761,291020,38,0,6519,40.43967819213867,-80.00524139404297
1629750761,10438020,31,0,6518,40.40631103515625,-80.0837173461914
1629750752,6796020,87,0,6650,40.48715591430664,-79.94073486328125
1629750749,2943020,2,0,6410,40.47840881347656,-79.96871948242188
1629750770,1199020,61D,0,6531,40.44297409057617,-79.95429992675781
1629750770,11357020,61C,0,6530,40.40213394165039,-79.88105010986328
1629750763,10887020,P78,0,6651,40.454063415527344,-79.93641662597656
1629750771,10273020,14,0,6412,40.56786346435547,-80.21160888671875
1629750760,3359020,51L,0,6533,40.36846923828125,-79.97663116455078
1629750777,4191020,82,0,6654,40.4599723815918,-79.9278564453125
1629750776,4937020,61C,0,6532,40.44270706176758,-79.9376449584961
1629750765,5394020,8,0,6411,40.468605041503906,-80.00972747802734
1629750753,12619020,P1,0,3260,40.454368591308594,-79.94275665283203
1629750762,5388020,P1,0,3259,40.419464111328125,-79.8864974975586
1629750754,14455020,P1,0,3258,40.45922088623047,-79.9666976928711
1629750706,12089020,61C,0,3257,40.413883209228516,-79.92285919189453
1629750750,6647020,56,0,6524,40.346710205078125,-79.88069915771484
1629750776,8682020,36,0,6523,40.33989334106445,-80.05427551269531
1629750770,7787020,91,0,6402,40.44522476196289,-79.99185180664062
1629750778,6181020,19L,0,6405,40.44490432739258,-79.99067687988281
1629750732,7026020,56,0,6526,40.436279296875,-79.99633026123047
1629750771,1196020,58,0,6647,40.44243621826172,-79.95578002929688
1629750777,1998020,13,0,6404,40.455875396728516,-80.0152587890625
1629750746,3586020,55,0,6525,40.35177993774414,-79.86333465576172
1629750778,11941020,P17,0,6646,40.45979690551758,-79.9156265258789
1629750725,6851020,16,0,6407,40.49915313720703,-80.06329345703125
1629750775,6678020,61D,0,6528,40.43806076049805,-79.92359924316406
1629750748,3124020,87,0,6649,40.48276138305664,-79.94811248779297
1629750773,8230020,91,0,6406,40.49469757080078,-79.92324829101562
1629750678,591020,Y45,0,6527,40.43706512451172,-80.00166320800781
1629750775,13207020,13,0,6408,40.510440826416016,-80.04574584960938
1629750760,2220020,Y46,0,6529,40.27286148071289,-79.88455963134766
1629750764,3255020,52L,0,6540,40.42710876464844,-79.93702697753906
1629750754,8096020,29,0,6421,40.42533874511719,-80.18890380859375
1629750775,8332020,P71,0,6542,40.44362258911133,-79.88723754882812
1629750764,7100020,1,0,6302,40.49634552001953,-79.94107055664062
1629750770,4879020,82,0,6544,40.45918273925781,-79.92745971679688
1629750749,8782020,16,0,6301,40.45380401611328,-80.00189971923828
1629750775,3608020,21,0,6422,40.503910064697266,-80.22470092773438
1629750777,6978020,P16,0,6543,40.43989944458008,-79.99640655517578
1629750770,12369020,57,0,6535,40.42999267578125,-79.95784759521484
1629750776,9825020,8,0,6414,40.51713943481445,-80.0359878540039
1629750772,12770020,61A,0,6534,40.43806076049805,-79.9254150390625
1629750731,7139020,91,0,6413,40.48632049560547,-79.94307708740234
1629750772,7857020,41,0,6416,40.404056549072266,-80.01934051513672
1629750778,10716020,20,0,6415,40.46469497680664,-80.05840301513672
1629750774,11737020,60,0,6538,40.32244873046875,-79.83497619628906
1629750717,13047020,28X,0,6551,40.47047805786133,-80.20771789550781
1629750763,12193020,61A,0,6432,40.443260192871094,-79.93814086914062
1629750776,3731020,75,0,6553,40.443790435791016,-79.95570373535156
1629750759,2020020,1,0,6310,40.60014724731445,-79.760986328125
1629750764,13001020,58,0,6555,40.42428207397461,-79.93737030029297
1629750751,1534020,6,0,6313,40.47944259643555,-80.00141143798828
1629750745,9439020,71C,0,6546,40.447509765625,-79.94930267333984
1629750748,13676020,89,0,6545,40.46187210083008,-79.92699432373047
1629750760,9271020,12,0,6306,40.52733612060547,-80.00627136230469
1629750770,-627841275,87,1,6548,40.46221160888672,-79.94151306152344
1629750761,2495020,71D,0,6547,40.450523376464844,-79.92745971679688
1629750768,11102020,91,0,6305,40.50040054321289,-79.86100006103516
1629750757,4658020,G3,0,6426,40.44499969482422,-80.02957916259766
1629750738,3009020,12,0,6308,40.55826950073242,-80.02323150634766
1629750752,12300020,56,0,6429,40.34904861450195,-79.86454772949219
1629750774,5379020,71D,0,6549,40.447059631347656,-79.94732666015625
1629750775,8574020,38,0,6320,40.38169860839844,-80.09425354003906
1629750760,3239020,61D,0,6441,40.43638610839844,-79.92288970947266
1629750778,7361020,55,0,6443,40.348175048828125,-79.92922973632812
1629750733,1343020,91,0,6201,40.4424934387207,-79.99967193603516
1629750776,12423020,61B,0,6442,40.410099029541016,-79.877685546875
1629750770,11382020,12,0,6203,40.54990768432617,-80.02113342285156
1629750751,9831020,27,0,6324,40.44132614135742,-80.00595092773438
1629750767,13069020,16,0,6202,40.442020416259766,-80.0015640258789
1629750771,6286020,39,0,6323,40.42033386230469,-80.0082015991211
1629750752,14569020,17,0,6315,40.50096893310547,-80.04023742675781
1629750765,5737020,71A,0,6557,40.45442581176758,-79.94352722167969
1629750762,8308020,Y46,0,6436,40.44181442260742,-79.9996337890625
1629750773,12296020,88,0,6556,40.465972900390625,-79.95336151123047
1629750775,4681020,O5,0,6314,40.49847412109375,-80.01261138916016
1629750760,4438020,64,0,6438,40.467140197753906,-79.96319580078125
1629750760,12738020,54,0,6316,40.408809661865234,-79.99154663085938
1629750750,1189020,P68,0,6558,40.414249420166016,-79.8527603149414
1629750766,13720020,52L,0,6439,40.39869689941406,-79.88558197021484
1629750757,5395020,G31,0,6331,40.443336486816406,-80.02586364746094
1629750773,3652020,59,0,6333,40.35231018066406,-79.90454864501953
1629750761,7241020,38,0,6332,40.40247344970703,-80.06156921386719
1629750768,1600020,75,0,6453,40.42427062988281,-79.96235656738281
1629750543,3070020,71B,0,6456,40.442195892333984,-79.95780181884766
1629750775,2552020,Y46,0,6335,40.33845520019531,-79.9535140991211
1629750753,9011020,61A,0,6334,40.436065673828125,-79.88134002685547
1629750763,2209020,P10,0,6455,40.52238845825195,-79.8523941040039
1629750767,9992020,27,0,6326,40.44171142578125,-80.07011413574219
1629750771,6439020,61A,0,6447,40.43971633911133,-79.89665985107422
1629750733,-551222955,91,1,6205,40.49557113647461,-79.9388656616211
1629750775,8542020,20,0,6325,40.48128890991211,-80.10716247558594
1629750776,11444020,8,0,6206,40.517539978027344,-80.0368881225586
1629750758,14543020,Y47,0,6448,40.33015441894531,-79.92350006103516
1629750772,1438020,61A,0,6340,40.437442779541016,-79.98011779785156
1629750767,8992020,86,0,6461,40.459590911865234,-79.91131591796875
1629750768,483020,20,0,6221,40.46467590332031,-80.05833435058594
1629750760,2260020,61B,0,6342,40.437808990478516,-79.962158203125
1629750772,596020,87,0,6462,40.46216583251953,-79.94093322753906
1629750775,6972020,16,0,6102,40.47011184692383,-80.02567291259766
1629750754,9902020,27,0,6223,40.44131851196289,-80.0687484741211
1629750758,4897020,P76,0,6343,40.45357131958008,-79.93797302246094
1629750775,1530020,61B,0,6346,40.438018798828125,-79.92121124267578
1629750750,7962020,G2,0,6225,40.44273376464844,-79.99654388427734
1629750764,2785020,22,0,6224,40.468265533447266,-80.09819793701172
1629750773,7089020,12,0,6216,40.58515167236328,-80.03642272949219
1629750758,9157020,Y47,0,6337,40.403785705566406,-80.00269317626953
1629750765,3880020,P7,0,6336,40.45450973510742,-79.93546295166016
1629750778,8917020,51,0,6339,40.347877502441406,-79.9471435546875
1629750775,8302020,G3,0,6218,40.50353240966797,-80.22404479980469
1629750774,11915020,41,0,6217,40.3509407043457,-80.10498046875
1629750774,13736020,83,0,6338,40.44270706176758,-79.98204040527344
1629750776,4410020,P10,0,6459,40.456146240234375,-79.93341827392578
1629750776,9838020,29,0,6219,40.44382095336914,-79.99462890625
1629750768,4856020,36,0,6230,40.4102668762207,-80.03150177001953
1629750753,14615020,P3,0,6351,40.415008544921875,-79.87924194335938
1629750778,13457020,51,0,6353,40.43742370605469,-80.00265502929688
1629750777,11356020,61C,0,6111,40.438716888427734,-79.98865509033203
1629750752,3503020,22,0,6110,40.44119644165039,-80.02009582519531
1629750774,559020,41,0,6231,40.4014892578125,-80.02244567871094
1629750765,11814020,59,0,6113,40.35213851928711,-79.85748291015625
1629750775,5613020,61C,0,6355,40.4434928894043,-79.95610809326172
1629750777,1047020,P3,0,6233,40.44266128540039,-79.95722961425781
1629750778,8718020,81,0,6236,40.44142150878906,-79.96178436279297
1629750776,5899020,83,0,6115,40.42845153808594,-79.97509002685547
1629750759,1061020,93,0,6357,40.43354797363281,-79.93206024169922
1629750772,10920020,P76,0,6114,40.381229400634766,-79.8121109008789
1629750776,11428020,57,0,6348,40.411006927490234,-79.90679931640625
1629750768,11577020,54,0,6105,40.41423034667969,-79.99546813964844
1629750723,13928020,79,0,6468,40.44858932495117,-79.86798858642578
1629750753,2408020,24,0,6229,40.44190979003906,-80.02220153808594
1629750774,1880020,51,0,6241,40.41459655761719,-79.98786163330078
1629750776,11778020,59,0,6240,40.40239334106445,-79.86743927001953
1629750751,1714020,61B,0,6122,40.43806076049805,-79.92479705810547
1629750759,1989020,Y49,0,6243,40.438026428222656,-80.00218963623047
1629750777,3140020,Y49,0,6242,40.34458923339844,-79.9399642944336
1629750770,3360020,Y49,0,6121,40.36697006225586,-79.9675064086914
1629750767,2716020,12,0,6003,40.456459045410156,-80.00128173828125
1629750778,8134020,61A,0,6124,40.403018951416016,-79.86237335205078
1629750767,12783020,86,0,6366,40.46158981323242,-79.96696472167969
1629750771,14483020,13,0,6002,40.517539978027344,-80.0368881225586
1629750761,6042020,53L,0,6244,40.4259147644043,-79.92669677734375
1629750768,8093020,53L,0,6126,40.348690032958984,-79.93903350830078
1629750718,13391020,88,0,6368,40.45139694213867,-79.982177734375
1629750757,187020,P3,0,6247,40.45695495605469,-79.91020202636719
1629750767,10803020,69,0,6367,40.440731048583984,-79.87805938720703
1629750775,993020,93,0,6246,40.47151184082031,-79.95976257324219
1629750761,10724020,93,0,6125,40.407875061035156,-79.92642211914062
1629750764,9523020,P68,0,6360,40.41681671142578,-79.8145751953125
1629750727,11918020,59,0,6238,40.33628845214844,-79.94587707519531
1629750765,631020,61D,0,6117,40.43855285644531,-79.9849624633789
1629750773,5491020,67,0,6359,40.44390869140625,-79.9227523803711
1629750774,3810020,64,0,6237,40.411136627197266,-79.90630340576172
1629750748,5854020,61C,0,6118,40.40628433227539,-79.91259002685547
1629750751,9742020,83,0,6252,40.44221878051758,-80.00028991699219
1629750775,13093020,81,0,6251,40.43941116333008,-79.9968490600586
1629750766,5028020,59,0,6133,40.41984939575195,-79.88492584228516
1629750764,3221020,53L,0,6253,40.429298400878906,-79.93269348144531
1629750778,3845020,19L,0,6014,40.50696563720703,-80.07674407958984
1629750775,4509020,55,0,6135,40.340641021728516,-79.91458129882812
1629750772,14201020,59,0,6134,40.40097427368164,-79.83314514160156
1629750776,14616020,91,0,6013,40.472991943359375,-79.95867156982422
1629750769,10913020,P78,0,6137,40.53987503051758,-79.8309097290039
1629750765,3695020,39,0,6015,40.446109771728516,-79.98914337158203
1629750754,117020,81,0,6250,40.43968200683594,-79.95951843261719
1629750717,13756020,16,0,6007,40.5035285949707,-80.07418823242188
1629750756,1509020,51,0,6127,40.36586380004883,-79.9820556640625
1629750701,13274020,56,0,6248,40.34675598144531,-79.82960510253906
1629750766,10420020,82,0,6369,40.473148345947266,-79.88822174072266
1629750773,980020,15,0,6009,40.45524978637695,-80.00749206542969
1629750732,7869020,51L,0,6129,40.41144561767578,-79.98990631103516
1629750654,11207020,54,0,6008,40.44428634643555,-79.95487213134766
1629750753,10180020,67,0,6142,40.444129943847656,-79.88320922851562
1629750775,9036020,77,0,6263,40.453060150146484,-79.75021362304688
1629750769,593020,G3,0,6021,40.4423713684082,-80.02357482910156
1629750765,13075020,75,0,6262,40.4511604309082,-79.94163513183594
1629750765,13277020,77,0,6265,40.46015930175781,-79.92149353027344
1629750747,3793020,79,0,6144,40.46318054199219,-79.8656997680664
1629750763,1096020,G2,0,6023,40.40699768066406,-80.08985137939453
1629750753,8633020,P69,0,6264,40.451560974121094,-79.89550018310547
1629750757,6878020,39,0,6025,40.440547943115234,-79.9983901977539
1629750726,2186020,P68,0,6267,40.44168472290039,-79.99761199951172
1629750767,1689020,P12,0,6266,40.43809509277344,-79.7398452758789
1629750768,8696020,26,0,6027,40.45212936401367,-80.05265808105469
1629750776,12599020,74,0,6147,40.4614372253418,-79.89470672607422
1629750770,1593020,77,0,6261,40.4610710144043,-79.84137725830078
1629750735,9821020,79,0,6140,40.4499397277832,-79.89187622070312
1629750769,11039020,77,0,6260,40.46344757080078,-79.93038940429688
1629750776,13303020,48,0,6017,40.430328369140625,-79.99976348876953
1629750764,12442020,86,0,6138,40.44392013549805,-79.88594818115234
1629750762,6243020,P10,0,6259,40.54078674316406,-79.83294677734375
1629750774,4494020,53L,0,6032,40.3713264465332,-79.91255950927734
1629750774,7354020,75,0,6274,40.45773696899414,-79.91712951660156
1629750775,3401020,67,0,6152,40.43674850463867,-79.96263885498047
1629750754,5512020,82,0,7002,40.471866607666016,-79.89130401611328
1629750778,13479020,88,0,7001,40.46149826049805,-79.925048828125
1629750771,3016020,P68,0,6275,40.42911148071289,-79.74939727783203
1629750765,6071020,71B,0,6157,40.43737030029297,-79.97772979736328
1629750776,13946020,Y46,0,6036,40.29217529296875,-79.88176727294922
1629750733,4197020,59,0,6038,40.384193420410156,-79.86705017089844
1629750739,6230020,67,0,6159,40.43751907348633,-79.7777328491211
1629750772,13658020,67,0,6158,40.44388961791992,-79.86490631103516
1629750703,10335020,69,0,6270,40.39366149902344,-79.80490112304688
1629750776,13840020,74,0,6272,40.4619026184082,-79.92618560791016
1629750775,11008020,75,0,6271,40.48149871826172,-79.9290542602539
1629750772,9092020,57,0,6043,40.41059112548828,-79.91117095947266
1629750736,9185020,71C,0,6045,40.45561981201172,-79.93953704833984
1629750775,4373020,82,0,6049,40.445526123046875,-79.97151947021484
1629750764,7696020,71A,0,6048,40.445194244384766,-79.9537124633789
1629750772,4600020,69,0,6160,40.39455032348633,-79.79918670654297
1629750750,-433827710,7,1,1701,40.45319747924805,-80.00164794921875
1629750777,12548020,4,0,1708,40.46786117553711,-79.97978973388672
1629750777,8631020,11,0,1707,40.461185455322266,-80.00263214111328
1629750768,1911020,4,0,1704,40.4973258972168,-80.01720428466797
1629750763,4626020,77,0,6056,40.46474838256836,-79.82954406738281
1629750769,14503020,75,0,6059,40.44839859008789,-79.94722747802734
1629750777,5288020,71,0,6051,40.44123840332031,-79.8942642211914
1629750754,8619020,11,0,1711,40.44504928588867,-79.99069213867188
1629750776,1051020,44,0,1716,40.39523696899414,-79.96867370605469
1629750746,11307020,44,0,1713,40.39347839355469,-79.97367858886719
1629750773,5171020,40,0,1723,40.434749603271484,-80.00221252441406
1629750756,3754020,43,0,1728,40.42362976074219,-79.98885345458984
1629750751,519020,44,0,1727,40.41441345214844,-79.98883819580078
1629750772,9149020,44,0,1726,40.439491271972656,-79.99908447265625
1629750755,9686020,40,0,1724,40.44563293457031,-79.98967742919922
1629750776,8760020,2,0,5904,40.525150299072266,-80.00897979736328
1629750762,12540020,54,0,5905,40.463233947753906,-79.95197296142578
1629750766,12930020,13,0,5906,40.51776123046875,-80.03636932373047
1629750749,1300020,14,0,5907,40.51411819458008,-80.11376190185547
1629750773,7822020,6,0,5908,40.44451141357422,-79.99120330810547
1629750744,3940020,54,0,5909,40.456024169921875,-80.00335693359375
1629750777,6911020,54,0,5901,40.414730072021484,-79.9877700805664
1629750777,5628020,8,0,5902,40.476871490478516,-80.0123519897461
1629750758,4173020,54,0,5903,40.451717376708984,-80.00640869140625
1629750766,5250020,48,0,5917,40.428504943847656,-79.97638702392578
1629750755,8392020,24,0,5918,40.44839859008789,-80.16077423095703
1629750767,2805020,48,0,5919,40.42143630981445,-80.00475311279297
1629750767,6751020,1,0,5910,40.600433349609375,-79.75716400146484
1629750777,12112020,G3,0,5914,40.49074935913086,-80.19827270507812
1629750763,9832020,56,0,5926,40.400001525878906,-79.9368896484375
1629750769,1247020,O12,0,5806,40.442649841308594,-80.00440979003906
1629750728,6249020,15,0,5809,40.44888687133789,-80.0013427734375
1629750771,12488020,61C,0,5921,40.434303283691406,-79.92288208007812
1629750746,7068020,64,0,5922,40.45649719238281,-79.93358612060547
1629750776,8297020,54,0,5803,40.45330810546875,-80.00167846679688
1629750776,11336020,2,0,5804,40.549072265625,-80.02085876464844
1629751261,4356020,51,0,5816,40.396575927734375,-79.98765563964844
1629751260,8922020,75,0,5938,40.48923873901367,-79.90257263183594
1629751242,6050020,P7,0,5817,40.3507194519043,-79.86743927001953
1629751213,13000020,61B,0,5819,40.43961715698242,-79.89844512939453
1629751228,8208020,59,0,5931,40.366451263427734,-79.84223175048828
1629751235,7321020,O12,0,3406,40.58524703979492,-80.03130340576172
1629751262,2829020,17,0,5707,40.47149658203125,-80.03086853027344
1629751255,4697020,31,0,5708,40.43994903564453,-80.00939178466797
1629751236,6339020,O12,0,3401,40.54561996459961,-80.03599548339844
1629751245,10416020,64,0,5940,40.40873336791992,-79.91583251953125
1629751262,5225020,P76,0,5820,40.32243728637695,-79.83475494384766
1629751246,10533020,86,0,5821,40.46197509765625,-79.9263687133789
1629751257,2825020,71C,0,5943,40.446754455566406,-79.95074462890625
1629751252,6475020,91,0,5701,40.48332214355469,-79.95039367675781
1629751238,7534020,16,0,5702,40.46416473388672,-80.02323150634766
1629751255,3765020,P71,0,5944,40.41514587402344,-79.87942504882812
1629751260,-600584580,75,1,5945,40.441890716552734,-79.95828247070312
1629751261,11991020,6,0,5705,40.44441604614258,-80.00082397460938
1629751258,12175020,71D,0,3420,40.44587707519531,-79.88811492919922
1629751252,1573020,71C,0,3417,40.455528259277344,-79.9145278930664
1629751258,9099020,74,0,5717,40.47829055786133,-79.89910888671875
1629751263,6107020,71D,0,3416,40.45700454711914,-79.90799713134766
1629751238,-909946434,P16,1,5718,40.450035095214844,-79.76170349121094
1629751251,3321020,71B,0,3415,40.45210647583008,-79.92414855957031
1629751239,3262020,71C,0,3412,40.46322250366211,-79.92977142333984
1629751249,252020,82,0,3411,40.44445037841797,-79.97860717773438
1629751255,6242020,P10,0,3410,40.442386627197266,-80.00006866455078
1629751246,3135020,21,0,5713,40.441139221191406,-80.0092544555664
1629751249,2406020,71D,0,3418,40.4368782043457,-79.96595001220703
1629751248,13985020,61D,0,3307,40.43805694580078,-79.92330932617188
1629751262,6666020,P3,0,3306,40.43875503540039,-79.96250915527344
1629751243,942020,P3,0,3305,40.414833068847656,-79.87883758544922
1629751242,12345020,71B,0,3425,40.43833923339844,-79.98018646240234
1629751237,5248020,G2,0,3303,40.443538665771484,-79.99557495117188
1629751230,8709020,P1,0,3423,40.41963577270508,-79.88653564453125
1629751255,12319020,71D,0,3421,40.43894958496094,-79.9947280883789
1629751237,1368020,P78,0,5721,40.5067253112793,-79.8427505493164
1629751253,-362979994,87,1,5722,40.44374084472656,-79.99385070800781
1629751238,8333020,P3,0,3308,40.447044372558594,-79.94773864746094
1629751257,2992020,P1,0,3321,40.4583625793457,-79.9277572631836
1629751208,11949020,P1,0,3320,40.41490936279297,-79.87908172607422
1629751229,10464020,61D,0,3318,40.41215133666992,-79.90818786621094
1629751214,3028020,61A,0,3317,40.43732452392578,-79.97151947021484
1629751251,4890020,61C,0,3315,40.43894958496094,-79.9947280883789
1629751250,3270020,61B,0,3313,40.441749572753906,-79.95854187011719
1629751234,12184020,61D,0,3311,40.4403076171875,-79.99486541748047
1629751262,6430020,31,0,5611,40.43634033203125,-80.03575134277344
1629751240,3423020,65,0,5614,40.441471099853516,-80.0023193359375
1629751234,12758020,P1,0,3332,40.44337844848633,-79.99415588378906
1629751261,774020,71D,0,3210,40.43989562988281,-79.99420928955078
1629751261,1010020,P1,0,3331,40.45319366455078,-79.89984130859375
1629751263,13700020,71A,0,3330,40.443634033203125,-79.9559097290039
1629751249,8535020,71B,0,3208,40.441123962402344,-79.99685668945312
1629751261,14080020,P78,0,3329,40.448219299316406,-79.98576354980469
1629751262,6073020,61D,0,3207,40.43665313720703,-79.96944427490234
1629751250,14354020,P1,0,3328,40.44367980957031,-79.99249267578125
1629751263,1045020,61B,0,3206,40.419281005859375,-79.88878631591797
1629751231,1918020,71A,0,3327,40.44050979614258,-79.99977111816406
1629751257,4349020,28X,0,3326,40.4421272277832,-80.0228500366211
1629751254,8339020,61C,0,3205,40.441871643066406,-79.93685913085938
1629751200,585020,61D,0,3202,40.4111442565918,-79.90652465820312
1629751257,6125020,71B,0,3323,40.46983337402344,-79.9210205078125
1629751252,5478020,61A,0,3201,40.44453811645508,-79.94236755371094
1629751246,13381020,21,0,6610,40.5080680847168,-80.11296844482422
1629751225,50020,71C,0,3340,40.43974304199219,-79.99639892578125
1629751241,10080020,71A,0,3219,40.441959381103516,-79.9990463256836
1629751254,3209020,13,0,6608,40.44194793701172,-80.0017318725586
1629751248,13088020,P12,0,3339,40.442604064941406,-79.81768798828125
1629751206,-1411583532,P67,1,3218,40.43836212158203,-79.83084869384766
1629751225,779020,P1,0,3338,40.44151306152344,-79.99768829345703
1629751246,12877020,71C,0,3337,40.43962097167969,-79.99430847167969
1629751262,13617020,71B,0,3335,40.47255325317383,-79.91968536376953
1629751236,1083020,P1,0,3213,40.453514099121094,-79.93829345703125
1629751252,10479020,P67,0,3334,40.44404983520508,-79.99189758300781
1629751246,11993020,29,0,5634,40.44218063354492,-80.02301025390625
1629751004,494020,6,0,6603,40.479522705078125,-80.00146484375
1629751245,1856020,17,0,6602,40.449378967285156,-80.00251007080078
1629751232,14485020,54,0,6605,40.43743133544922,-79.97186279296875
1629751254,4075020,2,0,6604,40.453433990478516,-80.00094604492188
1629751261,489020,18,0,6606,40.4586181640625,-80.03076934814453
1629751244,6737020,83,0,6620,40.4403076171875,-79.96857452392578
1629751257,7448020,53L,0,6619,40.34775924682617,-79.93297576904297
1629751258,7190020,O1,0,3229,40.44257354736328,-79.99623107910156
1629751264,3381020,71B,0,3225,40.46782684326172,-79.9218978881836
1629751253,6251020,31,0,6611,40.3572883605957,-80.11277770996094
1629751254,11581020,21,0,6614,40.5139045715332,-80.13855743408203
1629751247,13813020,29,0,6613,40.448490142822266,-80.1580810546875
1629751218,1208020,24,0,6615,40.452919006347656,-80.03942108154297
1629751264,10056020,Y47,0,6618,40.343013763427734,-79.96405792236328
1629751261,13979020,51,0,6617,40.40778732299805,-79.99154663085938
1629751260,12052020,51,0,5660,40.42380142211914,-79.9776611328125
1629751258,7620020,51,0,6630,40.408390045166016,-79.99126434326172
1629751223,6733020,2,0,6511,40.566001892089844,-80.00151824951172
1629751262,6466020,14,0,6510,40.583683013916016,-80.22518157958984
1629751236,290020,Y1,0,6631,40.44142532348633,-79.99991607666016
1629751259,2954020,61B,0,3244,40.44078063964844,-79.99659729003906
1629751224,13191020,71C,0,3240,40.44997787475586,-79.89183044433594
1629751260,7623020,G2,0,3238,40.45283508300781,-80.05431365966797
1629751095,13260020,51,0,6623,40.38069152832031,-79.9763412475586
1629751263,4129020,52L,0,5654,40.367008209228516,-79.85655975341797
1629751255,7992020,91,0,6502,40.494503021240234,-79.92105102539062
1629751262,8602020,17,0,6501,40.500370025634766,-80.02229309082031
1629751235,9866020,59,0,6622,40.39706039428711,-79.88423919677734
1629751262,979020,93,0,6625,40.47170639038086,-79.95956420898438
1629751243,14061020,14,0,6503,40.503570556640625,-80.08100128173828
1629751258,1426020,Y46,0,6624,40.33163833618164,-79.94575500488281
1629751261,9613020,8,0,6506,40.51666259765625,-80.03579711914062
1629751242,11107020,93,0,6627,40.44033432006836,-79.96031951904297
1629751240,11470020,53L,0,6626,40.36237335205078,-79.92902374267578
1629751248,9135020,54,0,6505,40.45261001586914,-79.94971466064453
1629751264,4586020,59,0,6629,40.409019470214844,-79.876708984375
1629751244,1200020,8,0,6508,40.44892120361328,-80.00141906738281
1629751254,14716020,1,0,6507,40.54116439819336,-79.79721069335938
1629751254,8862020,87,0,5670,40.462337493896484,-79.94331359863281
1629751258,1631020,26,0,6520,40.455039978027344,-80.06068420410156
1629751262,1161020,71D,0,6640,40.446861267089844,-79.94962310791016
1629751250,12524020,67,0,6643,40.43614196777344,-79.78469848632812
1629751248,6646020,P68,0,6642,40.43149185180664,-79.79830932617188
1629751252,1588020,61A,0,3253,40.44120788574219,-79.89435577392578
1629751264,1104020,61C,0,3252,40.435733795166016,-79.92286682128906
1629751249,4649020,61A,0,3251,40.44078063964844,-79.99691772460938
1629751257,1023020,51,0,6634,40.43064880371094,-80.00070190429688
1629751215,12683020,15,0,6512,40.44361877441406,-79.99549865722656
1629751262,1484020,51L,0,6633,40.4392204284668,-80.00138092041016
1629751241,12584020,20,0,6515,40.468116760253906,-80.09823608398438
1629751253,1363020,69,0,6636,40.40121841430664,-79.83506774902344
1629751213,1850020,P16,0,5667,40.44055938720703,-79.87191009521484
1629751218,5116020,28X,0,6638,40.44109344482422,-79.9576187133789
1629751258,1242020,41,0,6516,40.38508224487305,-80.05279541015625
1629751261,6250020,67,0,6637,40.43949508666992,-79.99442291259766
1629751241,291020,38,0,6519,40.43428039550781,-80.0202865600586
1629751243,10438020,31,0,6518,40.38652038574219,-80.09271240234375
1629751259,6796020,87,0,6650,40.48519515991211,-79.92741394042969
1629751254,2943020,2,0,6410,40.488773345947266,-79.97235107421875
1629751256,1199020,61D,0,6531,40.437801361083984,-79.93135833740234
1629751246,11357020,61C,0,6530,40.407562255859375,-79.90995025634766
1629751220,10887020,P78,0,6651,40.44295883178711,-79.8864974975586
1629751256,10273020,14,0,6412,40.593196868896484,-80.22952270507812
1629751250,4191020,82,0,6654,40.45261001586914,-79.94971466064453
1629751246,4937020,61C,0,6532,40.43647766113281,-79.92289733886719
1629751240,5394020,8,0,6411,40.48811340332031,-80.01655578613281
1629751241,3165020,P1,0,3260,40.44370651245117,-79.99508666992188
1629751262,11119020,P1,0,3259,40.41468811035156,-79.87861633300781
1629751256,14455020,P1,0,3258,40.459774017333984,-79.9214859008789
1629751255,12089020,61C,0,3257,40.39806365966797,-79.87616729736328
1629751238,6647020,56,0,6524,40.35225296020508,-79.84321594238281
1629751237,8682020,36,0,6523,40.33989334106445,-80.05427551269531
1629751245,4477020,91,0,6402,40.442440032958984,-79.99955749511719
1629751262,6181020,19L,0,6405,40.44047927856445,-79.99969482421875
1629751252,9795020,56,0,6526,40.43810272216797,-79.99791717529297
1629751236,1196020,58,0,6647,40.44525909423828,-79.9426498413086
1629751249,1998020,13,0,6404,40.470821380615234,-80.0362548828125
1629751243,3586020,55,0,6525,40.35026931762695,-79.87789154052734
1629751253,11941020,P17,0,6646,40.468475341796875,-79.89647674560547
1629751251,6851020,16,0,6407,40.50385665893555,-80.07470703125
1629751259,6678020,61D,0,6528,40.422943115234375,-79.92871856689453
1629751247,9004020,87,0,6649,40.48328399658203,-79.9504623413086
1629751244,8230020,91,0,6406,40.487850189208984,-79.88681030273438
1629751262,591020,Y45,0,6527,40.44140625,-79.99993133544922
1629751214,13207020,13,0,6408,40.51698303222656,-80.03865814208984
1629751261,2220020,Y46,0,6529,40.28766632080078,-79.89554595947266
1629751244,3255020,52L,0,6540,40.418922424316406,-79.92681121826172
1629751233,8096020,29,0,6421,40.439205169677734,-80.21147155761719
1629751261,8332020,P71,0,6542,40.42912673950195,-79.89191436767578
1629751247,7100020,1,0,6302,40.47160720825195,-79.97392272949219
1629751235,4879020,82,0,6544,40.45998001098633,-79.92112731933594
1629751252,9911020,16,0,6301,40.44204330444336,-80.00130462646484
1629751225,3608020,21,0,6422,40.503910064697266,-80.22470092773438
1629751229,6978020,P16,0,6543,40.45716094970703,-79.94984436035156
1629751260,12369020,57,0,6535,40.43447494506836,-79.98978424072266
1629751206,9825020,8,0,6414,40.51720428466797,-80.03614807128906
1629751210,12770020,61A,0,6534,40.43803405761719,-79.90898895263672
1629751260,7139020,91,0,6413,40.49458694458008,-79.93347930908203
1629751244,7857020,41,0,6416,40.39059829711914,-80.04006958007812
1629751260,10716020,20,0,6415,40.47184753417969,-80.09187316894531
1629751236,4798020,60,0,6538,40.32221984863281,-79.83560180664062
1629751258,8310020,28X,0,6551,40.49637222290039,-80.25888061523438
1629751214,12193020,61A,0,6432,40.438018798828125,-79.92127990722656
1629751255,3731020,75,0,6553,40.43724060058594,-79.97122955322266
1629751258,2020020,1,0,6310,40.60141372680664,-79.75582885742188
1629751261,13001020,58,0,6555,40.43278121948242,-79.96231079101562
1629751255,1534020,6,0,6313,40.465667724609375,-79.99251556396484
1629751244,9439020,71C,0,6546,40.45397186279297,-79.945068359375
1629751240,13676020,89,0,6545,40.45978927612305,-79.915771484375
1629751254,9271020,12,0,6306,40.48497772216797,-80.00951385498047
1629751252,-627841275,87,1,6548,40.4608039855957,-79.9683837890625
1629751264,2495020,71D,0,6547,40.45383834838867,-79.8940658569336
1629751259,11102020,91,0,6305,40.50037384033203,-79.86101531982422
1629751264,4658020,G3,0,6426,40.443599700927734,-79.99549865722656
1629751263,3009020,12,0,6308,40.55355453491211,-80.01664733886719
1629751242,12300020,56,0,6429,40.34769058227539,-79.88088989257812
1629751256,5379020,71D,0,6549,40.4522590637207,-79.92317199707031
1629751260,8574020,38,0,6320,40.384368896484375,-80.07111358642578
1629751263,3239020,61D,0,6441,40.41976547241211,-79.92822265625
1629751240,7361020,55,0,6443,40.34724807739258,-79.9504623413086
1629751238,1343020,91,0,6201,40.45500946044922,-79.97681427001953
1629751255,12423020,61B,0,6442,40.4150505065918,-79.8543701171875
1629751259,11382020,12,0,6203,40.550994873046875,-80.0179672241211
1629751234,9831020,27,0,6324,40.441829681396484,-80.02196502685547
1629751253,13069020,16,0,6202,40.44746017456055,-80.00188446044922
1629751260,6286020,39,0,6323,40.4362907409668,-80.00118255615234
1629751258,14569020,17,0,6315,40.48719787597656,-80.03853607177734
1629751175,5737020,71A,0,6557,40.45711898803711,-79.93451690673828
1629751254,9086020,Y46,0,6436,40.43281173706055,-80.00355529785156
1629751256,12296020,88,0,6556,40.463478088378906,-79.9307861328125
1629751256,4681020,O5,0,6314,40.5235595703125,-79.98946380615234
1629751256,4438020,64,0,6438,40.467140197753906,-79.96319580078125
1629751239,12738020,54,0,6316,40.408809661865234,-79.99154663085938
1629751253,1189020,P68,0,6558,40.405765533447266,-79.84420776367188
1629751252,13720020,52L,0,6439,40.385581970214844,-79.87985229492188
1629751258,5395020,G31,0,6331,40.41122055053711,-80.08663177490234
1629751253,3652020,59,0,6333,40.34410858154297,-79.94368743896484
1629751233,7241020,38,0,6332,40.385746002197266,-80.05390167236328
1629751261,1600020,75,0,6453,40.428245544433594,-79.97101593017578
1629751259,2552020,Y46,0,6335,40.36320114135742,-79.98373413085938
1629751256,9011020,61A,0,6334,40.41426086425781,-79.87264251708984
1629751239,2209020,P10,0,6455,40.53959274291992,-79.83074188232422
1629751254,9992020,27,0,6326,40.4411506652832,-80.06876373291016
1629751239,6439020,61A,0,6447,40.439327239990234,-79.87885284423828
1629751258,-551222955,91,1,6205,40.471920013427734,-79.95946502685547
1629751241,8542020,20,0,6325,40.5042610168457,-80.14247131347656
1629751256,12570020,67,0,6449,40.43584442138672,-79.98058319091797
1629751263,11444020,8,0,6206,40.5176887512207,-80.03018188476562
1629751248,14543020,Y47,0,6448,40.342838287353516,-79.94450378417969
1629751235,6079020,12,0,6209,40.586666107177734,-80.03021240234375
1629751257,1438020,61A,0,6340,40.443199157714844,-79.95342254638672
1629751262,8992020,86,0,6461,40.45566177368164,-79.88870239257812
1629751248,483020,20,0,6221,40.43843078613281,-80.0147933959961
1629751262,2260020,61B,0,6342,40.443111419677734,-79.93800354003906
1629751246,596020,87,0,6462,40.47270202636719,-79.92930603027344
1629751253,6972020,16,0,6102,40.49249267578125,-80.04935455322266
1629751264,9902020,27,0,6223,40.44657897949219,-80.06844329833984
1629751254,4897020,P76,0,6343,40.44279861450195,-79.88681030273438
1629751248,1530020,61B,0,6346,40.43421173095703,-79.89510345458984
1629751198,7962020,G2,0,6225,40.439945220947266,-80.0093994140625
1629751263,7876020,22,0,6224,40.468318939208984,-80.09847259521484
1629751252,9157020,Y47,0,6337,40.43202590942383,-80.00375366210938
1629751241,3880020,P7,0,6336,40.442115783691406,-79.8858871459961
1629751232,8917020,51,0,6339,40.34535598754883,-79.97303771972656
1629751207,8302020,G3,0,6218,40.50397491455078,-80.22521209716797
1629751245,11915020,41,0,6217,40.35087966918945,-80.10497283935547
1629751249,13736020,83,0,6338,40.4400520324707,-79.99842071533203
1629751242,4410020,P10,0,6459,40.47319793701172,-79.90840148925781
1629751262,9838020,29,0,6219,40.445526123046875,-79.98982238769531
1629751245,3853020,36,0,6230,40.43967819213867,-80.00524139404297
1629751264,14615020,P3,0,6351,40.42502975463867,-79.88597869873047
1629751259,5154020,51,0,6353,40.4398193359375,-79.99884796142578
1629751262,11356020,61C,0,6111,40.44197082519531,-80.00162506103516
1629751215,3503020,22,0,6110,40.44350814819336,-80.02637481689453
1629751234,559020,41,0,6231,40.431400299072266,-80.00251770019531
1629751249,11814020,59,0,6113,40.37187957763672,-79.84651947021484
1629751256,5613020,61C,0,6355,40.43737030029297,-79.97166442871094
1629751247,1047020,P3,0,6233,40.45335388183594,-79.94988250732422
1629751239,8718020,81,0,6236,40.437103271484375,-79.97083282470703
1629751256,5899020,83,0,6115,40.44120788574219,-79.95745849609375
1629751263,1061020,93,0,6357,40.421775817871094,-79.92880249023438
1629751248,10920020,P76,0,6114,40.360107421875,-79.78572082519531
1629751238,11428020,57,0,6348,40.41090774536133,-79.90691375732422
1629751262,11577020,54,0,6105,40.42610168457031,-79.98081970214844
1629751239,13928020,79,0,6468,40.45500183105469,-79.86373138427734
1629751247,2408020,24,0,6229,40.4439582824707,-80.0276107788086
1629751261,1880020,51,0,6241,40.42871856689453,-79.98738861083984
1629751254,11778020,59,0,6240,40.413875579833984,-79.85567474365234
1629751245,1714020,61B,0,6122,40.439579010009766,-79.8979263305664
1629751233,7434020,P13,0,6001,40.44388961791992,-79.99848175048828
1629751251,10008020,Y49,0,6243,40.43989562988281,-79.9988021850586
1629751242,3140020,Y49,0,6242,40.34819030761719,-79.94720458984375
1629751255,3360020,Y49,0,6121,40.350826263427734,-79.95089721679688
1629751257,2716020,12,0,6003,40.50499725341797,-80.00892639160156
1629751261,8134020,61A,0,6124,40.417808532714844,-79.8821029663086
1629751247,12783020,86,0,6366,40.44392776489258,-79.99359130859375
1629751230,14483020,13,0,6002,40.517127990722656,-80.03289794921875
1629751231,6042020,53L,0,6244,40.41317367553711,-79.92186737060547
1629751238,8093020,53L,0,6126,40.362003326416016,-79.93032836914062
1629751202,12727020,88,0,6368,40.44127655029297,-80.00166320800781
1629751244,10803020,69,0,6367,40.44992446899414,-79.89156341552734
1629751236,993020,93,0,6246,40.46536636352539,-79.95481872558594
1629751223,3572020,93,0,6125,40.40787887573242,-79.92643737792969
1629751246,9523020,P68,0,6360,40.398658752441406,-79.83671569824219
1629751244,11918020,59,0,6238,40.34648132324219,-79.95155334472656
1629751260,631020,61D,0,6117,40.440372467041016,-79.99470520019531
1629751239,5491020,67,0,6359,40.44810104370117,-79.89807891845703
1629751226,3810020,64,0,6237,40.40694046020508,-79.91943359375
1629751254,9742020,83,0,6252,40.44211959838867,-79.98860931396484
1629751259,6969020,81,0,6251,40.442344665527344,-80.00022888183594
1629751264,5028020,59,0,6133,40.40548324584961,-79.88551330566406
1629751100,3221020,53L,0,6253,40.435123443603516,-79.99342346191406
1629751238,4509020,55,0,6135,40.3502197265625,-79.94290161132812
1629751247,14201020,59,0,6134,40.41536331176758,-79.8480224609375
1629751253,14616020,91,0,6013,40.4602165222168,-79.97077178955078
1629751252,10913020,P78,0,6137,40.53987503051758,-79.8309097290039
1629751210,5058020,39,0,6015,40.446048736572266,-79.9891128540039
1629751240,117020,81,0,6250,40.442543029785156,-79.95741271972656
1629751250,2972020,16,0,6007,40.503379821777344,-80.07330322265625
1629751249,1509020,51,0,6127,40.34649658203125,-79.97351837158203
1629751254,13274020,56,0,6248,40.34675598144531,-79.82960510253906
1629751258,10420020,82,0,6369,40.4703254699707,-79.89322662353516
1629751261,980020,15,0,6009,40.44248580932617,-79.99970245361328
1629751259,7869020,51L,0,6129,40.38736343383789,-79.98394775390625
1629751264,11207020,54,0,6008,40.456058502197266,-79.9476089477539
1629751249,10180020,67,0,6142,40.44453811645508,-79.91658782958984
1629751236,9036020,77,0,6263,40.453060150146484,-79.75021362304688
1629751254,593020,G3,0,6021,40.452449798583984,-80.0499496459961
1629751261,13075020,75,0,6262,40.45835494995117,-79.918701171875
1629751259,13277020,77,0,6265,40.45887756347656,-79.90900421142578
1629751260,3793020,79,0,6144,40.45315933227539,-79.87348175048828
1629751250,1096020,G2,0,6023,40.443450927734375,-80.06600952148438
1629751241,8633020,P69,0,6264,40.43278121948242,-79.86567687988281
1629751230,6878020,39,0,6025,40.43280792236328,-80.00355529785156
1629751259,2186020,P68,0,6267,40.4586181640625,-79.96851348876953
1629751218,1689020,P12,0,6266,40.44563674926758,-79.71375274658203
1629751234,8696020,26,0,6027,40.439598083496094,-80.01676940917969
1629751235,113020,P69,0,6269,40.4398078918457,-79.99789428710938
1629751260,12599020,74,0,6147,40.443702697753906,-79.92059326171875
1629751255,1593020,77,0,6261,40.481590270996094,-79.82144927978516
1629751257,9821020,79,0,6140,40.4499397277832,-79.89187622070312
1629751254,11039020,77,0,6260,40.45830535888672,-79.95619201660156
1629751251,4312020,P71,0,6139,40.443546295166016,-79.99307250976562
1629751242,13303020,48,0,6017,40.44000244140625,-80.0008544921875
1629751259,12442020,86,0,6138,40.45853042602539,-79.90740966796875
1629751263,6243020,P10,0,6259,40.541072845458984,-79.78273010253906
1629751262,4494020,53L,0,6032,40.3975944519043,-79.9029312133789
1629751257,7354020,75,0,6274,40.45295715332031,-79.93627166748047
1629751259,3401020,67,0,6152,40.44441604614258,-79.94876098632812
1629751246,14171020,61B,0,6034,40.440277099609375,-79.99800872802734
1629751237,13479020,88,0,7001,40.46607971191406,-79.95086669921875
1629751234,1926020,P68,0,6275,40.42766571044922,-79.7510757446289
1629751248,6071020,71B,0,6157,40.44247055053711,-79.95751953125
1629751256,4197020,59,0,6038,40.397216796875,-79.88231658935547
1629751257,6230020,67,0,6159,40.44419479370117,-79.75891876220703
1629751259,13658020,67,0,6158,40.43762969970703,-79.82930755615234
1629751241,10335020,69,0,6270,40.39175033569336,-79.76618957519531
1629751262,13840020,74,0,6272,40.46551513671875,-79.91390228271484
1629751249,11008020,75,0,6271,40.46480178833008,-79.91938018798828
1629751255,9092020,57,0,6043,40.407230377197266,-79.91107940673828
1629751263,9185020,71C,0,6045,40.46133804321289,-79.9245834350586
1629751242,4373020,82,0,6049,40.44007873535156,-79.99378967285156
1629751242,7696020,71A,0,6048,40.45365905761719,-79.94610595703125
1629751263,4600020,69,0,6160,40.39761734008789,-79.81157684326172
1629751250,-433827710,7,1,1701,40.470848083496094,-79.98612976074219
1629751262,12548020,4,0,1708,40.490150451660156,-79.99212646484375
1629751235,8631020,11,0,1707,40.47050857543945,-80.01113891601562
1629751257,1911020,4,0,1704,40.469791412353516,-79.9820327758789
1629751253,4626020,77,0,6056,40.46250915527344,-79.85729217529297
1629751260,14503020,75,0,6059,40.43808364868164,-79.96343994140625
1629751191,8619020,11,0,1711,40.44504928588867,-79.99069213867188
1629751256,3275020,44,0,1718,40.445762634277344,-79.9896240234375
1629751243,1051020,44,0,1716,40.39914321899414,-79.98896789550781
1629751256,11307020,44,0,1713,40.385929107666016,-79.94187927246094
1629751253,5171020,40,0,1723,40.44036865234375,-80.00059509277344
1629751264,3754020,43,0,1728,40.4256706237793,-80.00820922851562
1629751238,519020,44,0,1727,40.41328811645508,-79.98770141601562
1629751254,9149020,44,0,1726,40.421043395996094,-80.00170135498047
1629751245,9686020,40,0,1724,40.443763732910156,-79.99485778808594
1629751236,8760020,2,0,5904,40.525150299072266,-80.00897979736328
1629751252,12540020,54,0,5905,40.461570739746094,-79.96875762939453
1629750981,12930020,13,0,5906,40.51776123046875,-80.03636932373047
1629751255,1300020,14,0,5907,40.486328125,-80.05416870117188
1629751260,7822020,6,0,5908,40.44602584838867,-79.98882293701172
1629751261,3940020,54,0,5909,40.44915008544922,-79.98539733886719
1629751226,6911020,54,0,5901,40.42096710205078,-80.00587463378906
1629751258,5628020,8,0,5902,40.45903015136719,-80.00782775878906
1629751231,4173020,54,0,5903,40.451717376708984,-80.00640869140625
1629751255,5250020,48,0,5917,40.41942596435547,-79.96444702148438
1629751244,8392020,24,0,5918,40.45370864868164,-80.1551742553711
1629751252,2805020,48,0,5919,40.41729736328125,-79.97615814208984
1629751173,2378020,1,0,5910,40.60045623779297,-79.75715637207031
1629751242,12112020,G3,0,5914,40.4356575012207,-80.1465835571289
1629751241,9832020,56,0,5926,40.37636947631836,-79.92060089111328
1629751264,708020,91,0,5805,40.46076583862305,-79.969970703125
1629751246,1247020,O12,0,5806,40.44144821166992,-79.9926986694336
1629751236,-1866118978,91,1,5807,40.49397659301758,-79.88967895507812
1629751261,6249020,15,0,5809,40.45719909667969,-80.01571655273438
1629751247,12488020,61C,0,5921,40.41682815551758,-79.92581939697266
1629751254,7068020,64,0,5922,40.4498176574707,-79.92071533203125
1629751247,11336020,2,0,5804,40.538116455078125,-80.01158142089844
1629751710,4356020,51,0,5816,40.380550384521484,-79.97630310058594
1629751695,6639020,P12,0,5937,40.474430084228516,-79.70748138427734
1629751712,8922020,75,0,5938,40.48714828491211,-79.88571166992188
1629751681,6050020,P7,0,5817,40.350704193115234,-79.86750793457031
1629751723,13000020,61B,0,5819,40.4440803527832,-79.93975830078125
1629751708,8208020,59,0,5931,40.34056091308594,-79.86039733886719
1629751696,7321020,O12,0,3406,40.58524703979492,-80.03130340576172
1629751706,2829020,17,0,5707,40.481658935546875,-80.0343017578125
1629751670,4697020,31,0,5708,40.44202423095703,-80.02253723144531
1629751718,6339020,O12,0,3401,40.53049850463867,-80.00987243652344
1629751704,10416020,64,0,5940,40.412269592285156,-79.90267944335938
1629751707,5225020,P76,0,5820,40.321800231933594,-79.83550262451172
1629751722,10533020,86,0,5821,40.46074676513672,-79.91570281982422
1629751666,2825020,71C,0,5943,40.4549446105957,-79.94178009033203
1629751724,6475020,91,0,5701,40.48746871948242,-79.93984985351562
1629751720,7534020,16,0,5702,40.45615005493164,-80.00308990478516
1629751667,3765020,P71,0,5944,40.415138244628906,-79.87940979003906
1629751724,-600584580,75,1,5945,40.45109176635742,-79.9420166015625
1629751721,11991020,6,0,5705,40.45885467529297,-79.99516296386719
1629751709,12175020,71D,0,3420,40.44985580444336,-79.89168548583984
1629751710,1573020,71C,0,3417,40.46086883544922,-79.92326354980469
1629751715,9099020,74,0,5717,40.46820068359375,-79.90680694580078
1629751717,6107020,71D,0,3416,40.448917388916016,-79.93255615234375
1629751684,-909946434,P16,1,5718,40.444366455078125,-79.84149169921875
1629751719,3321020,71B,0,3415,40.44705581665039,-79.94881439208984
1629751712,3262020,71C,0,3412,40.455482482910156,-79.93997955322266
1629751710,252020,82,0,3411,40.451332092285156,-79.9538803100586
1629751663,6242020,P10,0,3410,40.450721740722656,-79.98123168945312
1629751706,3135020,21,0,5713,40.442562103271484,-80.02410888671875
1629751688,2406020,71D,0,3418,40.438690185546875,-79.98825073242188
1629751694,13985020,61D,0,3307,40.4444694519043,-79.94802856445312
1629751710,6666020,P3,0,3306,40.446502685546875,-79.95188903808594
1629751722,3074020,P3,0,3305,40.414791107177734,-79.87857055664062
1629751704,12345020,71B,0,3425,40.44056701660156,-79.99531555175781
1629751724,6441020,G2,0,3303,40.441795349121094,-80.00251770019531
1629751698,8709020,P1,0,3423,40.45940017700195,-79.92324829101562
1629751724,12319020,71D,0,3421,40.43800354003906,-79.9776611328125
1629751720,1368020,P78,0,5721,40.51863479614258,-79.84303283691406
1629751726,-362979994,87,1,5722,40.46303939819336,-79.95599365234375
1629751677,8333020,P3,0,3308,40.437705993652344,-79.9647445678711
1629751709,2992020,P1,0,3321,40.437747955322266,-79.88582611083984
1629751713,8411020,P1,0,3320,40.41489028930664,-79.8792495727539
1629751710,11195020,61D,0,3318,40.41067123413086,-79.90737915039062
1629751725,3028020,61A,0,3317,40.43907165527344,-79.9946517944336
1629751714,4890020,61C,0,3315,40.4373779296875,-79.97952270507812
1629751712,3270020,61B,0,3313,40.43856430053711,-79.98529815673828
1629751707,12184020,61D,0,3311,40.437530517578125,-79.98218536376953
1629751724,6430020,31,0,5611,40.44157409667969,-80.00318145751953
1629751721,7729020,65,0,5614,40.435611724853516,-79.98238372802734
1629751702,12758020,P1,0,3332,40.45471954345703,-79.93512725830078
1629751724,774020,71D,0,3210,40.4421272277832,-80.00139617919922
1629751693,1010020,P1,0,3331,40.45484924316406,-79.9437484741211
1629751720,13700020,71A,0,3330,40.438446044921875,-79.98253631591797
1629751715,8535020,71B,0,3208,40.44083023071289,-80.0006332397461
1629751703,14080020,P78,0,3329,40.439979553222656,-79.99835205078125
1629751702,6073020,61D,0,3207,40.43875503540039,-79.98965454101562
1629751714,14354020,P1,0,3328,40.45623779296875,-79.93328857421875
1629751717,1045020,61B,0,3206,40.437808990478516,-79.8968276977539
1629751704,1918020,71A,0,3327,40.43766784667969,-79.98529052734375
1629751699,4349020,28X,0,3326,40.44502639770508,-80.02922058105469
1629751693,8339020,61C,0,3205,40.44504165649414,-79.95393371582031
1629751714,585020,61D,0,3202,40.40693283081055,-79.91944122314453
1629751706,6125020,71B,0,3323,40.450889587402344,-79.92655181884766
1629751709,5478020,61A,0,3201,40.4434928894043,-79.95610809326172
1629751725,13381020,21,0,6610,40.517215728759766,-80.16056060791016
1629751699,7433020,P10,0,3220,40.497005462646484,-79.86958312988281
1629751709,50020,71C,0,3340,40.437896728515625,-79.99011993408203
1629751712,9118020,71A,0,3219,40.44026184082031,-79.99614715576172
1629751687,3209020,13,0,6608,40.45390319824219,-80.00189208984375
1629751718,13088020,P12,0,3339,40.442726135253906,-79.8790283203125
1629751697,-159193154,P67,1,3218,40.4271125793457,-79.79219818115234
1629751714,779020,P1,0,3338,40.45952606201172,-79.96553802490234
1629751725,12877020,71C,0,3337,40.4417610168457,-80.00248718261719
1629751726,5237020,71A,0,3335,40.47616958618164,-79.92093658447266
1629751702,1083020,P1,0,3213,40.44365692138672,-79.99352264404297
1629751700,10479020,P67,0,3334,40.45604705810547,-79.93354034423828
1629751575,7216020,15,0,6603,40.47080993652344,-80.0096206665039
1629751720,11993020,29,0,5634,40.44274139404297,-80.03243255615234
1629751726,11755020,17,0,6602,40.44746017456055,-80.00188446044922
1629751722,14485020,54,0,6605,40.42098617553711,-79.98542022705078
1629751722,3700020,18,0,6606,40.45404052734375,-80.02633666992188
1629751719,6737020,83,0,6620,40.43972396850586,-79.96126556396484
1629751726,7448020,53L,0,6619,40.3416633605957,-79.94391632080078
1629751692,7190020,O1,0,3229,40.49538803100586,-80.0145034790039
1629751699,466020,28X,0,3226,40.450199127197266,-79.92843627929688
1629751708,3381020,71B,0,3225,40.479469299316406,-79.91986083984375
1629751725,6251020,31,0,6611,40.37386703491211,-80.09913635253906
1629751703,11581020,21,0,6614,40.50278091430664,-80.10179901123047
1629751695,13813020,29,0,6613,40.45143127441406,-80.17284393310547
1629751705,1208020,24,0,6615,40.440948486328125,-80.00410461425781
1629751701,10056020,Y47,0,6618,40.34143829345703,-79.94438934326172
1629751726,13979020,51,0,6617,40.42072296142578,-79.98600769042969
1629751697,12052020,51,0,5660,40.428627014160156,-79.99443054199219
1629751724,7620020,51,0,6630,40.38608932495117,-79.97930145263672
1629751680,6733020,2,0,6511,40.53858947753906,-79.97222900390625
1629751726,6466020,14,0,6510,40.55904769897461,-80.20064544677734
1629751707,9189020,Y1,0,6631,40.43281173706055,-80.00355529785156
1629751712,8170020,61B,0,3244,40.43962860107422,-79.9964828491211
1629751724,13191020,71C,0,3240,40.44614791870117,-79.8921890258789
1629751690,7623020,G2,0,3238,40.40812683105469,-80.08959197998047
1629751698,4129020,52L,0,5654,40.3669319152832,-79.87155151367188
1629751702,7992020,91,0,6502,40.49178695678711,-79.93826293945312
1629751720,8602020,17,0,6501,40.500370025634766,-80.02229309082031
1629751717,759020,51,0,5655,40.393035888671875,-79.98648071289062
1629751705,9866020,59,0,6622,40.38437271118164,-79.86763763427734
1629751708,979020,93,0,6625,40.48276138305664,-79.94834899902344
1629751702,14061020,14,0,6503,40.52271270751953,-80.14717864990234
1629751726,1426020,Y46,0,6624,40.292938232421875,-79.90928649902344
1629751692,9613020,8,0,6506,40.51731872558594,-80.0364761352539
1629751713,11107020,93,0,6627,40.44689178466797,-79.94932556152344
1629751701,11470020,53L,0,6626,40.34328842163086,-79.94198608398438
1629751725,9135020,54,0,6505,40.44440841674805,-79.95482635498047
1629751724,4586020,59,0,6629,40.42026138305664,-79.88468170166016
1629751725,1200020,8,0,6508,40.461395263671875,-80.01361083984375
1629751713,14716020,1,0,6507,40.526222229003906,-79.85098266601562
1629751708,8862020,87,0,5670,40.460601806640625,-79.96868896484375
1629751723,1631020,26,0,6520,40.4481201171875,-80.0679931640625
1629751675,1161020,71D,0,6640,40.45096206665039,-79.92637634277344
1629751701,12524020,67,0,6643,40.43010711669922,-79.79981994628906
1629751718,9276020,8,0,6401,40.517539978027344,-80.0368881225586
1629751723,3759020,61C,0,3255,40.40547180175781,-79.8853759765625
1629751672,1588020,61A,0,3253,40.438053131103516,-79.92305755615234
1629751718,1104020,61C,0,3252,40.444698333740234,-79.94375610351562
1629751710,10862020,61A,0,3251,40.44026184082031,-79.99897003173828
1629751719,4493020,P7,0,3248,40.442928314208984,-79.99800109863281
1629751723,12105020,61B,0,3247,40.40327835083008,-79.86856842041016
1629751715,1023020,51,0,6634,40.44200897216797,-79.99951934814453
1629751720,12683020,15,0,6512,40.44745635986328,-80.00188446044922
1629751706,13015020,51L,0,6633,40.43721389770508,-80.00057220458984
1629751701,12584020,20,0,6515,40.468116760253906,-80.09823608398438
1629751726,1363020,69,0,6636,40.403324127197266,-79.82305145263672
1629751708,1850020,P16,0,5667,40.45004653930664,-79.83982849121094
1629751702,5116020,28X,0,6638,40.44708251953125,-79.9423828125
1629751679,5919020,G31,0,6517,40.44356918334961,-79.99330139160156
1629751705,1242020,41,0,6516,40.386940002441406,-80.04377746582031
1629751710,291020,38,0,6519,40.42298889160156,-80.04042053222656
1629751710,10438020,31,0,6518,40.362911224365234,-80.11038970947266
1629751721,6796020,87,0,6650,40.464481353759766,-79.93008422851562
1629751725,2943020,2,0,6410,40.50168991088867,-79.94500732421875
1629751710,1199020,61D,0,6531,40.42996597290039,-79.9234619140625
1629751716,13427020,71C,0,6652,40.44062423706055,-79.88700103759766
1629751698,11357020,61C,0,6530,40.42116928100586,-79.92864990234375
1629751722,10887020,P78,0,6651,40.45220947265625,-79.86091613769531
1629751724,10273020,14,0,6412,40.59194564819336,-80.22747802734375
1629751717,4191020,82,0,6654,40.445289611816406,-79.97602844238281
1629751704,4937020,61C,0,6532,40.41976547241211,-79.92821502685547
1629751711,5394020,8,0,6411,40.5093879699707,-80.02848052978516
1629751721,3165020,P1,0,3260,40.44831466674805,-79.98560333251953
1629751709,11119020,P1,0,3259,40.41842269897461,-79.88562774658203
1629751665,14455020,P1,0,3258,40.41886901855469,-79.8860855102539
1629751720,6647020,56,0,6524,40.34527587890625,-79.82684326171875
1629751712,7217020,O5,0,6403,40.44277572631836,-79.99663543701172
1629751697,8682020,36,0,6523,40.33989334106445,-80.05427551269531
1629751726,4477020,91,0,6402,40.45689010620117,-79.97408294677734
1629751720,6181020,19L,0,6405,40.4674072265625,-80.03533172607422
1629751714,9795020,56,0,6526,40.434078216552734,-79.96536254882812
1629751704,1998020,13,0,6404,40.4937744140625,-80.05194091796875
1629751707,3586020,55,0,6525,40.3247184753418,-79.89246368408203
1629751721,8090020,79,0,6646,40.470645904541016,-79.86698150634766
1629751725,4364020,16,0,6407,40.50368118286133,-80.07437133789062
1629751717,6678020,61D,0,6528,40.40861129760742,-79.9156723022461
1629751726,9004020,87,0,6649,40.48013687133789,-79.9337158203125
1629751718,8230020,91,0,6406,40.490028381347656,-79.8701400756836
1629751724,6484020,Y45,0,6527,40.433349609375,-80.003173828125
1629751686,2220020,Y46,0,6529,40.292381286621094,-79.91548156738281
1629751723,3255020,52L,0,6540,40.40921401977539,-79.89940643310547
1629751716,8096020,29,0,6421,40.4510498046875,-80.18671417236328
1629751702,8332020,P71,0,6542,40.4236946105957,-79.89595031738281
1629751724,7100020,1,0,6302,40.449378967285156,-80.00251007080078
1629751725,4879020,82,0,6544,40.46791076660156,-79.89694213867188
1629751711,9911020,16,0,6301,40.451541900634766,-80.0010986328125
1629751716,6978020,P16,0,6543,40.446781158447266,-79.88875579833984
1629751719,8115020,57,0,6535,40.4395751953125,-80.0047836303711
1629751697,9825020,8,0,6414,40.51720428466797,-80.03614807128906
1629751727,12770020,61A,0,6534,40.4417724609375,-79.88186645507812
1629751715,7139020,91,0,6413,40.488121032714844,-79.89369201660156
1629751707,7857020,41,0,6416,40.37649154663086,-80.06742858886719
1629751722,10716020,20,0,6415,40.502262115478516,-80.12256622314453
1629751726,4798020,60,0,6538,40.35207748413086,-79.85851287841797
1629751717,8310020,28X,0,6551,40.49674987792969,-80.26722717285156
1629751718,12193020,61A,0,6432,40.44089126586914,-79.8905029296875
1629751698,3731020,75,0,6553,40.42802810668945,-79.9669189453125
1629751702,2020020,1,0,6310,40.60049819946289,-79.75720977783203
1629751714,11792020,P17,0,6552,40.441471099853516,-80.00232696533203
1629751683,13001020,58,0,6555,40.43507766723633,-79.99320983886719
1629751727,1534020,6,0,6313,40.45349884033203,-80.0006103515625
1629751701,9439020,71C,0,6546,40.45720672607422,-79.93423461914062
1629751715,13676020,89,0,6545,40.472198486328125,-79.93787384033203
1629751723,9271020,12,0,6306,40.45152282714844,-80.00110626220703
1629751726,-627841275,87,1,6548,40.443477630615234,-79.99602508544922
1629751725,2495020,71D,0,6547,40.44662857055664,-79.88847351074219
1629751720,11102020,91,0,6305,40.500370025634766,-79.86101531982422
1629751709,6822020,G3,0,6426,40.44171905517578,-80.00261688232422
1629751722,3009020,12,0,6308,40.54616165161133,-80.01995849609375
1629751724,12300020,56,0,6429,40.354270935058594,-79.91300964355469
1629751711,5379020,71D,0,6549,40.4549674987793,-79.8990249633789
1629751715,8574020,38,0,6320,40.407901763916016,-80.05083465576172
1629751693,3239020,61D,0,6441,40.4089241027832,-79.9170150756836
1629751704,7361020,55,0,6443,40.32448196411133,-79.94368743896484
1629751721,1343020,91,0,6201,40.46413803100586,-79.9661865234375
1629751706,9571020,61A,0,6442,40.414772033691406,-79.85379028320312
1629751720,11382020,12,0,6203,40.57270431518555,-80.01665496826172
1629751719,9831020,27,0,6324,40.44377899169922,-80.02745056152344
1629751715,13069020,16,0,6202,40.45443344116211,-80.01219940185547
1629751705,6286020,39,0,6323,40.44350051879883,-79.99584197998047
1629751719,14569020,17,0,6315,40.469825744628906,-80.0262680053711
1629751722,9086020,Y46,0,6436,40.40827941894531,-80.00582885742188
1629751694,12296020,88,0,6556,40.45639419555664,-79.91593170166016
1629751725,4681020,O5,0,6314,40.55204772949219,-80.00247955322266
1629751717,10157020,64,0,6438,40.46244430541992,-79.94672393798828
1629751239,12738020,54,0,6316,40.408809661865234,-79.99154663085938
1629751725,1189020,P68,0,6558,40.40528869628906,-79.82826232910156
1629751718,14608020,26,0,6318,40.44097900390625,-80.07276916503906
1629751698,13720020,52L,0,6439,40.36204147338867,-79.86566162109375
1629751727,5395020,G31,0,6331,40.38922882080078,-80.08869171142578
1629751727,3652020,59,0,6333,40.34574508666992,-79.95381927490234
1629751704,7241020,38,0,6332,40.38682174682617,-80.04472351074219
1629751720,1600020,75,0,6453,40.43874740600586,-79.96251678466797
1629751707,3070020,71B,0,6456,40.4609375,-79.9249038696289
1629751719,2552020,Y46,0,6335,40.38239288330078,-79.9956283569336
1629751726,9011020,61A,0,6334,40.40379333496094,-79.86790466308594
1629751713,2209020,P10,0,6455,40.541908264160156,-79.77513885498047
1629751718,9992020,27,0,6326,40.4411506652832,-80.06876373291016
1629751726,6439020,61A,0,6447,40.41600799560547,-79.87906646728516
1629751720,-551222955,91,1,6205,40.45450210571289,-79.97789764404297
1629751720,8542020,20,0,6325,40.48194885253906,-80.1108627319336
1629751714,12570020,67,0,6449,40.44192123413086,-79.95647430419922
1629751707,11444020,8,0,6206,40.50362014770508,-80.025390625
1629751716,14543020,Y47,0,6448,40.34782409667969,-79.95160675048828
1629751712,6079020,12,0,6209,40.586769104003906,-80.04133605957031
1629751722,1438020,61A,0,6340,40.43783950805664,-79.93070983886719
1629751721,8992020,86,0,6461,40.44621276855469,-79.88829040527344
1629751724,2313020,20,0,6221,40.4427490234375,-80.00425720214844
1629751724,2260020,61B,0,6342,40.4379997253418,-79.9195785522461
1629751718,596020,87,0,6462,40.478981018066406,-79.95531463623047
1629751723,6972020,16,0,6102,40.50374984741211,-80.0744857788086
1629751715,9902020,27,0,6223,40.458465576171875,-80.06950378417969
1629751726,4897020,P76,0,6343,40.4221076965332,-79.85446166992188
1629751717,1530020,61B,0,6346,40.415164947509766,-79.8830795288086
1629751722,6452020,91,0,6104,40.48786163330078,-79.88887786865234
1629751704,7962020,G2,0,6225,40.4422492980957,-80.02320861816406
1629751701,7876020,22,0,6224,40.468318939208984,-80.09847259521484
1629751721,9157020,Y47,0,6337,40.441871643066406,-79.9989242553711
1629751698,3880020,P7,0,6336,40.422977447509766,-79.88636016845703
1629751704,8917020,51,0,6339,40.372005462646484,-79.97532653808594
1629751702,8302020,G3,0,6218,40.50397491455078,-80.22521209716797
1629751706,11915020,41,0,6217,40.35087966918945,-80.10497283935547
1629751711,9449020,83,0,6338,40.44274139404297,-79.99657440185547
1629751706,4410020,P10,0,6459,40.47936248779297,-79.90789031982422
1629751717,11541020,29,0,6219,40.44291305541992,-79.9980697631836
1629751727,3853020,36,0,6230,40.4344596862793,-80.01997375488281
1629751718,14615020,P3,0,6351,40.45917510986328,-79.9239273071289
1629751727,5154020,51,0,6353,40.428680419921875,-79.98899841308594
1629751664,13052020,61C,0,6111,40.43999481201172,-79.99442291259766
1629751721,3503020,22,0,6110,40.47246551513672,-80.0561294555664
1629751718,9717020,41,0,6231,40.441593170166016,-79.99826049804688
1629751722,11814020,59,0,6113,40.364051818847656,-79.84844207763672
1629751718,5613020,61C,0,6355,40.43893051147461,-79.99401092529297
1629751705,1047020,P3,0,6233,40.45700454711914,-79.91033935546875
1629751723,8718020,81,0,6236,40.429927825927734,-79.97613525390625
1629751719,5899020,83,0,6115,40.44253921508789,-79.9574203491211
1629751717,1061020,93,0,6357,40.41136169433594,-79.94445037841797
1629751700,10920020,P76,0,6114,40.32291793823242,-79.83387756347656
1629751707,11865020,1,0,6106,40.44340133666992,-79.99644470214844
1629751716,11548020,61D,0,6348,40.41093826293945,-79.90693664550781
1629751713,11577020,54,0,6105,40.43727111816406,-79.97261047363281
1629751725,13928020,79,0,6468,40.47016525268555,-79.8670425415039
1629751678,2408020,24,0,6229,40.46522903442383,-80.06033325195312
1629751723,1880020,51,0,6241,40.436805725097656,-80.00115966796875
1629751726,11778020,59,0,6240,40.40214157104492,-79.83203887939453
1629751715,1714020,61B,0,6122,40.417842864990234,-79.88790130615234
1629751711,7434020,P13,0,6001,40.45600128173828,-79.99152374267578
1629751705,10008020,Y49,0,6243,40.42055892944336,-80.00794982910156
1629751722,3140020,Y49,0,6242,40.36700439453125,-79.96350860595703
1629751712,3360020,Y49,0,6121,40.344425201416016,-79.94804382324219
1629751716,2716020,12,0,6003,40.542625427246094,-80.01167297363281
1629751710,8134020,61A,0,6124,40.44026565551758,-79.88036346435547
1629751697,5343020,86,0,6366,40.44242858886719,-79.99990844726562
1629751716,14483020,13,0,6002,40.50210189819336,-80.05448150634766
1629751720,6042020,53L,0,6244,40.4024543762207,-79.90745544433594
1629751707,8093020,53L,0,6126,40.362003326416016,-79.93032836914062
1629751703,12727020,88,0,6368,40.451622009277344,-79.98175048828125
1629751705,921020,69,0,6367,40.44992446899414,-79.89156341552734
1629751709,993020,93,0,6246,40.4498176574707,-79.95074462890625
1629751721,3572020,93,0,6125,40.40507125854492,-79.93628692626953
1629751698,9523020,P68,0,6360,40.40853500366211,-79.8497314453125
1629751717,11918020,59,0,6238,40.349159240722656,-79.93600463867188
1629751724,631020,61D,0,6117,40.44160842895508,-80.00257110595703
1629751712,5491020,67,0,6359,40.44211196899414,-79.88288116455078
1629751706,3810020,64,0,6237,40.412288665771484,-79.92057037353516
1629751672,2275020,51L,0,6239,40.43706512451172,-80.00166320800781
1629751725,9742020,83,0,6252,40.450096130371094,-79.9738540649414
1629751725,6969020,81,0,6251,40.44211196899414,-79.98863983154297
1629751718,5028020,59,0,6133,40.41078186035156,-79.91069793701172
1629751714,14201020,59,0,6134,40.4018440246582,-79.86661529541016
1629751717,10913020,P78,0,6137,40.53993225097656,-79.83081817626953
1629751700,5058020,39,0,6015,40.443565368652344,-79.99290466308594
1629751714,117020,81,0,6250,40.44097900390625,-79.97344970703125
1629751724,2972020,16,0,6007,40.49238586425781,-80.04916381835938
1629751707,1509020,51,0,6127,40.34360122680664,-79.94481658935547
1629751720,3869020,56,0,6248,40.34320831298828,-79.82914733886719
1629751666,10420020,82,0,6369,40.460853576660156,-79.91498565673828
1629751713,980020,15,0,6009,40.44550704956055,-79.98995971679688
1629751685,11207020,54,0,6008,40.462127685546875,-79.949951171875
1629751698,10180020,67,0,6142,40.444480895996094,-79.947509765625
1629751716,9036020,77,0,6263,40.453060150146484,-79.75021362304688
1629751670,593020,G3,0,6021,40.41490173339844,-80.08313751220703
1629751720,13075020,75,0,6262,40.47148895263672,-79.92604064941406
1629751714,13277020,77,0,6265,40.4608268737793,-79.86753845214844
1629751692,3793020,79,0,6144,40.44450759887695,-79.88433074951172
1629751724,1096020,G2,0,6023,40.440338134765625,-80.01825714111328
1629751711,8633020,P69,0,6264,40.40415954589844,-79.83821868896484
1629751716,6878020,39,0,6025,40.401268005371094,-80.01770782470703
1629751689,2186020,P68,0,6267,40.453216552734375,-79.89985656738281
1629751701,1689020,P12,0,6266,40.47438049316406,-79.70747375488281
1629751726,12810020,26,0,6027,40.439605712890625,-80.01679229736328
1629751724,4848020,P69,0,6269,40.44242858886719,-79.99990844726562
1629751721,12599020,74,0,6147,40.432857513427734,-79.91837310791016
1629751722,1593020,77,0,6261,40.490360260009766,-79.78275299072266
1629751715,2577020,79,0,6140,40.44994354248047,-79.89189147949219
1629751606,11039020,77,0,6260,40.446414947509766,-79.98749542236328
1629751720,853020,P71,0,6139,40.44126510620117,-79.99549865722656
1629751696,11409020,48,0,6017,40.43674087524414,-80.00090789794922
1629751710,12442020,86,0,6138,40.46101760864258,-79.92366790771484
1629751711,6243020,P10,0,6259,40.58770751953125,-79.77613830566406
1629751695,4494020,53L,0,6032,40.40822219848633,-79.91213989257812
1629751695,7354020,75,0,6274,40.44561004638672,-79.95315551757812
1629751715,6468020,56,0,6031,40.40586853027344,-79.94290161132812
1629751727,3401020,67,0,6152,40.4439582824707,-79.91993713378906
1629751713,14171020,61B,0,6034,40.43763732910156,-79.98444366455078
1629751723,13479020,88,0,7001,40.45747375488281,-79.97473907470703
1629751718,1926020,P68,0,6275,40.43642807006836,-79.7802505493164
1629751700,6071020,71B,0,6157,40.447391510009766,-79.94307708740234
1629751701,4197020,59,0,6038,40.397647857666016,-79.88140869140625
1629751713,6230020,67,0,6159,40.45304870605469,-79.750244140625
1629751698,13658020,67,0,6158,40.43278121948242,-79.79931640625
1629751704,12005020,69,0,6270,40.38619613647461,-79.75210571289062
1629751676,13840020,74,0,6272,40.47791290283203,-79.89868927001953
1629751708,11008020,75,0,6271,40.45844650268555,-79.9269790649414
1629751701,9092020,57,0,6043,40.41050338745117,-79.9259262084961
1629751719,9185020,71C,0,6045,40.44959259033203,-79.90254211425781
1629751721,4373020,82,0,6049,40.44176483154297,-80.00247955322266
1629751698,7696020,71A,0,6048,40.457122802734375,-79.93450164794922
1629751674,4600020,69,0,6160,40.40587615966797,-79.83967590332031
1629751711,-433827710,7,1,1701,40.48720932006836,-80.00547790527344
1629751698,12548020,4,0,1708,40.501522064208984,-80.021728515625
1629751705,8631020,11,0,1707,40.455810546875,-80.00674438476562
1629751676,1911020,4,0,1704,40.468406677246094,-79.97936248779297
1629751724,4626020,77,0,6056,40.4580078125,-79.89900970458984
1629751722,14503020,75,0,6059,40.42832946777344,-79.97319030761719
1629751690,8619020,11,0,1711,40.44504928588867,-79.99069213867188
1629751694,11833020,11,0,1710,40.44319152832031,-79.99703216552734
1629751665,3275020,44,0,1718,40.44341278076172,-79.99600219726562
1629751707,1051020,44,0,1716,40.4159049987793,-79.98812103271484
1629751722,2035020,44,0,1713,40.38541030883789,-79.96073150634766
1629751671,5171020,40,0,1723,40.445716857910156,-79.9897232055664
1629751669,6992020,38,0,1729,40.439937591552734,-80.00608825683594
1629751682,3754020,43,0,1728,40.4210090637207,-80.00566864013672
1629751716,519020,44,0,1727,40.3936882019043,-79.98319244384766
1629751724,9149020,44,0,1726,40.41658020019531,-79.99066162109375
1629751690,9686020,40,0,1724,40.43989562988281,-79.9988021850586
1629751703,3687020,2,0,5904,40.52288818359375,-80.00531005859375
1629751715,12540020,54,0,5905,40.45474624633789,-79.99430847167969
1629751724,1300020,14,0,5907,40.44871139526367,-80.0240478515625
1629751721,7822020,6,0,5908,40.446014404296875,-79.98882293701172
1629751721,3940020,54,0,5909,40.46144485473633,-79.96703338623047
1629751684,6911020,54,0,5901,40.420982360839844,-80.00587463378906
1629751714,5628020,8,0,5902,40.456138610839844,-80.00286865234375
1629751706,21020,54,0,5903,40.45201110839844,-80.00650787353516
1629751722,5250020,48,0,5917,40.41920471191406,-79.98924255371094
1629751725,8392020,24,0,5918,40.453731536865234,-80.15518951416016
1629751724,2805020,48,0,5919,40.427371978759766,-79.96842193603516
1629751678,2378020,1,0,5910,40.60184860229492,-79.75769805908203
1629751718,819020,G2,0,5913,40.4063606262207,-80.08999633789062
1629751695,12112020,G3,0,5914,40.41516876220703,-80.08308410644531
1629751727,9832020,56,0,5926,40.35219192504883,-79.90740966796875
1629751716,708020,91,0,5805,40.478755950927734,-79.95545196533203
1629751725,1247020,O12,0,5806,40.512481689453125,-80.0038833618164
1629751721,-1866118978,91,1,5807,40.48851776123047,-79.89350128173828
1629751722,6249020,15,0,5809,40.475074768066406,-80.00164031982422
1629751714,12488020,61C,0,5921,40.408660888671875,-79.89527130126953
1629751712,7068020,64,0,5922,40.43524169921875,-79.92284393310547
1629751670,11336020,2,0,5804,40.525150299072266,-80.00897979736328
1629752170,4356020,51,0,5816,40.38051223754883,-79.97628021240234
1629752177,6639020,P12,0,5937,40.43132781982422,-79.72970581054688
1629752170,12510020,P7,0,5817,40.35236358642578,-79.85387420654297
1629752157,13000020,61B,0,5819,40.44169616699219,-79.95861053466797
1629752179,8208020,59,0,5931,40.34455108642578,-79.88423156738281
1629752157,7321020,O12,0,3406,40.58524703979492,-80.03130340576172
1629752176,2829020,17,0,5707,40.50017166137695,-80.03276062011719
1629752161,4697020,31,0,5708,40.44361114501953,-80.02703094482422
1629752184,7280020,O12,0,3403,40.58540344238281,-80.03602600097656
1629752184,6339020,O12,0,3401,40.48237609863281,-80.00777435302734
1629752131,10416020,64,0,5940,40.411136627197266,-79.90630340576172
1629752183,5225020,P76,0,5820,40.34321975708008,-79.79972076416016
1629752164,10533020,86,0,5821,40.45551681518555,-79.88821411132812
1629752176,2825020,71C,0,5943,40.463382720947266,-79.93051147460938
1629752165,6475020,91,0,5701,40.49459457397461,-79.9257583618164
1629752178,6303020,16,0,5702,40.44343566894531,-80.0003662109375
1629752158,3765020,P71,0,5944,40.41514205932617,-79.87940979003906
1629752142,-600584580,75,1,5945,40.459049224853516,-79.9239273071289
1629752164,11991020,6,0,5705,40.47505569458008,-80.00164031982422
1629752182,12175020,71D,0,3420,40.45258712768555,-79.8885269165039
1629752169,1573020,71C,0,3417,40.456058502197266,-79.93816375732422
1629752170,9099020,74,0,5717,40.460201263427734,-79.92131805419922
1629752174,6107020,71D,0,3416,40.44176483154297,-79.9585189819336
1629752125,-909946434,P16,1,5718,40.449363708496094,-79.891357421875
1629752181,3321020,71B,0,3415,40.438079833984375,-79.96344757080078
1629752157,3262020,71C,0,3412,40.45024108886719,-79.95100402832031
1629752168,252020,82,0,3411,40.45673370361328,-79.93579864501953
1629752158,6242020,P10,0,3410,40.459835052490234,-79.9178466796875
1629752183,3135020,21,0,5713,40.46397018432617,-80.0547866821289
1629752171,2406020,71D,0,3418,40.44202423095703,-80.00141143798828
1629752126,13985020,61D,0,3307,40.4416389465332,-79.95867919921875
1629752170,6666020,P3,0,3306,40.457088470458984,-79.94969177246094
1629752180,3074020,P3,0,3305,40.415470123291016,-79.88070678710938
1629752153,11016020,71B,0,3425,40.43962478637695,-79.99654388427734
1629752183,6441020,G2,0,3303,40.44112014770508,-80.01986694335938
1629752181,9231020,P12,0,3424,40.43756866455078,-79.87779235839844
1629752133,8709020,P1,0,3423,40.45267105102539,-79.97771453857422
1629752173,12319020,71D,0,3421,40.44124984741211,-79.95906066894531
1629752170,1368020,P78,0,5721,40.535396575927734,-79.84249114990234
1629752156,-362979994,87,1,5722,40.46232986450195,-79.94520568847656
1629752178,14041020,P3,0,3308,40.437774658203125,-79.9652328491211
1629752140,2992020,P1,0,3321,40.41484832763672,-79.87882995605469
1629752177,8411020,P1,0,3320,40.42486572265625,-79.88603210449219
1629752164,11195020,61D,0,3318,40.40726089477539,-79.91915130615234
1629752166,3028020,61A,0,3317,40.44197082519531,-80.00162506103516
1629752154,4890020,61C,0,3315,40.44217300415039,-79.95606231689453
1629752177,3270020,61B,0,3313,40.43975067138672,-79.99418640136719
1629752182,12184020,61D,0,3311,40.441707611083984,-79.95677185058594
1629752178,6430020,31,0,5611,40.44375228881836,-79.99437713623047
1629752162,7729020,65,0,5614,40.434303283691406,-79.94145202636719
1629752183,12758020,P1,0,3332,40.44926452636719,-79.8912582397461
1629752162,3943020,71D,0,3210,40.44053649902344,-79.99504089355469
1629752155,12993020,P1,0,3331,40.443809509277344,-79.99488830566406
1629752137,13700020,71A,0,3330,40.440345764160156,-79.99463653564453
1629752155,8535020,71B,0,3208,40.44021987915039,-79.99462127685547
1629752175,4390020,P78,0,3329,40.44351577758789,-79.99555206298828
1629752185,6073020,61D,0,3207,40.442344665527344,-79.99988555908203
1629752153,14354020,P1,0,3328,40.448726654052734,-79.89051818847656
1629752171,1045020,61B,0,3206,40.437835693359375,-79.93075561523438
1629752182,1918020,71A,0,3327,40.44068145751953,-79.9598388671875
1629752178,4349020,28X,0,3326,40.41477584838867,-80.08341217041016
1629752184,8339020,61C,0,3205,40.43856430053711,-79.98529815673828
1629752182,960020,71A,0,3325,40.47086715698242,-79.92655181884766
1629752124,585020,61D,0,3202,40.40781021118164,-79.9136734008789
1629752185,6125020,71B,0,3323,40.4454345703125,-79.95339965820312
1629752180,5478020,61A,0,3201,40.43785095214844,-79.97319793701172
1629752176,13381020,21,0,6610,40.53644943237305,-80.18435668945312
1629752174,7433020,P10,0,3220,40.484222412109375,-79.90811157226562
1629752181,50020,71C,0,3340,40.439632415771484,-79.96128845214844
1629752177,9118020,71A,0,3219,40.437530517578125,-79.98223876953125
1629752179,3209020,13,0,6608,40.460384368896484,-80.0267562866211
1629752185,13088020,P12,0,3339,40.45347213745117,-79.93868255615234
1629752169,-159193154,P67,1,3218,40.42723846435547,-79.79151153564453
1629752183,779020,P1,0,3338,40.453731536865234,-79.90113067626953
1629752184,10837020,P10,0,3217,40.441341400146484,-80.00494384765625
1629752129,8048020,71C,0,3337,40.440311431884766,-79.99505615234375
1629752183,5237020,71A,0,3335,40.45933532714844,-79.9332046508789
1629752181,13378020,86,0,3214,40.44751739501953,-79.88935089111328
1629752177,663020,P1,0,3213,40.44095230102539,-79.9957046508789
1629752162,10479020,P67,0,3334,40.44326400756836,-79.88713073730469
1629752154,5712020,P12,0,3212,40.44198989868164,-80.00154113769531
1629752181,7216020,15,0,6603,40.45532989501953,-80.00697326660156
1629752183,11993020,29,0,5634,40.442508697509766,-80.05986022949219
1629752182,11755020,17,0,6602,40.45521926879883,-80.008056640625
1629752185,14485020,54,0,6605,40.410099029541016,-79.99667358398438
1629752178,3700020,18,0,6606,40.44972610473633,-80.0180892944336
1629752182,6737020,83,0,6620,40.42946243286133,-79.9761734008789
1629752166,7448020,53L,0,6619,40.34874725341797,-79.93903350830078
1629752152,466020,28X,0,3226,40.44471740722656,-79.94384002685547
1629752171,3557020,71A,0,3225,40.4754638671875,-79.92453002929688
1629752160,6251020,31,0,6611,40.39044189453125,-80.08799743652344
1629752178,11581020,21,0,6614,40.470237731933594,-80.06031799316406
1629752138,13813020,29,0,6613,40.456329345703125,-80.19293975830078
1629752129,9655020,24,0,6615,40.44131088256836,-80.02042388916016
1629752175,10056020,Y47,0,6618,40.33114242553711,-79.92538452148438
1629752152,13979020,51,0,6617,40.42873764038086,-79.98690032958984
1629752179,12052020,51,0,5660,40.4318962097168,-80.00331115722656
1629752105,7620020,51,0,6630,40.36534881591797,-79.98262786865234
1629752182,6733020,2,0,6511,40.50416564941406,-79.94915008544922
1629752172,6466020,14,0,6510,40.53632736206055,-80.17657470703125
1629752181,9189020,Y1,0,6631,40.400230407714844,-80.00146484375
1629752164,8170020,61B,0,3244,40.437721252441406,-79.9861831665039
1629752162,13191020,71C,0,3240,40.45978546142578,-79.92063903808594
1629752161,2598020,G2,0,3238,40.405521392822266,-80.0907974243164
1629752170,4129020,52L,0,5654,40.39881134033203,-79.8854751586914
1629752174,7992020,91,0,6502,40.47068786621094,-79.96031188964844
1629752172,8602020,17,0,6501,40.500125885009766,-80.02177429199219
1629752161,759020,51,0,5655,40.415061950683594,-79.98754119873047
1629752182,9866020,59,0,6622,40.37498474121094,-79.84849548339844
1629752184,5434020,93,0,6625,40.48328399658203,-79.9504623413086
1629752127,14061020,14,0,6503,40.54006576538086,-80.18014526367188
1629752143,1426020,Y46,0,6624,40.28767395019531,-79.89556121826172
1629752184,9613020,8,0,6506,40.51731872558594,-80.0364761352539
1629752126,11107020,93,0,6627,40.45889663696289,-79.95708465576172
1629752179,11470020,53L,0,6626,40.34663009643555,-79.92666625976562
1629752098,9135020,54,0,6505,40.436912536621094,-79.97025299072266
1629752181,4586020,59,0,6629,40.406005859375,-79.86636352539062
1629752183,1200020,8,0,6508,40.47461700439453,-80.01078033447266
1629752183,14716020,1,0,6507,40.48709487915039,-79.88607025146484
1629752152,3614020,87,0,5670,40.442665100097656,-79.99859619140625
1629752161,1631020,26,0,6520,40.44094467163086,-80.06877899169922
1629752174,1161020,71D,0,6640,40.45508575439453,-79.899658203125
1629752182,12524020,67,0,6643,40.42414093017578,-79.81278228759766
1629752127,9276020,8,0,6401,40.51624298095703,-80.03760528564453
1629752149,3759020,61C,0,3255,40.40777587890625,-79.90956115722656
1629752167,1588020,61A,0,3253,40.44459915161133,-79.94474029541016
1629752161,1104020,61C,0,3252,40.44152069091797,-79.9588394165039
1629752184,10862020,61A,0,3251,40.43803024291992,-79.99433135986328
1629752167,4493020,P7,0,3248,40.45685958862305,-79.94737243652344
1629752171,12105020,61B,0,3247,40.421329498291016,-79.89004516601562
1629752163,744020,51,0,6634,40.431617736816406,-80.00287628173828
1629752176,12683020,15,0,6512,40.454959869384766,-80.00923919677734
1629752179,13015020,51L,0,6633,40.42012023925781,-79.99069213867188
1629752169,12584020,20,0,6515,40.46821212768555,-80.09808349609375
1629752168,1363020,69,0,6636,40.395381927490234,-79.80654907226562
1629752180,1850020,P16,0,5667,40.469600677490234,-79.82344818115234
1629752167,5116020,28X,0,6638,40.4538688659668,-79.91357421875
1629752155,5919020,G31,0,6517,40.44028854370117,-80.00873565673828
1629752184,1242020,41,0,6516,40.39838790893555,-80.02610778808594
1629752181,291020,38,0,6519,40.406532287597656,-80.05280303955078
1629752145,6796020,87,0,6650,40.46434020996094,-79.95066833496094
1629752177,2943020,2,0,6410,40.52097702026367,-79.95954132080078
1629752182,1199020,61D,0,6531,40.404109954833984,-79.92009735107422
1629752177,13427020,71C,0,6652,40.4518928527832,-79.9092025756836
1629752159,11357020,61C,0,6530,40.43806838989258,-79.92640686035156
1629752170,10887020,P78,0,6651,40.471702575683594,-79.8478012084961
1629752094,10273020,14,0,6412,40.59194564819336,-80.22747802734375
1629752160,4191020,82,0,6654,40.44013977050781,-79.99437713623047
1629752180,4937020,61C,0,6532,40.409000396728516,-79.90316009521484
1629752176,5394020,8,0,6411,40.51747131347656,-80.0382308959961
1629752182,3165020,P1,0,3260,40.459476470947266,-79.92253875732422
1629752178,11119020,P1,0,3259,40.457725524902344,-79.91226196289062
1629752163,6647020,56,0,6524,40.34669494628906,-79.82974243164062
1629752155,7217020,O5,0,6403,40.4480094909668,-80.00202941894531
1629752158,8682020,36,0,6523,40.33989334106445,-80.05427551269531
1629752130,4477020,91,0,6402,40.462398529052734,-79.96756744384766
1629752184,6181020,19L,0,6405,40.49393844604492,-80.0522689819336
1629752175,9795020,56,0,6526,40.41012954711914,-79.94416046142578
1629752172,1998020,13,0,6404,40.51313400268555,-80.0455551147461
1629752172,3586020,55,0,6525,40.29459762573242,-79.87460327148438
1629752182,8090020,79,0,6646,40.46365737915039,-79.86564636230469
1629752159,4364020,16,0,6407,40.49781799316406,-80.06016540527344
1629752167,9004020,87,0,6649,40.461936950683594,-79.93162536621094
1629752131,2757020,91,0,6406,40.4900016784668,-79.87130737304688
1629752181,6484020,Y45,0,6527,40.4027214050293,-80.0022201538086
1629752185,2220020,Y46,0,6529,40.33223342895508,-79.94593048095703
1629752180,3255020,52L,0,6540,40.39447021484375,-79.88818359375
1629752175,8096020,29,0,6421,40.453330993652344,-80.1681137084961
1629752181,8332020,P71,0,6542,40.414710998535156,-79.8788070678711
1629752173,7100020,1,0,6302,40.44389724731445,-79.99207305908203
1629752179,4879020,82,0,6544,40.472984313964844,-79.88861846923828
1629752115,9911020,16,0,6301,40.4630012512207,-80.02052307128906
1629752161,611020,21,0,6422,40.52007293701172,-80.21768951416016
1629752185,6978020,P16,0,6543,40.445762634277344,-79.85443115234375
1629752184,1102020,13,0,6414,40.51661682128906,-80.03662109375
1629752180,8115020,57,0,6535,40.43452453613281,-79.9870376586914
1629752185,12770020,61A,0,6534,40.42243194580078,-79.8858871459961
1629752180,7857020,41,0,6416,40.37001419067383,-80.08659362792969
1629752183,12403020,52L,0,6537,40.44015884399414,-80.00337219238281
1629752144,10716020,20,0,6415,40.49953079223633,-80.11583709716797
1629752180,4798020,60,0,6538,40.3477783203125,-79.83845520019531
1629752182,8310020,28X,0,6551,40.452247619628906,-80.17247772216797
1629752181,12193020,61A,0,6432,40.4337043762207,-79.8841323852539
1629752171,7476020,75,0,6553,40.42427062988281,-79.96235656738281
1629752132,2020020,1,0,6310,40.60049819946289,-79.75720977783203
1629752178,11792020,P17,0,6552,40.44350051879883,-79.99584197998047
1629752183,2148020,58,0,6555,40.4387321472168,-79.99954986572266
1629752167,1534020,6,0,6313,40.443790435791016,-79.99474334716797
1629752174,9439020,71C,0,6546,40.460750579833984,-79.92308807373047
1629752184,7501020,89,0,6545,40.472408294677734,-79.93498992919922
1629752165,4894020,12,0,6306,40.44743728637695,-80.00187683105469
1629752173,-663634680,87,1,6548,40.44316864013672,-79.99678039550781
1629752151,2495020,71D,0,6547,40.45012664794922,-79.89225006103516
1629752164,14295020,91,0,6305,40.500518798828125,-79.8608627319336
1629752120,6822020,G3,0,6426,40.439884185791016,-80.017333984375
1629752173,3009020,12,0,6308,40.54557800292969,-80.00675964355469
1629752174,12300020,56,0,6429,40.37929916381836,-79.92461395263672
1629752167,5379020,71D,0,6549,40.450035095214844,-79.89179992675781
1629752176,8574020,38,0,6320,40.423370361328125,-80.0304183959961
1629752167,6937020,57,0,6441,40.411048889160156,-79.90648651123047
1629752149,7361020,55,0,6443,40.3319206237793,-79.9330062866211
1629752173,1343020,91,0,6201,40.48125457763672,-79.9538803100586
1629752149,9571020,61A,0,6442,40.4081916809082,-79.85806274414062
1629752149,9831020,27,0,6324,40.441123962402344,-80.04723358154297
1629752179,13069020,16,0,6202,40.476558685302734,-80.03175354003906
1629752184,6286020,39,0,6323,40.4451904296875,-79.99032592773438
1629752165,14569020,17,0,6315,40.45484161376953,-80.02197265625
1629752184,9086020,Y46,0,6436,40.377811431884766,-79.9877700805664
1629752169,3811020,88,0,6556,40.45668029785156,-79.91221618652344
1629752182,4681020,O5,0,6314,40.57158660888672,-79.99888610839844
1629752158,10157020,64,0,6438,40.45704650878906,-79.9346923828125
1629752177,1189020,P68,0,6558,40.419044494628906,-79.81182861328125
1629752184,14608020,26,0,6318,40.457183837890625,-80.06298065185547
1629752180,13720020,52L,0,6439,40.371639251708984,-79.8447494506836
1629752182,5395020,G31,0,6331,40.35894775390625,-80.11202239990234
1629752180,1600020,75,0,6453,40.44628143310547,-79.95209503173828
1629751823,3070020,71B,0,6456,40.46202850341797,-79.924560546875
1629752147,2552020,Y46,0,6335,40.42028045654297,-80.00831604003906
1629752181,9011020,61A,0,6334,40.41374969482422,-79.85321807861328
1629752152,1013020,91,0,6213,40.442501068115234,-79.99942016601562
1629752182,2209020,P10,0,6455,40.600250244140625,-79.76073455810547
1629752170,10446020,27,0,6326,40.441158294677734,-80.06877136230469
1629752167,6439020,61A,0,6447,40.40228271484375,-79.8672103881836
1629752133,-551222955,91,1,6205,40.44423294067383,-79.99861145019531
1629752158,8542020,20,0,6325,40.466060638427734,-80.07585906982422
1629752177,12570020,67,0,6449,40.44407653808594,-79.9278564453125
1629752183,11444020,8,0,6206,40.48304748535156,-80.01310729980469
1629752158,14543020,Y47,0,6448,40.34636306762695,-79.98648834228516
1629752170,6079020,12,0,6209,40.57371139526367,-80.01251220703125
1629752179,1438020,61A,0,6340,40.43800354003906,-79.91625213623047
1629752175,2313020,20,0,6221,40.44184112548828,-80.02198791503906
1629752180,2260020,61B,0,6342,40.42713165283203,-79.89102935791016
1629752157,596020,87,0,6462,40.48313522338867,-79.94776916503906
1629752178,6972020,16,0,6102,40.50387191772461,-80.07485961914062
1629752172,9902020,27,0,6223,40.44202423095703,-80.04938507080078
1629752163,4897020,P76,0,6343,40.3889274597168,-79.83061218261719
1629752144,1530020,61B,0,6346,40.41270065307617,-79.85638427734375
1629752165,6452020,91,0,6104,40.49388122558594,-79.91703033447266
1629752168,7962020,G2,0,6225,40.45283508300781,-80.05431365966797
1629752184,7876020,22,0,6224,40.48042678833008,-80.09077453613281
1629752168,2430020,Y47,0,6337,40.43247985839844,-80.00369262695312
1629752180,3880020,P7,0,6336,40.404396057128906,-79.88253784179688
1629752154,8917020,51,0,6339,40.39207077026367,-79.98661804199219
1629752170,8302020,G3,0,6218,40.50397491455078,-80.22521209716797
1629752136,11915020,41,0,6217,40.35087966918945,-80.10497283935547
1629752173,9449020,83,0,6338,40.44251251220703,-79.98249053955078
1629752174,4410020,P10,0,6459,40.493751525878906,-79.9026107788086
1629752169,11541020,29,0,6219,40.43975067138672,-80.009765625
1629752176,3853020,36,0,6230,40.40238952636719,-80.04176330566406
1629752162,14615020,P3,0,6351,40.446956634521484,-79.94883728027344
1629752174,5154020,51,0,6353,40.418460845947266,-79.98622131347656
1629752183,13052020,61C,0,6111,40.437068939208984,-79.97251892089844
1629752182,3503020,22,0,6110,40.479129791259766,-80.07364654541016
1629752167,9717020,41,0,6231,40.420196533203125,-80.00861358642578
1629752173,11814020,59,0,6113,40.382911682128906,-79.85771179199219
1629752177,12179020,61C,0,6355,40.4406623840332,-80.00078582763672
1629752117,1047020,P3,0,6233,40.41981887817383,-79.88670349121094
1629752161,8718020,81,0,6236,40.429927825927734,-79.97613525390625
1629752166,5899020,83,0,6115,40.44460678100586,-79.96336364746094
1629752158,1061020,93,0,6357,40.407859802246094,-79.92642974853516
1629752171,104020,61D,0,6235,40.443580627441406,-79.95199584960938
1629752169,10920020,P76,0,6114,40.322444915771484,-79.83474731445312
1629752125,11865020,1,0,6106,40.44743728637695,-80.00187683105469
1629752177,11548020,61D,0,6348,40.409523010253906,-79.91224670410156
1629752174,11577020,54,0,6105,40.44257354736328,-79.95735931396484
1629752173,13928020,79,0,6468,40.46589660644531,-79.88072204589844
1629752182,2408020,24,0,6229,40.47510528564453,-80.08106231689453
1629752162,12864020,G31,0,6228,40.36450958251953,-80.10929870605469
1629752175,1880020,51,0,6241,40.4404296875,-80.00056457519531
1629752177,11778020,59,0,6240,40.38810729980469,-79.82347106933594
1629752165,7434020,P13,0,6001,40.50047302246094,-79.94384002685547
1629752168,10008020,Y49,0,6243,40.382850646972656,-79.99678039550781
1629752174,4474020,67,0,6363,40.439666748046875,-79.99732208251953
1629752173,3140020,Y49,0,6242,40.368080139160156,-79.98360443115234
1629752159,3360020,Y49,0,6121,40.33339309692383,-79.9347152709961
1629752164,2716020,12,0,6003,40.545806884765625,-80.01741027832031
1629752177,8134020,61A,0,6124,40.439693450927734,-79.89695739746094
1629752181,5343020,86,0,6366,40.45452117919922,-79.9775161743164
1629752177,14483020,13,0,6002,40.47779846191406,-80.04037475585938
1629752175,6042020,53L,0,6244,40.37875747680664,-79.90789794921875
1629752021,8093020,53L,0,6126,40.362003326416016,-79.93032836914062
1629752156,12727020,88,0,6368,40.4658317565918,-79.96156311035156
1629752175,921020,69,0,6367,40.44303894042969,-79.88563537597656
1629752159,993020,93,0,6246,40.43967056274414,-79.96134185791016
1629752184,3572020,93,0,6125,40.41926193237305,-79.93461608886719
1629752175,9523020,P68,0,6360,40.413368225097656,-79.85536193847656
1629752172,11918020,59,0,6238,40.347923278808594,-79.89109802246094
1629752155,11692020,61D,0,6117,40.44017028808594,-79.99440002441406
1629752175,3810020,64,0,6237,40.429195404052734,-79.92375183105469
1629752165,8945020,51L,0,6239,40.43266677856445,-80.00358581542969
1629752165,9742020,83,0,6252,40.44695281982422,-79.96002960205078
1629752174,8009020,51,0,6130,40.344093322753906,-79.94451141357422
1629752171,6969020,81,0,6251,40.44485092163086,-79.97591400146484
1629752176,5028020,59,0,6133,40.4068717956543,-79.9133529663086
1629752183,14201020,59,0,6134,40.41693115234375,-79.88062286376953
1629752162,2341020,P16,0,6258,40.44082260131836,-80.00064086914062
1629752172,11329020,P78,0,6137,40.526363372802734,-79.84402465820312
1629752171,5058020,39,0,6015,40.43955612182617,-79.99905395507812
1629752182,117020,81,0,6250,40.44321060180664,-79.98088073730469
1629752177,2972020,16,0,6007,40.475528717041016,-80.03067779541016
1629752106,1509020,51,0,6127,40.348575592041016,-79.93903350830078
1629752182,3869020,56,0,6248,40.35267639160156,-79.84977722167969
1629752172,10420020,82,0,6369,40.46163558959961,-79.92546844482422
1629752174,980020,15,0,6009,40.44550704956055,-79.98995971679688
1629752172,11207020,54,0,6008,40.459083557128906,-79.96588134765625
1629752158,10180020,67,0,6142,40.43998718261719,-79.96090698242188
1629752178,9988020,77,0,6263,40.44890213012695,-79.76188659667969
1629752156,593020,G3,0,6021,40.46268081665039,-80.19339752197266
1629752160,13075020,75,0,6262,40.48723602294922,-79.92056274414062
1629752171,13277020,77,0,6265,40.464881896972656,-79.8284912109375
1629752141,1096020,G2,0,6023,40.44310760498047,-79.99737548828125
1629752181,8633020,P69,0,6264,40.396339416503906,-79.81037902832031
1629752160,6878020,39,0,6025,40.389862060546875,-80.0100326538086
1629752171,11887020,P16,0,6146,40.443687438964844,-79.99354553222656
1629752184,2186020,P68,0,6267,40.436676025390625,-79.87335968017578
1629752162,1689020,P12,0,6266,40.464744567871094,-79.70549011230469
1629752167,12810020,26,0,6027,40.44227981567383,-80.02330780029297
1629752142,4848020,P69,0,6269,40.45905303955078,-79.96745300292969
1629752176,14174020,74,0,6147,40.43805694580078,-79.92229461669922
1629752164,1593020,77,0,6261,40.45221710205078,-79.7613296508789
1629752169,2577020,79,0,6140,40.44101333618164,-79.87789154052734
1629752162,11039020,77,0,6260,40.44295120239258,-79.99286651611328
1629752169,853020,P71,0,6139,40.456146240234375,-79.93341827392578
1629752180,11409020,48,0,6017,40.42871856689453,-79.98655700683594
1629752173,12442020,86,0,6138,40.45779037475586,-79.94181060791016
1629752178,6243020,P10,0,6259,40.61000442504883,-79.7481918334961
1629752170,4494020,53L,0,6032,40.408119201660156,-79.91499328613281
1629752164,7354020,75,0,6274,40.43690872192383,-79.9700927734375
1629752164,6468020,56,0,6031,40.435813903808594,-79.97273254394531
1629752176,3401020,67,0,6152,40.44880676269531,-79.90018463134766
1629752170,14171020,61B,0,6034,40.44217300415039,-79.95606231689453
1629752156,4547020,88,0,7001,40.44268035888672,-79.99856567382812
1629752175,1926020,P68,0,6275,40.43011474609375,-79.7997817993164
1629752163,6071020,71B,0,6157,40.45664978027344,-79.92521667480469
1629752169,4197020,59,0,6038,40.407981872558594,-79.89441680908203
1629752151,6230020,67,0,6159,40.453407287597656,-79.7507553100586
1629752177,13658020,67,0,6158,40.42976760864258,-79.79987335205078
1629752181,12005020,69,0,6270,40.40205383300781,-79.77629852294922
1629752157,13840020,74,0,6272,40.46485137939453,-79.89176177978516
1629752153,11008020,75,0,6271,40.44862365722656,-79.94697570800781
1629752167,9092020,57,0,6043,40.406211853027344,-79.94245910644531
1629752185,9185020,71C,0,6045,40.44365310668945,-79.89036560058594
1629752152,10259020,82,0,6049,40.44236373901367,-79.99549102783203
1629752176,7696020,71A,0,6048,40.476287841796875,-79.92135620117188
1629752157,4600020,69,0,6160,40.43933868408203,-79.87738037109375
1629752166,-125165846,7,1,1701,40.486114501953125,-80.0050048828125
1629752158,8631020,11,0,1707,40.443660736083984,-80.00045013427734
1629752171,1911020,4,0,1704,40.4542121887207,-79.99661254882812
1629752184,4626020,77,0,6056,40.458248138427734,-79.91854858398438
1629752156,10148020,75,0,6059,40.424278259277344,-79.9627456665039
1629752170,8619020,11,0,1711,40.44504928588867,-79.99069213867188
1629752169,11833020,11,0,1710,40.450870513916016,-80.00090026855469
1629752147,3275020,44,0,1718,40.4336051940918,-80.00296783447266
1629752165,1051020,44,0,1716,40.41066360473633,-79.97376251220703
1629752184,2035020,44,0,1713,40.396549224853516,-79.96611022949219
1629752178,5171020,40,0,1723,40.44564437866211,-79.98983764648438
1629752168,6992020,38,0,1729,40.440399169921875,-80.0094223022461
1629752170,7922020,43,0,1728,40.42098617553711,-80.00569152832031
1629752174,519020,44,0,1727,40.393409729003906,-79.97410583496094
1629752158,9149020,44,0,1726,40.41071701049805,-79.97379302978516
1629752182,9686020,40,0,1724,40.419105529785156,-80.01042938232422
1629752168,3687020,2,0,5904,40.546756744384766,-80.00677490234375
1629752181,12540020,54,0,5905,40.45209884643555,-80.00645446777344
1629752175,1300020,14,0,5907,40.44721221923828,-80.02002716064453
1629752169,7822020,6,0,5908,40.446041107177734,-79.98881530761719
1629752180,3940020,54,0,5909,40.45985412597656,-79.94605255126953
1629752174,6911020,54,0,5901,40.42097854614258,-80.00589752197266
1629752125,5488020,8,0,5902,40.443241119384766,-80.00025939941406
1629752142,21020,54,0,5903,40.45530319213867,-80.00233459472656
1629752182,8392020,24,0,5918,40.45372772216797,-80.15518951416016
1629752181,2805020,48,0,5919,40.428810119628906,-79.98143768310547
1629752165,2378020,1,0,5910,40.564701080322266,-79.7701187133789
1629752168,819020,G2,0,5913,40.44805145263672,-80.06379699707031
1629752163,12112020,G3,0,5914,40.44748306274414,-80.06439208984375
1629752182,9832020,56,0,5926,40.35002517700195,-79.8721923828125
1629752178,708020,91,0,5805,40.485172271728516,-79.94625854492188
1629752147,1247020,O12,0,5806,40.54185485839844,-80.01287841796875
1629752182,-1866118978,91,1,5807,40.494224548339844,-79.93108367919922
1629752170,6249020,15,0,5809,40.48411178588867,-80.00392150878906
1629752163,7068020,64,0,5922,40.419639587402344,-79.92754364013672
1629752162,11336020,2,0,5804,40.525150299072266,-80.00897979736328
1629752184,8811020,P76,0,5925,40.44350051879883,-79.99584197998047
1629752702,802020,51,0,5816,40.380615234375,-79.97626495361328
1629752664,6639020,P12,0,5937,40.4427490234375,-79.78587341308594
1629752711,12510020,P7,0,5817,40.37444305419922,-79.84530639648438
1629752711,13000020,61B,0,5819,40.438751220703125,-79.98950958251953
1629752715,8208020,59,0,5931,40.35406494140625,-79.91441345214844
1629752710,7321020,O12,0,3406,40.58524703979492,-80.03130340576172
1629752716,2829020,17,0,5707,40.5003776550293,-80.02230072021484
1629752727,4697020,31,0,5708,40.4263916015625,-80.06057739257812
1629752705,7280020,O12,0,3403,40.56166458129883,-80.039306640625
1629752704,13784020,O12,0,3401,40.44158172607422,-80.00395965576172
1629752715,9296020,64,0,5940,40.410308837890625,-79.90894317626953
1629752722,5225020,P76,0,5820,40.38097381591797,-79.81150817871094
1629752701,10533020,86,0,5821,40.44453430175781,-79.8844223022461
1629752718,9000020,P78,0,5942,40.44145584106445,-79.9964370727539
1629752708,2825020,71C,0,5943,40.45195007324219,-79.90927124023438
1629752728,6303020,16,0,5702,40.4489631652832,-80.00093841552734
1629752716,9182020,P68,0,5823,40.44486999511719,-79.99069213867188
1629752725,2506020,P71,0,5944,40.41537094116211,-79.87918090820312
1629752720,-600584580,75,1,5945,40.465850830078125,-79.92186737060547
1629752701,5036020,15,0,5705,40.48212432861328,-80.0029067993164
1629752699,12175020,71D,0,3420,40.45297622680664,-79.92005920410156
1629752718,1573020,71C,0,3417,40.44386672973633,-79.9555892944336
1629752715,9099020,74,0,5717,40.46101760864258,-79.92752075195312
1629752681,6107020,71D,0,3416,40.43860626220703,-79.98639678955078
1629752713,-909946434,P16,1,5718,40.44780349731445,-79.9864730834961
1629752727,3321020,71B,0,3415,40.438926696777344,-79.99395751953125
1629752720,3262020,71C,0,3412,40.43930435180664,-79.96184539794922
1629752709,252020,82,0,3411,40.46038818359375,-79.9218978881836
1629752695,6242020,P10,0,3410,40.48507308959961,-79.9090576171875
1629752721,3135020,21,0,5713,40.492652893066406,-80.08036804199219
1629752721,12103020,71D,0,3418,40.43795394897461,-79.99160766601562
1629752730,13985020,61D,0,3307,40.43880844116211,-79.9908218383789
1629752730,6666020,P3,0,3306,40.436676025390625,-79.8856430053711
1629752711,3074020,P3,0,3305,40.45940017700195,-79.92324829101562
1629752712,11016020,71B,0,3425,40.437713623046875,-79.9866943359375
1629752716,6441020,G2,0,3303,40.443031311035156,-80.02523040771484
1629752731,9231020,P12,0,3424,40.44464111328125,-79.77251434326172
1629752701,11776020,P1,0,3423,40.443119049072266,-79.9942626953125
1629752731,12319020,71D,0,3421,40.44724655151367,-79.94479370117188
1629752717,1368020,P78,0,5721,40.53990936279297,-79.83089447021484
1629752721,-362979994,87,1,5722,40.47538757324219,-79.93004608154297
1629752705,14041020,P3,0,3308,40.4427604675293,-79.95707702636719
1629752707,8918020,P1,0,3321,40.414791107177734,-79.87857055664062
1629752728,8411020,P1,0,3320,40.45674514770508,-79.93244934082031
1629752726,11195020,61D,0,3318,40.414649963378906,-79.9239730834961
1629752716,5013020,61A,0,3317,40.43794631958008,-79.99142456054688
1629752718,4890020,61C,0,3315,40.43795394897461,-79.92874908447266
1629752703,9946020,61B,0,3313,40.44015121459961,-79.99881744384766
1629752717,12184020,61D,0,3311,40.43973159790039,-79.93489837646484
1629752726,14712020,31,0,5611,40.44204330444336,-80.0013427734375
1629752729,7729020,65,0,5614,40.43462371826172,-79.91246032714844
1629752724,12758020,P1,0,3332,40.415157318115234,-79.87954711914062
1629752728,3943020,71D,0,3210,40.437705993652344,-79.97281646728516
1629752726,12993020,P1,0,3331,40.45125198364258,-79.98017883300781
1629752723,8535020,71B,0,3208,40.43770980834961,-79.97282409667969
1629752713,4390020,P78,0,3329,40.4568977355957,-79.93209075927734
1629752726,8519020,61D,0,3207,40.438541412353516,-79.99461364746094
1629752707,1045020,61B,0,3206,40.44627380371094,-79.95178985595703
1629752725,1918020,71A,0,3327,40.448692321777344,-79.95004272460938
1629752678,4349020,28X,0,3326,40.453433990478516,-80.17201232910156
1629752697,8339020,61C,0,3205,40.44206619262695,-79.999267578125
1629752730,960020,71A,0,3325,40.451988220214844,-79.95169067382812
1629752725,585020,61D,0,3202,40.42998504638672,-79.9234619140625
1629752713,6125020,71B,0,3323,40.438568115234375,-79.98554229736328
1629752720,5478020,61A,0,3201,40.44029235839844,-79.9945068359375
1629752703,13381020,21,0,6610,40.53715515136719,-80.18470764160156
1629752680,7433020,P10,0,3220,40.456390380859375,-79.93306732177734
1629752729,50020,71C,0,3340,40.44689178466797,-79.94934844970703
1629752731,9118020,71A,0,3219,40.442630767822266,-79.95728302001953
1629752731,3209020,13,0,6608,40.49131393432617,-80.04776000976562
1629752702,13088020,P12,0,3339,40.44575500488281,-79.98951721191406
1629752705,-159193154,P67,1,3218,40.42723846435547,-79.79151153564453
1629752702,779020,P1,0,3338,40.415138244628906,-79.87953186035156
1629752706,10837020,P10,0,3217,40.447322845458984,-79.98715209960938
1629752731,8048020,71C,0,3337,40.43770217895508,-79.97280883789062
1629752723,5714020,P10,0,3336,40.49674987792969,-79.86927795410156
1629752720,5237020,71A,0,3335,40.4467887878418,-79.95057678222656
1629752730,13378020,86,0,3214,40.454063415527344,-79.88566589355469
1629752705,663020,P1,0,3213,40.45564651489258,-79.94482421875
1629752720,10479020,P67,0,3334,40.443824768066406,-79.86495208740234
1629752731,5712020,P12,0,3212,40.45112228393555,-79.98035430908203
1629752720,7216020,15,0,6603,40.44334030151367,-80.00031280517578
1629752702,11993020,29,0,5634,40.43962860107422,-80.0901107788086
1629752730,11755020,17,0,6602,40.46638107299805,-80.02556610107422
1629752720,3700020,18,0,6606,40.447505950927734,-80.01972198486328
1629752704,10052020,83,0,6620,40.430419921875,-79.9771957397461
1629752727,382020,O1,0,3230,40.44173049926758,-80.00257873535156
1629752718,7448020,53L,0,6619,40.35322570800781,-79.939697265625
1629752716,466020,28X,0,3226,40.441261291503906,-79.95916748046875
1629752708,3557020,71A,0,3225,40.454315185546875,-79.94390106201172
1629752617,6251020,31,0,6611,40.415828704833984,-80.07052612304688
1629752724,11581020,21,0,6614,40.44594192504883,-80.0304946899414
1629752702,13813020,29,0,6613,40.43299865722656,-80.1912841796875
1629752731,9655020,24,0,6615,40.44377899169922,-80.02716064453125
1629752722,10056020,Y47,0,6618,40.33013916015625,-79.92352294921875
1629752691,13979020,51,0,6617,40.43709182739258,-80.0018081665039
1629752705,12052020,51,0,5660,40.44157028198242,-79.99834442138672
1629752720,7620020,51,0,6630,40.345458984375,-79.97308349609375
1629752714,6733020,2,0,6511,40.48533248901367,-79.97258758544922
1629752726,6466020,14,0,6510,40.51016616821289,-80.0939712524414
1629752729,9189020,Y1,0,6631,40.36821365356445,-79.98353576660156
1629752731,8170020,61B,0,3244,40.4422492980957,-79.9560317993164
1629752723,13191020,71C,0,3240,40.45830154418945,-79.93383026123047
1629752729,2598020,G2,0,3238,40.40621566772461,-80.09003448486328
1629752720,4129020,52L,0,5654,40.41183090209961,-79.91993713378906
1629752730,7992020,91,0,6502,40.45091247558594,-79.98278045654297
1629752726,3149020,17,0,6501,40.49443435668945,-80.04518127441406
1629752709,759020,51,0,5655,40.428836822509766,-79.98298645019531
1629752723,9866020,59,0,6622,40.36562728881836,-79.85930633544922
1629752715,5434020,93,0,6625,40.46539306640625,-79.95814514160156
1629752722,14061020,14,0,6503,40.567874908447266,-80.21162414550781
1629752726,1426020,Y46,0,6624,40.29237747192383,-79.88233184814453
1629752705,9613020,8,0,6506,40.51731872558594,-80.0364761352539
1629752730,11107020,93,0,6627,40.47047805786133,-79.96037292480469
1629752725,11470020,53L,0,6626,40.3759765625,-79.90995025634766
1629752726,9135020,54,0,6505,40.428741455078125,-79.98053741455078
1629752704,4586020,59,0,6629,40.413883209228516,-79.85567474365234
1629752723,1200020,8,0,6508,40.50014877319336,-80.0219497680664
1629752731,14716020,1,0,6507,40.494354248046875,-79.91983032226562
1629752691,3614020,87,0,5670,40.44824981689453,-79.9868392944336
1629752714,1631020,26,0,6520,40.44094467163086,-80.06877899169922
1629752730,1161020,71D,0,6640,40.44987487792969,-79.89171600341797
1629752730,12524020,67,0,6643,40.445228576660156,-79.85808563232422
1629752655,9276020,8,0,6401,40.51512908935547,-80.02315521240234
1629752700,3759020,61C,0,3255,40.42270278930664,-79.92878723144531
1629752714,1588020,61A,0,3253,40.43998718261719,-79.96090698242188
1629752726,1104020,61C,0,3252,40.43864059448242,-79.98719787597656
1629752714,10862020,61A,0,3251,40.4390983581543,-79.9603271484375
1629752712,4493020,P7,0,3248,40.442256927490234,-79.88632202148438
1629752728,12105020,61B,0,3247,40.43837356567383,-79.90437316894531
1629752727,744020,51,0,6634,40.421630859375,-79.97943115234375
1629752725,12683020,15,0,6512,40.473411560058594,-80.00289154052734
1629752712,13015020,51L,0,6633,40.399166107177734,-79.9890365600586
1629752722,123020,24,0,6515,40.47430419921875,-80.07869720458984
1629752721,1363020,69,0,6636,40.401859283447266,-79.77739715576172
1629752711,1850020,P16,0,5667,40.49420166015625,-79.7887191772461
1629752704,5919020,G31,0,6517,40.44218826293945,-80.02293395996094
1629752703,1242020,41,0,6516,40.43105697631836,-80.00198364257812
1629752727,291020,38,0,6519,40.387794494628906,-80.07395935058594
1629752716,6796020,87,0,6650,40.44963836669922,-79.984619140625
1629752712,2943020,2,0,6410,40.55819320678711,-79.98493194580078
1629752717,1199020,61D,0,6531,40.41346740722656,-79.906494140625
1629752720,13427020,71C,0,6652,40.46250915527344,-79.92780303955078
1629752726,11357020,61C,0,6530,40.44579315185547,-79.9529800415039
1629752726,10887020,P78,0,6651,40.50474166870117,-79.84310913085938
1629752713,9993020,14,0,6412,40.59244918823242,-80.22814178466797
1629752680,8671020,82,0,6654,40.441802978515625,-80.00208282470703
1629752730,4937020,61C,0,6532,40.385009765625,-79.86299133300781
1629752726,3165020,P1,0,3260,40.41633987426758,-79.8822250366211
1629752726,11119020,P1,0,3259,40.446449279785156,-79.98851013183594
1629752716,6647020,56,0,6524,40.34669494628906,-79.82974243164062
1629752726,7217020,O5,0,6403,40.50569152832031,-79.99433898925781
1629752706,6276020,36,0,6523,40.33995056152344,-80.05420684814453
1629752701,4477020,91,0,6402,40.482147216796875,-79.95245361328125
1629752714,6181020,19L,0,6405,40.50914764404297,-80.08503723144531
1629752701,9795020,56,0,6526,40.3818359375,-79.92827606201172
1629752705,1998020,13,0,6404,40.517486572265625,-80.0380630493164
1629752722,3586020,55,0,6525,40.317901611328125,-79.92066192626953
1629752729,8090020,79,0,6646,40.45268630981445,-79.86668395996094
1629752715,4364020,16,0,6407,40.47963333129883,-80.03106689453125
1629752725,9004020,87,0,6649,40.463226318359375,-79.95174407958984
1629752729,2757020,91,0,6406,40.48725891113281,-79.88485717773438
1629752696,6484020,Y45,0,6527,40.38258361816406,-79.99633026123047
1629752728,2220020,Y46,0,6529,40.34499740600586,-79.97283172607422
1629752724,3255020,52L,0,6540,40.36204147338867,-79.86274719238281
1629752731,8096020,29,0,6421,40.44919967651367,-80.1242446899414
1629752704,8332020,P71,0,6542,40.414710998535156,-79.8788070678711
1629752701,4879020,82,0,6544,40.472984313964844,-79.88861846923828
1629752723,9911020,16,0,6301,40.487770080566406,-80.0416030883789
1629752667,611020,21,0,6422,40.517417907714844,-80.16412353515625
1629752728,6978020,P16,0,6543,40.466041564941406,-79.8262939453125
1629752722,1102020,13,0,6414,40.50126266479492,-80.05455780029297
1629752722,8115020,57,0,6535,40.411170959472656,-79.9451904296875
1629752717,12770020,61A,0,6534,40.40199661254883,-79.86101531982422
1629752725,7857020,41,0,6416,40.349205017089844,-80.10466003417969
1629752719,12403020,52L,0,6537,40.4332160949707,-79.96338653564453
1629752669,10716020,20,0,6415,40.4698600769043,-80.09979248046875
1629752707,4798020,60,0,6538,40.35171890258789,-79.86398315429688
1629752692,8310020,28X,0,6551,40.437007904052734,-80.14922332763672
1629752719,12193020,61A,0,6432,40.4158935546875,-79.87886047363281
1629752729,7476020,75,0,6553,40.428245544433594,-79.97195434570312
1629752716,2020020,1,0,6310,40.60049819946289,-79.75720977783203
1629752727,11792020,P17,0,6552,40.458770751953125,-79.91495513916016
1629752691,2148020,58,0,6555,40.431236267089844,-79.95933532714844
1629752726,1534020,6,0,6313,40.446041107177734,-79.98881530761719
1629752718,13311020,19L,0,6312,40.44234848022461,-79.99490356445312
1629752728,12086020,64,0,6554,40.46757125854492,-79.96373748779297
1629752725,9439020,71C,0,6546,40.44826126098633,-79.8985595703125
1629752713,7501020,89,0,6545,40.45793533325195,-79.9180908203125
1629752725,4894020,12,0,6306,40.456878662109375,-79.99897766113281
1629752707,-663634680,87,1,6548,40.461429595947266,-79.96746063232422
1629752722,5084020,71D,0,6547,40.45286178588867,-79.8897476196289
1629752706,14295020,91,0,6305,40.500518798828125,-79.8608627319336
1629752712,6822020,G3,0,6426,40.4432487487793,-80.0256118774414
1629752722,3009020,12,0,6308,40.52205276489258,-80.00538635253906
1629752729,12300020,56,0,6429,40.4244384765625,-79.9517822265625
1629752731,7446020,59,0,6428,40.397342681884766,-79.8211441040039
1629752704,9823020,71C,0,6549,40.450035095214844,-79.89179992675781
1629752730,9081020,38,0,6320,40.44279098510742,-80.00434112548828
1629752703,6937020,57,0,6441,40.41035842895508,-79.9127426147461
1629752726,7361020,55,0,6443,40.310791015625,-79.91606140136719
1629752704,1343020,91,0,6201,40.4879150390625,-79.9385986328125
1629752729,9571020,61A,0,6442,40.41434860229492,-79.87283325195312
1629752729,9831020,27,0,6324,40.458255767822266,-80.07903289794922
1629752692,3543020,51L,0,6445,40.44158172607422,-79.99980163574219
1629752717,13069020,16,0,6202,40.497737884521484,-80.05992126464844
1629752714,6286020,39,0,6323,40.44526672363281,-79.99021911621094
1629752724,14569020,17,0,6315,40.45083236694336,-80.00108337402344
1629752721,9086020,Y46,0,6436,40.35222625732422,-79.97764587402344
1629752707,3811020,88,0,6556,40.46063995361328,-79.92263793945312
1629752726,10157020,64,0,6438,40.445125579833984,-79.92088317871094
1629752700,2348020,54,0,6316,40.42837905883789,-79.97391510009766
1629752727,1189020,P68,0,6558,40.428749084472656,-79.79711151123047
1629752718,14608020,26,0,6318,40.44253158569336,-80.03302764892578
1629752702,13720020,52L,0,6439,40.37162399291992,-79.84481048583984
1629752726,8982020,58,0,6452,40.44462966918945,-79.94496154785156
1629752708,3724020,2,0,6212,40.44792175292969,-80.00205993652344
1629752725,-1576299209,38,1,6332,40.38383865356445,-80.04376983642578
1629752706,1600020,75,0,6453,40.45675277709961,-79.92984008789062
1629752729,2552020,Y46,0,6335,40.4390754699707,-80.00147247314453
1629752677,9011020,61A,0,6334,40.41377258300781,-79.85322570800781
1629752731,1013020,91,0,6213,40.45909118652344,-79.97089385986328
1629752723,2209020,P10,0,6455,40.61114501953125,-79.74057006835938
1629752721,10446020,27,0,6326,40.441558837890625,-80.07108306884766
1629752730,-551222955,91,1,6205,40.48652267456055,-80.00874328613281
1629752722,8542020,20,0,6325,40.46549987792969,-80.06124114990234
1629752727,12570020,67,0,6449,40.448604583740234,-79.89958190917969
1629752727,11444020,8,0,6206,40.45883560180664,-80.00778198242188
1629752712,14543020,Y47,0,6448,40.378265380859375,-79.99359893798828
1629752726,6079020,12,0,6209,40.55305862426758,-80.02059173583984
1629752703,1438020,61A,0,6340,40.441104888916016,-79.87985229492188
1629752719,2313020,20,0,6221,40.443641662597656,-80.0267562866211
1629752703,2260020,61B,0,6342,40.40641784667969,-79.87400817871094
1629752702,287020,87,0,6462,40.48337936401367,-79.94757843017578
1629752716,692020,16,0,6102,40.503868103027344,-80.07485961914062
1629752699,9902020,27,0,6223,40.44289779663086,-80.00445556640625
1629752719,4897020,P76,0,6343,40.3754768371582,-79.79683685302734
1629752642,1530020,61B,0,6346,40.41370391845703,-79.85343933105469
1629752705,6452020,91,0,6104,40.483036041259766,-79.95089721679688
1629752729,7962020,G2,0,6225,40.405517578125,-80.09072875976562
1629752714,7876020,22,0,6224,40.47594451904297,-80.0681381225586
1629752721,2430020,Y47,0,6337,40.3963623046875,-79.99996948242188
1629752729,3880020,P7,0,6336,40.373619079589844,-79.84487915039062
1629752726,8917020,51,0,6339,40.42072296142578,-79.98600769042969
1629752728,9336020,G3,0,6218,40.494014739990234,-80.2051010131836
1629752706,3468020,41,0,6217,40.36159896850586,-80.08978271484375
1629752701,9449020,83,0,6338,40.45285415649414,-79.96501159667969
1629752717,4410020,P10,0,6459,40.54094696044922,-79.83123016357422
1629752703,11541020,29,0,6219,40.442752838134766,-80.02465057373047
1629752684,3853020,36,0,6230,40.387306213378906,-80.05460357666016
1629752707,14615020,P3,0,6351,40.4377326965332,-79.9646224975586
1629752727,5154020,51,0,6353,40.3940315246582,-79.98638916015625
1629752705,13052020,61C,0,6111,40.44459915161133,-79.9427490234375
1629752726,3503020,22,0,6110,40.46778869628906,-80.09874725341797
1629752712,9717020,41,0,6231,40.39554977416992,-80.03350830078125
1629752725,11814020,59,0,6113,40.38294219970703,-79.8774642944336
1629752724,12179020,61C,0,6355,40.43792724609375,-79.99098205566406
1629752713,3408020,P3,0,6233,40.414825439453125,-79.87903594970703
1629752679,13677020,81,0,6236,40.437034606933594,-79.97228240966797
1629752721,5899020,83,0,6115,40.451995849609375,-79.9694595336914
1629752705,1472020,93,0,6357,40.4078254699707,-79.92640686035156
1629752722,104020,61D,0,6235,40.438053131103516,-79.92308044433594
1629752722,10920020,P76,0,6114,40.322444915771484,-79.83474731445312
1629752673,11865020,1,0,6106,40.464744567871094,-79.97962951660156
1629752714,11548020,61D,0,6348,40.40999221801758,-79.91248321533203
1629752728,11577020,54,0,6105,40.45180130004883,-79.95196533203125
1629752715,7067020,82,0,6468,40.45791244506836,-79.91692352294922
1629752730,8989020,20,0,6229,40.47462463378906,-80.0994873046875
1629752708,12864020,G31,0,6228,40.38737487792969,-80.09136962890625
1629752676,7565020,51,0,6241,40.43266677856445,-80.00358581542969
1629752711,11778020,59,0,6240,40.38810729980469,-79.82347106933594
1629752702,8573020,75,0,6364,40.49013900756836,-79.8699722290039
1629752730,7434020,P13,0,6001,40.526214599609375,-79.96322631835938
1629752708,10008020,Y49,0,6243,40.36397933959961,-79.98432159423828
1629752674,2756020,67,0,6363,40.43779373168945,-80.00018310546875
1629752728,3140020,Y49,0,6242,40.40308380126953,-80.00225830078125
1629752731,3360020,Y49,0,6121,40.330440521240234,-79.9238052368164
1629752710,2716020,12,0,6003,40.54962158203125,-80.01502990722656
1629752724,8134020,61A,0,6124,40.4423713684082,-79.93732452392578
1629752720,5343020,86,0,6366,40.46353530883789,-79.95346069335938
1629752716,14483020,13,0,6002,40.459598541259766,-80.01728057861328
1629752702,6042020,53L,0,6244,40.36486053466797,-79.90834045410156
1629752667,12727020,88,0,6368,40.463504791259766,-79.93095397949219
1629752713,921020,69,0,6367,40.41971969604492,-79.85018157958984
1629752731,993020,93,0,6246,40.43292236328125,-79.9366226196289
1629752723,3572020,93,0,6125,40.43451690673828,-79.92466735839844
1629752713,9523020,P68,0,6360,40.43803787231445,-79.87411499023438
1629752726,11918020,59,0,6238,40.35319137573242,-79.8460693359375
1629752655,11692020,61D,0,6117,40.436790466308594,-79.9715576171875
1629752705,3810020,64,0,6237,40.43804168701172,-79.91975402832031
1629752699,8945020,51L,0,6239,40.41777038574219,-79.98676300048828
1629752706,9742020,83,0,6252,40.439659118652344,-79.96135711669922
1629752719,1197020,Y46,0,6131,40.27307891845703,-79.88565063476562
1629752724,8009020,51,0,6130,40.34764862060547,-79.94718933105469
1629752726,6969020,81,0,6251,40.440330505371094,-79.96548461914062
1629752717,5028020,59,0,6133,40.397762298583984,-79.88082122802734
1629752729,14201020,59,0,6134,40.4041862487793,-79.88259887695312
1629752695,2341020,P16,0,6258,40.45213317871094,-79.97853088378906
1629752730,11329020,P78,0,6137,40.49028396606445,-79.83612823486328
1629752712,5058020,39,0,6015,40.41203689575195,-80.00877380371094
1629752705,117020,81,0,6250,40.43967056274414,-79.99754333496094
1629752717,2972020,16,0,6007,40.455604553222656,-80.00557708740234
1629752675,3391020,14,0,6006,40.472679138183594,-80.03819274902344
1629752721,1509020,51,0,6127,40.352725982666016,-79.9401626586914
1629752676,3869020,56,0,6248,40.34933853149414,-79.87100982666016
1629752702,10420020,82,0,6369,40.45281219482422,-79.94904327392578
1629752704,3743020,15,0,6009,40.4454231262207,-79.9899673461914
1629752684,11207020,54,0,6008,40.44921875,-79.98529815673828
1629752725,10180020,67,0,6142,40.438846588134766,-79.99165344238281
1629752709,9988020,77,0,6263,40.49011993408203,-79.78193664550781
1629752703,13075020,75,0,6262,40.48700714111328,-79.88662719726562
1629752724,13277020,77,0,6265,40.48338317871094,-79.80424499511719
1629752714,10917020,G2,0,6023,40.4415168762207,-80.00340270996094
1629752712,352020,67,0,6143,40.43971252441406,-80.00495147705078
1629752707,8633020,P69,0,6264,40.401031494140625,-79.77322387695312
1629752708,4935020,39,0,6025,40.391780853271484,-80.0162124633789
1629752697,11887020,P16,0,6146,40.43953323364258,-79.9971923828125
1629752722,2186020,P68,0,6267,40.41326904296875,-79.85514068603516
1629752730,3131020,P12,0,6266,40.464683532714844,-79.70539093017578
1629752727,12810020,26,0,6027,40.44498062133789,-80.0416030883789
1629752706,4848020,P69,0,6269,40.4437255859375,-79.88727569580078
1629752713,14174020,74,0,6147,40.447513580322266,-79.90637969970703
1629752717,1593020,77,0,6261,40.452659606933594,-79.75059509277344
1629752728,2577020,79,0,6140,40.45650863647461,-79.87239074707031
1629752731,853020,P71,0,6139,40.44086837768555,-79.89044189453125
1629752719,11409020,48,0,6017,40.42746353149414,-79.96839904785156
1629752728,12442020,86,0,6138,40.45862579345703,-79.97156524658203
1629752721,6243020,P10,0,6259,40.62891387939453,-79.71826171875
1629752683,4494020,53L,0,6032,40.427371978759766,-79.95175170898438
1629752715,11966020,75,0,6274,40.42427062988281,-79.96235656738281
1629752719,11326020,56,0,6031,40.44027328491211,-80.00457763671875
1629752718,3401020,67,0,6152,40.440887451171875,-79.87921142578125
1629752711,14171020,61B,0,6034,40.43798828125,-79.92830657958984
1629752677,12550020,71A,0,7002,40.47891616821289,-79.9190902709961
1629752727,4547020,88,0,7001,40.443790435791016,-79.99476623535156
1629752728,1926020,P68,0,6275,40.41480255126953,-79.81581115722656
1629752719,6071020,71B,0,6157,40.46217346191406,-79.92449188232422
1629752711,4197020,59,0,6038,40.4093132019043,-79.91658782958984
1629752731,6230020,67,0,6159,40.453407287597656,-79.7507553100586
1629752721,13658020,67,0,6158,40.43667984008789,-79.75845336914062
1629752725,12005020,69,0,6270,40.395599365234375,-79.80520629882812
1629752708,13840020,74,0,6272,40.45098114013672,-79.90003204345703
1629752729,11008020,75,0,6271,40.436710357666016,-79.96961212158203
1629752719,9092020,57,0,6043,40.43117904663086,-79.95924377441406
1629752715,10259020,82,0,6049,40.4482421875,-79.96585083007812
1629752705,4600020,69,0,6160,40.449920654296875,-79.8916015625
1629752725,-125165846,7,1,1701,40.49020004272461,-80.00332641601562
1629752702,4604020,11,0,1707,40.44615936279297,-79.98866271972656
1629752707,13625020,4,0,1704,40.442535400390625,-79.99976348876953
1629752711,4626020,77,0,6056,40.458194732666016,-79.93433380126953
1629752677,10148020,75,0,6059,40.42830276489258,-79.97308349609375
1629752699,8619020,11,0,1711,40.44500732421875,-79.99053192138672
1629752719,11833020,11,0,1710,40.46049880981445,-80.00463104248047
1629752726,3275020,44,0,1718,40.41999816894531,-79.99783325195312
1629752725,1051020,44,0,1716,40.41741943359375,-80.00496673583984
1629752703,2035020,44,0,1713,40.40341567993164,-79.98990631103516
1629752702,5171020,40,0,1723,40.44564437866211,-79.98983764648438
1629752731,7721020,48,0,1720,40.41794967651367,-79.98714447021484
1629752720,6992020,38,0,1729,40.418601989746094,-80.0457763671875
1629752730,7922020,43,0,1728,40.42546081542969,-80.00834655761719
1629752716,14262020,44,0,1727,40.386165618896484,-79.93848419189453
1629752727,9149020,44,0,1726,40.39488983154297,-79.98666381835938
1629752718,9686020,40,0,1724,40.430389404296875,-80.0090560913086
1629752711,3687020,2,0,5904,40.556968688964844,-80.01860809326172
1629752715,12540020,54,0,5905,40.45209503173828,-80.00652313232422
1629752707,1300020,14,0,5907,40.44721221923828,-80.02002716064453
1629752704,3161020,6,0,5908,40.44242858886719,-79.99990844726562
1629752730,3940020,54,0,5909,40.453006744384766,-79.94835662841797
1629752709,14305020,54,0,5901,40.42097091674805,-80.00587463378906
1629752727,5488020,8,0,5902,40.45561599731445,-80.00594329833984
1629752722,21020,54,0,5903,40.45458221435547,-79.97737884521484
1629752722,10288020,24,0,5918,40.4516487121582,-80.16130065917969
1629752704,2805020,48,0,5919,40.4362907409668,-80.00118255615234
1629752730,2378020,1,0,5910,40.54111862182617,-79.78141021728516
1629752725,819020,G2,0,5913,40.441802978515625,-80.00208282470703
1629752706,12112020,G3,0,5914,40.441532135009766,-80.00320434570312
1629752713,9832020,56,0,5926,40.3525505065918,-79.84207916259766
1629752702,708020,91,0,5805,40.49530029296875,-79.93950653076172
1629752677,1247020,O12,0,5806,40.58482360839844,-80.03295135498047
1629752716,-1866118978,91,1,5807,40.473228454589844,-79.95851135253906
1629752724,10144020,6,0,5809,40.47053909301758,-80.00016784667969
1629752731,7068020,64,0,5922,40.41171646118164,-79.90802001953125
1629752714,13167020,61D,0,5923,40.442893981933594,-79.95459747314453
1629752694,11336020,2,0,5804,40.525150299072266,-80.00897979736328
1629752695,8811020,P76,0,5925,40.45561981201172,-79.9448013305664
1629753373,802020,51,0,5816,40.38893508911133,-79.98521423339844
1629753336,6639020,P12,0,5937,40.44332504272461,-79.88081359863281
1629753373,12510020,P7,0,5817,40.415794372558594,-79.88408660888672
1629753354,13000020,61B,0,5819,40.441959381103516,-80.00167846679688
1629753351,4122020,38,0,5810,40.43991470336914,-80.00617980957031
1629753367,8208020,59,0,5931,40.34416961669922,-79.94741821289062
1629753371,13751020,59,0,5932,40.34326934814453,-79.94248962402344
1629753364,7321020,O12,0,3406,40.58524703979492,-80.03130340576172
1629753350,2829020,17,0,5707,40.5003776550293,-80.02230072021484
1629753347,4697020,31,0,5708,40.3886604309082,-80.0892562866211
1629753371,7280020,O12,0,3403,40.546630859375,-80.01756286621094
1629753372,13784020,O12,0,3401,40.46217727661133,-79.9996337890625
1629753358,9296020,64,0,5940,40.4110107421875,-79.9133529663086
1629753368,5225020,P76,0,5820,40.413047790527344,-79.84484100341797
1629753348,6651020,P78,0,5942,40.45563507080078,-79.9732894897461
1629753369,6303020,16,0,5702,40.45840072631836,-80.01609802246094
1629753365,9182020,P68,0,5823,40.455589294433594,-79.90559387207031
1629753351,2506020,P71,0,5944,40.4257698059082,-79.88900756835938
1629753364,-600584580,75,1,5945,40.48722457885742,-79.92095184326172
1629753325,5036020,15,0,5705,40.470458984375,-80.01155853271484
1629753364,12175020,71D,0,3420,40.44562530517578,-79.95313262939453
1629753374,1573020,71C,0,3417,40.43832778930664,-79.97985076904297
1629753366,6182020,74,0,5717,40.461666107177734,-79.92555236816406
1629753375,6107020,71D,0,3416,40.44233703613281,-80.00025939941406
1629753358,-909946434,P16,1,5718,40.446044921875,-79.98925018310547
1629753375,3321020,71B,0,3415,40.4417839050293,-80.00239562988281
1629753370,12470020,P67,0,3414,40.442138671875,-80.0009765625
1629753370,3262020,71C,0,3412,40.43893814086914,-79.9944839477539
1629753354,252020,82,0,3411,40.468746185302734,-79.89604949951172
1629753360,6242020,P10,0,3410,40.53755569458008,-79.83580780029297
1629753370,3135020,21,0,5713,40.51736831665039,-80.14893341064453
1629753369,12623020,71A,0,3419,40.437931060791016,-79.99100494384766
1629753370,12103020,71D,0,3418,40.44279479980469,-79.95703125
1629753369,13985020,61D,0,3307,40.442138671875,-80.00098419189453
1629753351,3074020,P3,0,3305,40.44734573364258,-79.94747161865234
1629753328,11016020,71B,0,3425,40.44315719604492,-79.95647430419922
1629753349,6441020,G2,0,3303,40.42610168457031,-80.07290649414062
1629753360,9231020,P12,0,3424,40.45851516723633,-79.70791625976562
1629753365,11776020,P1,0,3423,40.459381103515625,-79.92301940917969
1629753352,12319020,71D,0,3421,40.45279312133789,-79.92140197753906
1629753331,449020,P78,0,5721,40.53993225097656,-79.83081817626953
1629753357,-362979994,87,1,5722,40.48338317871094,-79.94965362548828
1629753343,2977020,91,0,5605,40.49470901489258,-79.88639831542969
1629753374,14041020,P3,0,3308,40.45725631713867,-79.95111846923828
1629753363,8918020,P1,0,3321,40.45528030395508,-79.90487670898438
1629753362,61020,P1,0,3320,40.44345474243164,-79.995849609375
1629753349,11195020,61D,0,3318,40.43674087524414,-79.92291259765625
1629753374,5013020,61A,0,3317,40.442970275878906,-79.95431518554688
1629753352,4890020,61C,0,3315,40.42243194580078,-79.92884063720703
1629753365,9946020,61B,0,3313,40.437129974365234,-79.97371673583984
1629753362,12184020,61D,0,3311,40.42505645751953,-79.92813110351562
1629753341,14712020,31,0,5611,40.44153594970703,-80.0210952758789
1629753354,5755020,65,0,5614,40.43257141113281,-79.93411254882812
1629752817,12758020,P1,0,3332,40.4151611328125,-79.8795394897461
1629753346,3943020,71D,0,3210,40.44628143310547,-79.95209503173828
1629753351,12993020,P1,0,3331,40.44655990600586,-79.8885726928711
1629753343,8535020,71B,0,3208,40.44676971435547,-79.95054626464844
1629753365,4390020,P78,0,3329,40.442962646484375,-79.87679290771484
1629753375,8519020,61D,0,3207,40.441715240478516,-79.95675659179688
1629753372,1045020,61B,0,3206,40.4375114440918,-79.97193145751953
1629753350,1918020,71A,0,3327,40.45785140991211,-79.93411254882812
1629753373,4349020,28X,0,3326,40.47182846069336,-80.24764251708984
1629753365,10811020,61C,0,3205,40.4376335144043,-79.98432922363281
1629753361,960020,71A,0,3325,40.43665313720703,-79.96944427490234
1629753350,585020,61D,0,3202,40.444541931152344,-79.94236755371094
1629753370,6125020,71B,0,3323,40.44142532348633,-79.9976806640625
1629753367,5478020,61A,0,3201,40.44099426269531,-80.00106048583984
1629753348,13381020,21,0,6610,40.53715515136719,-80.18470764160156
1629753350,7433020,P10,0,3220,40.44306564331055,-79.99752044677734
1629753354,50020,71C,0,3340,40.457027435302734,-79.93467712402344
1629753370,9118020,71A,0,3219,40.45228576660156,-79.95072937011719
1629753287,3209020,13,0,6608,40.515403747558594,-80.04473114013672
1629753368,13088020,P12,0,3339,40.44486999511719,-79.99069213867188
1629753361,-159193154,P67,1,3218,40.43851852416992,-79.83092498779297
1629753350,779020,P1,0,3338,40.415138244628906,-79.87952423095703
1629753365,10837020,P10,0,3217,40.45698165893555,-79.90925598144531
1629753374,8048020,71C,0,3337,40.44637680053711,-79.95201110839844
1629753363,5714020,P10,0,3336,40.46916580200195,-79.90876007080078
1629753364,5237020,71A,0,3335,40.436859130859375,-79.9700698852539
1629753375,13378020,86,0,3214,40.45943069458008,-79.9201889038086
1629753354,663020,P1,0,3213,40.419464111328125,-79.8864974975586
1629753356,10479020,P67,0,3334,40.43199920654297,-79.80191040039062
1629753348,5712020,P12,0,3212,40.442527770996094,-79.88663482666016
1629753360,11993020,29,0,5634,40.447757720947266,-80.15507507324219
1629753337,11755020,17,0,6602,40.48746871948242,-80.0400390625
1629753371,12368020,18,0,6606,40.45510482788086,-80.02056121826172
1629753359,13402020,51,0,6621,40.343971252441406,-79.94342803955078
1629753372,10052020,83,0,6620,40.4380989074707,-79.96176147460938
1629753355,382020,O1,0,3230,40.442134857177734,-79.99147033691406
1629753367,466020,28X,0,3226,40.438690185546875,-79.98910522460938
1629753340,3557020,71A,0,3225,40.439453125,-79.96166229248047
1629753375,6251020,31,0,6611,40.4417724609375,-80.02181243896484
1629753354,6519020,21,0,6614,40.44356918334961,-80.00491333007812
1629753348,9655020,24,0,6615,40.472042083740234,-80.07286071777344
1629753367,10056020,Y47,0,6618,40.330142974853516,-79.92351531982422
1629753374,745020,51,0,6617,40.441261291503906,-79.99783325195312
1629753355,11344020,51,0,5660,40.42868423461914,-79.98887634277344
1629753374,7620020,51,0,6630,40.341705322265625,-79.94387817382812
1629753357,6733020,2,0,6511,40.45759201049805,-79.98798370361328
1629753353,6466020,14,0,6510,40.478878021240234,-80.04315185546875
1629753367,9189020,Y1,0,6631,40.34111022949219,-79.96517181396484
1629753345,8170020,61B,0,3244,40.43803405761719,-79.92779541015625
1629753359,13191020,71C,0,3240,40.44544982910156,-79.95337677001953
1629753346,2598020,G2,0,3238,40.4518928527832,-80.05216979980469
1629753375,6854020,51,0,6623,40.420379638671875,-79.98641967773438
1629753364,4129020,52L,0,5654,40.43598175048828,-79.9955825805664
1629753374,7497020,91,0,6502,40.44364929199219,-79.99530792236328
1629753373,3149020,17,0,6501,40.46778869628906,-80.0251235961914
1629753364,759020,51,0,5655,40.43133544921875,-80.00231170654297
1629753370,9866020,59,0,6622,40.35191345214844,-79.86219024658203
1629753359,5434020,93,0,6625,40.44765090942383,-79.94938659667969
1629753368,14061020,14,0,6503,40.59140396118164,-80.22745513916016
1629753373,12109020,13,0,6506,40.516658782958984,-80.03862762451172
1629753358,11107020,93,0,6627,40.48295974731445,-79.94791412353516
1629753367,11470020,53L,0,6626,40.407474517822266,-79.908935546875
1629753374,9135020,54,0,6505,40.419979095458984,-79.9973373413086
1629753366,4586020,59,0,6629,40.388240814208984,-79.82215881347656
1629753357,1200020,8,0,6508,40.51751708984375,-80.03778076171875
1629753353,14716020,1,0,6507,40.47700500488281,-79.96900939941406
1629753365,3614020,87,0,5670,40.463985443115234,-79.94957733154297
1629753353,11882020,26,0,6520,40.44076156616211,-80.0717544555664
1629753374,1161020,71D,0,6640,40.44996643066406,-79.89187622070312
1629753356,12524020,67,0,6643,40.44599533081055,-79.89171600341797
1629753362,9276020,8,0,6401,40.48412322998047,-80.01348876953125
1629753357,8512020,31,0,6521,40.36222839355469,-80.11061096191406
1629753373,3759020,61C,0,3255,40.43866729736328,-79.93387603759766
1629753336,1588020,61A,0,3253,40.43875503540039,-79.98965454101562
1629753322,1104020,61C,0,3252,40.44227981567383,-79.99984741210938
1629753356,10862020,61A,0,3251,40.43783950805664,-79.93070983886719
1629753350,4493020,P7,0,3248,40.415164947509766,-79.8830795288086
1629753366,12105020,61B,0,3247,40.444496154785156,-79.94727325439453
1629753334,744020,51,0,6634,40.39712142944336,-79.98792266845703
1629753252,12683020,15,0,6512,40.482025146484375,-80.00277709960938
1629753351,13015020,51L,0,6633,40.371551513671875,-79.97533416748047
1629753374,123020,24,0,6515,40.46440505981445,-80.05779266357422
1629753367,11451020,69,0,6636,40.38702392578125,-79.7574462890625
1629753368,5919020,G31,0,6517,40.44377899169922,-80.02716064453125
1629753357,1242020,41,0,6516,40.44179916381836,-79.99964141845703
1629753355,291020,38,0,6519,40.386810302734375,-80.0895004272461
1629753368,7316020,87,0,6650,40.44295883178711,-79.99768829345703
1629753354,2943020,2,0,6410,40.54859924316406,-80.02070617675781
1629753375,1199020,61D,0,6531,40.410972595214844,-79.90664672851562
1629753350,13427020,71C,0,6652,40.455482482910156,-79.93997955322266
1629753360,11357020,61C,0,6530,40.43760299682617,-79.97228240966797
1629753370,10887020,P78,0,6651,40.5395393371582,-79.83069610595703
1629753371,9993020,14,0,6412,40.571205139160156,-80.2161636352539
1629753370,8671020,82,0,6654,40.44424819946289,-79.97909545898438
1629753353,27020,P1,0,3259,40.45088577270508,-79.98091888427734
1629753238,6647020,56,0,6524,40.34669494628906,-79.82974243164062
1629753362,7217020,O5,0,6403,40.55010986328125,-79.99779510498047
1629753353,9456020,P16,0,6645,40.44248962402344,-79.99968719482422
1629753349,6276020,36,0,6523,40.354393005371094,-80.05010986328125
1629753356,4477020,91,0,6402,40.487979888916016,-79.93827056884766
1629753370,9795020,56,0,6526,40.35219192504883,-79.90740203857422
1629753347,3586020,55,0,6525,40.33177185058594,-79.929931640625
1629753344,8090020,79,0,6646,40.449893951416016,-79.89183044433594
1629753356,4364020,16,0,6407,40.455039978027344,-80.00883483886719
1629753371,9004020,87,0,6649,40.44386291503906,-79.9979019165039
1629753373,2757020,91,0,6406,40.494319915771484,-79.92973327636719
1629753363,6484020,Y45,0,6527,40.34571075439453,-80.0069580078125
1629753372,2220020,Y46,0,6529,40.38286209106445,-79.99659729003906
1629753372,3255020,52L,0,6540,40.37166213989258,-79.8446044921875
1629753350,8096020,29,0,6421,40.43803024291992,-80.06873321533203
1629753311,8332020,P71,0,6542,40.414710998535156,-79.8788070678711
1629753350,4879020,82,0,6544,40.472984313964844,-79.88861846923828
1629753363,611020,21,0,6422,40.5051155090332,-80.1042709350586
1629753370,6978020,P16,0,6543,40.47748947143555,-79.78498840332031
1629753375,1102020,13,0,6414,40.476375579833984,-80.0399398803711
1629753358,8115020,57,0,6535,40.414772033691406,-79.92466735839844
1629753341,12770020,61A,0,6534,40.41371536254883,-79.85332489013672
1629753370,7857020,41,0,6416,40.349205017089844,-80.10466003417969
1629753364,12403020,52L,0,6537,40.42439270019531,-79.92713928222656
1629753371,4798020,60,0,6538,40.35149002075195,-79.8650894165039
1629753354,8310020,28X,0,6551,40.45232009887695,-80.05252075195312
1629753375,12193020,61A,0,6432,40.40546417236328,-79.86410522460938
1629753371,7476020,75,0,6553,40.44369888305664,-79.95573425292969
1629753329,11789020,1,0,6310,40.602691650390625,-79.75531768798828
1629753373,11792020,P17,0,6552,40.470741271972656,-79.89232635498047
1629753374,2148020,58,0,6555,40.41984939575195,-79.93089294433594
1629753363,1534020,6,0,6313,40.446041107177734,-79.98881530761719
1629753356,13311020,19L,0,6312,40.44356918334961,-80.0046615600586
1629753373,12086020,64,0,6554,40.4605827331543,-79.94586181640625
1629753322,9439020,71C,0,6546,40.44987487792969,-79.89169311523438
1629753356,7501020,89,0,6545,40.460811614990234,-79.92765045166016
1629753337,4894020,12,0,6306,40.493568420410156,-80.0114974975586
1629753374,-663634680,87,1,6548,40.46099853515625,-79.93329620361328
1629753338,5084020,71D,0,6547,40.454444885253906,-79.91194152832031
1629753356,14295020,91,0,6305,40.48857879638672,-79.8779067993164
1629753316,6822020,G3,0,6426,40.413612365722656,-80.08061218261719
1629753366,3009020,12,0,6308,40.460243225097656,-79.99895477294922
1629753357,12300020,56,0,6429,40.43560028076172,-79.99458312988281
1629753353,11660020,13,0,6307,40.44449234008789,-80.00102233886719
1629753355,7446020,59,0,6428,40.41345977783203,-79.8451919555664
1629753368,9823020,71C,0,6549,40.44062423706055,-79.88700103759766
1629753370,9081020,38,0,6320,40.442527770996094,-80.0238265991211
1629753358,6937020,57,0,6441,40.41178894042969,-79.92280578613281
1629753373,7361020,55,0,6443,40.308502197265625,-79.88919830322266
1629753363,1343020,91,0,6201,40.48950958251953,-79.90352630615234
1629753374,9571020,61A,0,6442,40.440521240234375,-79.88101196289062
1629753358,9831020,27,0,6324,40.44142150878906,-80.06867218017578
1629753375,4140020,51L,0,6445,40.419437408447266,-79.9896011352539
1629753324,13069020,16,0,6202,40.50368118286133,-80.07437133789062
1629753359,6286020,39,0,6323,40.44526672363281,-79.99021911621094
1629753339,6900020,17,0,6315,40.44700622558594,-80.00171661376953
1629753360,9086020,Y46,0,6436,40.33539962768555,-79.9467544555664
1629753355,3811020,88,0,6556,40.46565628051758,-79.95519256591797
1629753339,12051020,29,0,6317,40.445556640625,-79.98995208740234
1629753345,10157020,64,0,6438,40.430171966552734,-79.92350769042969
1629753374,2348020,54,0,6316,40.444847106933594,-79.9542007446289
1629753364,1189020,P68,0,6558,40.43374252319336,-79.75643920898438
1629753308,12280020,26,0,6318,40.44126892089844,-80.00615692138672
1629753371,13314020,52L,0,6439,40.37177276611328,-79.84428405761719
1629753356,8982020,58,0,6452,40.437530517578125,-79.96361541748047
1629753375,3724020,2,0,6212,40.4647331237793,-79.9796371459961
1629753370,-1576299209,38,1,6332,40.41047286987305,-80.04723358154297
1629753372,1600020,75,0,6453,40.47539520263672,-79.93004608154297
1629753349,10635020,Y46,0,6335,40.43007278442383,-80.00466918945312
1629753350,2662020,61B,0,6334,40.407142639160156,-79.87519073486328
1629753375,1013020,91,0,6213,40.48303985595703,-79.9509048461914
1629753368,2209020,P10,0,6455,40.66484832763672,-79.70394134521484
1629753370,10446020,27,0,6326,40.457611083984375,-80.07344055175781
1629753370,-551222955,91,1,6205,40.501346588134766,-80.02229309082031
1629753355,8542020,20,0,6325,40.4403076171875,-80.00444030761719
1629753373,12570020,67,0,6449,40.43979263305664,-79.87609100341797
1629753362,9974020,29,0,6327,40.440860748291016,-80.20780181884766
1629753357,11444020,8,0,6206,40.44407272338867,-79.99851989746094
1629753365,14543020,Y47,0,6448,40.41377639770508,-80.01107025146484
1629753365,6079020,12,0,6209,40.55192565917969,-80.0235366821289
1629753364,1438020,61A,0,6340,40.415775299072266,-79.87873077392578
1629753361,2313020,20,0,6221,40.46505355834961,-80.0676498413086
1629753321,13924020,P69,0,6463,40.440948486328125,-79.99578094482422
1629753359,287020,87,0,6462,40.48175048828125,-79.93952941894531
1629753370,692020,16,0,6102,40.494224548339844,-80.05284881591797
1629753351,13992020,27,0,6223,40.441566467285156,-80.02117919921875
1629753363,4897020,P76,0,6343,40.32300567626953,-79.82096862792969
1629753371,8185020,61A,0,6346,40.40412902832031,-79.86720275878906
1629753351,6452020,91,0,6104,40.461055755615234,-79.96955108642578
1629753366,1709020,G2,0,6225,40.405517578125,-80.09072875976562
1629753366,7876020,22,0,6224,40.4395637512207,-80.0167007446289
1629753366,2987020,O5,0,6103,40.44279098510742,-79.99662017822266
1629753335,2430020,Y47,0,6337,40.36122131347656,-79.99104309082031
1629753353,3880020,P7,0,6336,40.35063934326172,-79.86744689941406
1629753370,8917020,51,0,6339,40.429908752441406,-79.99850463867188
1629753353,9336020,G3,0,6218,40.42570114135742,-80.12471771240234
1629753368,3468020,41,0,6217,40.37989807128906,-80.06307220458984
1629753366,9449020,83,0,6338,40.44054412841797,-79.96875762939453
1629753374,4410020,P10,0,6459,40.560279846191406,-79.77266693115234
1629753374,11541020,29,0,6219,40.44386291503906,-80.05512237548828
1629753372,3853020,36,0,6230,40.355979919433594,-80.05147552490234
1629753351,10149020,P3,0,6351,40.44295120239258,-79.95677185058594
1629753351,5154020,51,0,6353,40.380672454833984,-79.97625732421875
1629753373,13052020,61C,0,6111,40.425357818603516,-79.92794799804688
1629753315,3503020,22,0,6110,40.46723175048828,-80.09729766845703
1629753331,9717020,41,0,6231,40.37996292114258,-80.06299591064453
1629753357,11814020,59,0,6113,40.40626907348633,-79.89388275146484
1629753356,12179020,61C,0,6355,40.442970275878906,-79.95431518554688
1629753363,3408020,P3,0,6233,40.451072692871094,-79.89429473876953
1629753308,13366020,P76,0,6112,40.442100524902344,-80.00112915039062
1629753372,13677020,81,0,6236,40.44562911987305,-79.953125
1629753363,5899020,83,0,6115,40.44053649902344,-79.99073791503906
1629753370,1472020,93,0,6357,40.4122428894043,-79.9407730102539
1629753368,1514020,P76,0,6114,40.328765869140625,-79.8170166015625
1629753367,11865020,1,0,6106,40.49502182006836,-79.936767578125
1629753374,11548020,61D,0,6348,40.427825927734375,-79.92576599121094
1629753337,11577020,54,0,6105,40.46556854248047,-79.95573425292969
1629753352,7067020,82,0,6468,40.45601272583008,-79.93821716308594
1629753368,8989020,20,0,6229,40.503684997558594,-80.13555908203125
1629753372,12864020,G31,0,6228,40.43130874633789,-80.06861114501953
1629753342,7565020,51,0,6241,40.42061233520508,-79.98619079589844
1629753363,4900020,55,0,6240,40.35540008544922,-79.83981323242188
1629753357,8573020,75,0,6364,40.488765716552734,-79.89338684082031
1629753367,7434020,P13,0,6001,40.5634880065918,-79.98928833007812
1629753355,10008020,Y49,0,6243,40.357242584228516,-79.95670318603516
1629753353,2756020,67,0,6363,40.44192123413086,-79.95646667480469
1629753372,3140020,Y49,0,6242,40.436805725097656,-80.00115966796875
1629753285,3360020,Y49,0,6121,40.330440521240234,-79.9238052368164
1629753369,2716020,12,0,6003,40.57423400878906,-80.01598358154297
1629753371,8134020,61A,0,6124,40.43967056274414,-79.96134185791016
1629753336,5343020,86,0,6366,40.457881927490234,-79.93195343017578
1629753363,14483020,13,0,6002,40.44981002807617,-80.0009536743164
1629753368,6042020,53L,0,6244,40.34220886230469,-79.94409942626953
1629753335,12727020,88,0,6368,40.456787109375,-79.91355895996094
1629753362,12763020,91,0,6005,40.45111846923828,-79.98249053955078
1629753366,921020,69,0,6367,40.40190505981445,-79.81977081298828
1629753373,993020,93,0,6246,40.41975402832031,-79.92920684814453
1629753365,3572020,93,0,6125,40.43782043457031,-79.96427917480469
1629753322,9523020,P68,0,6360,40.45456314086914,-79.93537902832031
1629753368,11918020,59,0,6238,40.36220169067383,-79.8554458618164
1629753370,11692020,61D,0,6117,40.444637298583984,-79.94388580322266
1629753372,3810020,64,0,6237,40.45247268676758,-79.93120574951172
1629753347,8945020,51L,0,6239,40.390140533447266,-79.9859390258789
1629753372,1197020,Y46,0,6131,40.286495208740234,-79.89598083496094
1629753374,8009020,51,0,6130,40.365394592285156,-79.98257446289062
1629753353,6969020,81,0,6251,40.43740463256836,-79.97177124023438
1629753350,5028020,59,0,6133,40.38270950317383,-79.86865234375
1629753358,14201020,59,0,6134,40.41152572631836,-79.90811157226562
1629753369,2341020,P16,0,6258,40.44151306152344,-79.88114929199219
1629753351,11329020,P78,0,6137,40.454097747802734,-79.85865783691406
1629753375,5058020,39,0,6015,40.38926315307617,-80.00920104980469
1629753354,9428020,81,0,6250,40.44295120239258,-79.99791717529297
1629753352,3708020,16,0,6007,40.44154357910156,-80.00328826904297
1629753374,3391020,14,0,6006,40.51044464111328,-80.09583282470703
1629753375,3869020,56,0,6248,40.354270935058594,-79.91300964355469
1629753357,10420020,82,0,6369,40.44321060180664,-79.98088073730469
1629753359,3743020,15,0,6009,40.442352294921875,-80.00019836425781
1629753372,11207020,54,0,6008,40.45465850830078,-80.00847625732422
1629753367,10180020,67,0,6142,40.44129943847656,-80.00399017333984
1629753371,9988020,77,0,6263,40.47080612182617,-79.82139587402344
1629753348,13075020,75,0,6262,40.490055084228516,-79.87010955810547
1629753372,13277020,77,0,6265,40.47707748413086,-79.78754425048828
1629753322,10917020,G2,0,6023,40.44195556640625,-80.0223388671875
1629753347,11948020,39,0,6022,40.43962478637695,-79.99691009521484
1629753360,352020,67,0,6143,40.43965148925781,-79.95960235595703
1629753368,4935020,39,0,6025,40.420127868652344,-80.0086441040039
1629753355,11887020,P16,0,6146,40.45680618286133,-79.93225860595703
1629753366,2186020,P68,0,6267,40.39498519897461,-79.8392105102539
1629753374,3131020,P12,0,6266,40.45177459716797,-79.71318054199219
1629753337,12810020,26,0,6027,40.45238494873047,-80.0658187866211
1629753368,4848020,P69,0,6269,40.42101287841797,-79.85224914550781
1629753368,2200020,28X,0,6268,40.4566764831543,-79.91202545166016
1629753372,14174020,74,0,6147,40.46505355834961,-79.89264678955078
1629753363,1593020,77,0,6261,40.452659606933594,-79.75059509277344
1629753371,6574020,G31,0,6018,40.44402313232422,-79.99205017089844
1629753363,853020,P71,0,6139,40.42249298095703,-79.89498901367188
1629753372,11409020,48,0,6017,40.417701721191406,-79.98656463623047
1629753372,12217020,86,0,6138,40.4420166015625,-80.00086975097656
1629753362,3558020,53L,0,6032,40.439674377441406,-80.0020980834961
1629753362,11966020,75,0,6274,40.428306579589844,-79.97311401367188
1629753368,11326020,56,0,6031,40.43581008911133,-79.97265625
1629753348,3401020,67,0,6152,40.43738555908203,-79.82878875732422
1629753372,14171020,61B,0,6034,40.439598083496094,-79.89791870117188
1629753362,12550020,71A,0,7002,40.461368560791016,-79.93197631835938
1629753374,4547020,88,0,7001,40.462398529052734,-79.96756744384766
1629753374,1926020,P68,0,6275,40.401187896728516,-79.84115600585938
1629753361,4112020,P16,0,6156,40.44367218017578,-79.99250793457031
1629753369,4197020,59,0,6038,40.41202163696289,-79.88117980957031
1629753372,6230020,67,0,6159,40.453407287597656,-79.7507553100586
1629753358,13658020,67,0,6158,40.45271682739258,-79.75076293945312
1629753349,12005020,69,0,6270,40.408939361572266,-79.84244537353516
1629753366,13840020,74,0,6272,40.43839645385742,-79.92298126220703
1629753374,13824020,77,0,6149,40.441558837890625,-79.99247741699219
1629753373,5570020,57,0,6043,40.44004821777344,-80.00473022460938
1629753365,10259020,82,0,6049,40.456363677978516,-79.93704223632812
1629753358,8363020,69,0,6160,40.449920654296875,-79.8916015625
1629753368,-125165846,7,1,1701,40.46097183227539,-79.98787689208984
1629753358,4604020,11,0,1707,40.44574737548828,-79.989501953125
1629753371,13625020,4,0,1704,40.4566764831543,-79.99146270751953
1629753368,4626020,77,0,6056,40.45600509643555,-79.9652328491211
1629753341,10148020,75,0,6059,40.44393539428711,-79.9554214477539
1629753351,11355020,P17,0,6052,40.44136428833008,-80.00206756591797
1629753359,13266020,P71,0,6051,40.44086456298828,-79.99615478515625
1629753352,2376020,11,0,1711,40.442447662353516,-79.99983978271484
1629753372,11833020,11,0,1710,40.46427536010742,-80.01248931884766
1629753350,3275020,44,0,1718,40.4096565246582,-79.977294921875
1629753371,1051020,44,0,1716,40.436805725097656,-80.00115203857422
1629753347,2035020,44,0,1713,40.41661834716797,-79.98950958251953
1629753351,11666020,44,0,1723,40.44282150268555,-79.9968032836914
1629753351,7721020,48,0,1720,40.426910400390625,-79.96864318847656
1629753374,6992020,38,0,1729,40.3948860168457,-80.06820678710938
1629753374,7922020,43,0,1728,40.42967987060547,-79.99934387207031
1629753362,14262020,44,0,1727,40.39305114746094,-79.97626495361328
1629753319,9149020,44,0,1726,40.3900260925293,-79.9762954711914
1629753371,7684020,40,0,1724,40.43849182128906,-80.01962280273438
1629753373,3687020,2,0,5904,40.54316711425781,-79.97233581542969
1629753046,12540020,54,0,5905,40.45208740234375,-80.00652313232422
1629753322,1300020,14,0,5907,40.44721221923828,-80.02002716064453
1629753360,3161020,6,0,5908,40.45622634887695,-79.99491882324219
1629753361,3940020,54,0,5909,40.4397087097168,-79.96128845214844
1629753370,14305020,54,0,5901,40.414405822753906,-79.98829650878906
1629753367,5488020,8,0,5902,40.478179931640625,-80.01204681396484
1629753367,21020,54,0,5903,40.465633392333984,-79.955322265625
1629753369,10288020,24,0,5918,40.46611022949219,-80.13217163085938
1629753366,2805020,48,0,5919,40.441890716552734,-79.99958801269531
1629753352,2378020,1,0,5910,40.527320861816406,-79.85063934326172
1629753360,8606020,G2,0,5913,40.44297790527344,-79.9971923828125
1629753370,12018020,G3,0,5914,40.44242858886719,-79.99990844726562
1629753366,708020,91,0,5805,40.487823486328125,-79.88777923583984
1629753345,11796020,61D,0,5927,40.44044494628906,-79.9584732055664
1629753319,1247020,O12,0,5806,40.58618927001953,-80.03032684326172
1629753370,10144020,6,0,5809,40.45349884033203,-80.00060272216797
1629753357,7068020,64,0,5922,40.411109924316406,-79.906494140625
1629753364,13167020,61D,0,5923,40.43806076049805,-79.9236068725586
1629753351,13949020,2,0,5804,40.52708053588867,-80.00753021240234
1629753351,8811020,P76,0,5925,40.44001770019531,-79.87659454345703
1629753959,802020,51,0,5816,40.413429260253906,-79.98867797851562
1629753964,6639020,P12,0,5937,40.460113525390625,-79.95575714111328
1629753961,12510020,P7,0,5817,40.443668365478516,-79.8870849609375
1629753985,5382020,61B,0,5819,40.43842315673828,-79.99454498291016
1629753983,4122020,38,0,5810,40.4411506652832,-80.00920104980469
1629753953,13751020,59,0,5932,40.34590148925781,-79.88720703125
1629753979,4099020,O12,0,3406,40.586761474609375,-80.04279327392578
1629753981,5711020,17,0,5707,40.50094985961914,-80.02257537841797
1629753987,4697020,31,0,5708,40.3653564453125,-80.10846710205078
1629753982,7280020,O12,0,3403,40.50692367553711,-80.0068359375
1629753967,13784020,O12,0,3401,40.534324645996094,-80.01093292236328
1629753960,9296020,64,0,5940,40.42914581298828,-79.92379760742188
1629753985,5225020,P76,0,5820,40.45298385620117,-79.89913940429688
1629753951,6651020,P78,0,5942,40.44608688354492,-79.88825225830078
1629753981,6303020,16,0,5702,40.48388671875,-80.03569030761719
1629753965,9182020,P68,0,5823,40.43547821044922,-79.87162017822266
1629753978,2506020,P71,0,5944,40.440521240234375,-79.89452362060547
1629753982,-600584580,75,1,5945,40.48875045776367,-79.89185333251953
1629753961,5036020,15,0,5705,40.453834533691406,-80.00191497802734
1629753970,12175020,71D,0,3420,40.438419342041016,-79.98199462890625
1629753983,1573020,71C,0,3417,40.44142532348633,-79.9976806640625
1629753983,6182020,74,0,5717,40.466922760009766,-79.91028594970703
1629753987,526020,71D,0,3416,40.43894958496094,-79.9947280883789
1629753911,-909946434,P16,1,5718,40.44601821899414,-79.98919677734375
1629753985,8858020,71B,0,3415,40.43804168701172,-79.9941635131836
1629753978,12470020,P67,0,3414,40.44206619262695,-79.99495697021484
1629753932,4363020,71C,0,3412,40.44047546386719,-79.99967956542969
1629753956,252020,82,0,3411,40.4732551574707,-79.8878402709961
1629753977,6242020,P10,0,3410,40.54631805419922,-79.77041625976562
1629753963,3135020,21,0,5713,40.52722930908203,-80.20707702636719
1629753938,12623020,71A,0,3419,40.441993713378906,-79.95811462402344
1629753981,12103020,71D,0,3418,40.44780349731445,-79.93726348876953
1629753974,3986020,61D,0,3307,40.43894958496094,-79.9947280883789
1629753977,2744020,P3,0,3305,40.437835693359375,-79.96392059326172
1629753970,11016020,71B,0,3425,40.4483642578125,-79.93433380126953
1629753955,6441020,G2,0,3303,40.405540466308594,-80.09076690673828
1629753984,9231020,P12,0,3424,40.466094970703125,-79.70549774169922
1629753967,11776020,P1,0,3423,40.41897964477539,-79.88618469238281
1629753982,12319020,71D,0,3421,40.45231246948242,-79.88748168945312
1629753977,449020,P78,0,5721,40.5339241027832,-79.84487915039062
1629753988,-362979994,87,1,5722,40.48290252685547,-79.94801330566406
1629753984,2977020,91,0,5605,40.49901580810547,-79.88438415527344
1629753985,14041020,P3,0,3308,40.43181228637695,-79.88467407226562
1629753972,8918020,P1,0,3321,40.456268310546875,-79.97229766845703
1629753942,61020,P1,0,3320,40.450401306152344,-79.98191833496094
1629753989,11195020,61D,0,3318,40.443870544433594,-79.9555892944336
1629753960,5013020,61A,0,3317,40.43806076049805,-79.92420959472656
1629753978,4890020,61C,0,3315,40.40895462036133,-79.90387725830078
1629753985,9946020,61B,0,3313,40.44384002685547,-79.95101928710938
1629753974,12184020,61D,0,3311,40.4074821472168,-79.91880798339844
1629753951,14712020,31,0,5611,40.44377136230469,-80.02733612060547
1629753976,5755020,65,0,5614,40.435264587402344,-79.98573303222656
1629753989,3943020,71D,0,3210,40.45002365112305,-79.92902374267578
1629753969,12993020,P1,0,3331,40.44384765625,-79.88604736328125
1629753990,8535020,71B,0,3208,40.4505729675293,-79.92733764648438
1629753955,4390020,P78,0,3329,40.45966720581055,-79.84349060058594
1629753974,8519020,61D,0,3207,40.43806076049805,-79.92433166503906
1629753990,1045020,61B,0,3206,40.44125747680664,-79.99722290039062
1629753987,1918020,71A,0,3327,40.47871017456055,-79.9179916381836
1629753964,12264020,28X,0,3326,40.49637222290039,-80.25888061523438
1629753980,10811020,61C,0,3205,40.44217300415039,-79.95606231689453
1629753967,960020,71A,0,3325,40.440406799316406,-79.99480438232422
1629753982,585020,61D,0,3202,40.440284729003906,-79.96050262451172
1629753925,3527020,71B,0,3323,40.43960189819336,-79.99658203125
1629753970,13900020,61A,0,3201,40.43799591064453,-79.99353790283203
1629753980,7617020,P10,0,3220,40.442813873291016,-79.99846649169922
1629753959,50020,71C,0,3340,40.46074295043945,-79.92325592041016
1629753987,8587020,38,0,6609,40.365623474121094,-80.10858917236328
1629753985,9118020,71A,0,3219,40.463314056396484,-79.93077850341797
1629753952,3209020,13,0,6608,40.5165901184082,-80.03497314453125
1629753955,6483020,P12,0,3339,40.44255065917969,-79.99947357177734
1629753985,-159193154,P67,1,3218,40.4430046081543,-79.87982940673828
1629753967,12949020,P1,0,3338,40.419769287109375,-79.88665008544922
1629753965,10837020,P10,0,3217,40.481834411621094,-79.91986846923828
1629753987,8048020,71C,0,3337,40.45709991455078,-79.9345703125
1629753960,5714020,P10,0,3336,40.4581184387207,-79.9539566040039
1629753973,7916020,71A,0,3335,40.43804168701172,-79.99424743652344
1629753974,13378020,86,0,3214,40.456058502197266,-79.93816375732422
1629753973,10003020,P1,0,3213,40.414756774902344,-79.87882995605469
1629753971,5712020,P12,0,3212,40.4421272277832,-79.80699920654297
1629753978,11993020,29,0,5634,40.454933166503906,-80.19189453125
1629753978,11755020,17,0,6602,40.500858306884766,-80.02729797363281
1629753965,7123020,48,0,5636,40.4209098815918,-80.00589752197266
1629753970,8255020,18,0,6606,40.45414352416992,-80.02578735351562
1629753984,13402020,51,0,6621,40.34782409667969,-79.95161437988281
1629753817,10052020,83,0,6620,40.44385528564453,-79.95094299316406
1629753975,382020,O1,0,3230,40.507659912109375,-80.03021240234375
1629753947,466020,28X,0,3226,40.441593170166016,-80.00228881835938
1629753988,3557020,71A,0,3225,40.438880920410156,-79.99264526367188
1629753963,6251020,31,0,6611,40.443843841552734,-79.9945068359375
1629753977,6519020,21,0,6614,40.44236755371094,-80.0235595703125
1629753927,9655020,24,0,6615,40.46968078613281,-80.10092163085938
1629753906,12960020,Y47,0,6618,40.33015441894531,-79.92350006103516
1629753963,745020,51,0,6617,40.428749084472656,-79.98638153076172
1629753989,11344020,51,0,5660,40.414730072021484,-79.9877700805664
1629753987,7620020,51,0,6630,40.36164093017578,-79.93014526367188
1629753942,5941020,2,0,6511,40.442535400390625,-79.99976348876953
1629753980,6466020,14,0,6510,40.44751739501953,-80.01962280273438
1629753955,9189020,Y1,0,6631,40.30939865112305,-79.9371337890625
1629753979,8170020,61B,0,3244,40.43690490722656,-79.89649963378906
1629753974,13191020,71C,0,3240,40.43836975097656,-79.98080444335938
1629753974,9529020,54,0,6509,40.4490852355957,-79.98782348632812
1629753979,2598020,G2,0,3238,40.44271469116211,-79.99883270263672
1629753954,6854020,51,0,6623,40.43064498901367,-80.00069427490234
1629753979,5603020,52L,0,5654,40.43451690673828,-79.99028778076172
1629753942,7497020,91,0,6502,40.46268844604492,-79.9671630859375
1629753978,3149020,17,0,6501,40.45470428466797,-80.0105972290039
1629753988,13977020,51,0,5655,40.43968963623047,-79.99895477294922
1629753929,9866020,59,0,6622,40.35097122192383,-79.8760986328125
1629753987,5434020,93,0,6625,40.4359016418457,-79.95899963378906
1629753974,14061020,14,0,6503,40.59140396118164,-80.22745513916016
1629753983,12109020,13,0,6506,40.50025939941406,-80.05303192138672
1629753987,14401020,93,0,6627,40.484100341796875,-79.94772338867188
1629753935,11470020,53L,0,6626,40.40794372558594,-79.91349029541016
1629753980,9135020,54,0,6505,40.42098617553711,-80.00566101074219
1629753918,1200020,8,0,6508,40.517539978027344,-80.0368881225586
1629753970,14716020,1,0,6507,40.4515380859375,-80.00110626220703
1629753964,3614020,87,0,5670,40.47319412231445,-79.93053436279297
1629753959,11882020,26,0,6520,40.45950698852539,-80.0642318725586
1629753965,2123020,71C,0,6640,40.44997024536133,-79.89189147949219
1629753980,12524020,67,0,6643,40.44547653198242,-79.93083190917969
1629753975,9276020,8,0,6401,40.45587921142578,-80.00676727294922
1629753955,8512020,31,0,6521,40.387779235839844,-80.09310150146484
1629753987,3759020,61C,0,3255,40.44207763671875,-79.95804595947266
1629753979,8178020,61A,0,3253,40.440338134765625,-79.99932861328125
1629753979,12674020,61C,0,3252,40.44052505493164,-79.99575805664062
1629753938,10862020,61A,0,3251,40.439579010009766,-79.89892578125
1629753952,10287020,P7,0,3250,40.45924758911133,-79.96675109863281
1629753956,4493020,P7,0,3248,40.3800048828125,-79.85433959960938
1629753989,12105020,61B,0,3247,40.437828063964844,-79.9641342163086
1629753973,2345020,6,0,6512,40.473114013671875,-80.00053405761719
1629753981,123020,24,0,6515,40.44087219238281,-80.00415802001953
1629753970,11451020,69,0,6636,40.396385192871094,-79.7938232421875
1629753975,7954020,41,0,6516,40.42658996582031,-80.00530242919922
1629753979,7316020,87,0,6650,40.462738037109375,-79.95783996582031
1629753977,2943020,2,0,6410,40.53689956665039,-80.0111312866211
1629753968,373020,61D,0,6531,40.41107177734375,-79.90668487548828
1629753980,13427020,71C,0,6652,40.44207763671875,-79.95805358886719
1629753978,11357020,61C,0,6530,40.441368103027344,-79.99754333496094
1629753962,10887020,P78,0,6651,40.540916442871094,-79.83232116699219
1629753988,9993020,14,0,6412,40.53757858276367,-80.17777252197266
1629753982,13686020,51L,0,6533,40.436981201171875,-80.00077056884766
1629753978,8671020,82,0,6654,40.45268630981445,-79.949462890625
1629753989,27020,P1,0,3259,40.453067779541016,-79.89942932128906
1629753966,10644020,56,0,6524,40.353553771972656,-79.83712005615234
1629753986,7217020,O5,0,6403,40.57963562011719,-79.99481201171875
1629753983,9456020,P16,0,6645,40.4420051574707,-79.99500274658203
1629753979,6276020,36,0,6523,40.384178161621094,-80.05294799804688
1629753988,1229020,71D,0,6644,40.44391632080078,-79.88592529296875
1629753985,4477020,91,0,6402,40.487274169921875,-79.8954849243164
1629753990,9795020,56,0,6526,40.35198211669922,-79.85989379882812
1629753976,3586020,55,0,6525,40.344425201416016,-79.94804382324219
1629753977,6942020,79,0,6646,40.44990539550781,-79.89185333251953
1629753974,13230020,16,0,6407,40.442020416259766,-80.0015640258789
1629753989,4920020,87,0,6649,40.44980239868164,-79.98438262939453
1629753986,2757020,91,0,6406,40.47395706176758,-79.95796966552734
1629753973,6484020,Y45,0,6527,40.32075119018555,-79.98895263671875
1629753981,8286020,15,0,6408,40.44615936279297,-79.98866271972656
1629753979,2220020,Y46,0,6529,40.41335678100586,-80.01079559326172
1629753987,3255020,52L,0,6540,40.37166213989258,-79.8446044921875
1629753967,8096020,29,0,6421,40.44232940673828,-80.0335922241211
1629753927,8332020,P71,0,6542,40.414710998535156,-79.8788070678711
1629753982,11726020,82,0,6544,40.46168899536133,-79.90763092041016
1629753963,611020,21,0,6422,40.466163635253906,-80.06059265136719
1629753976,6978020,P16,0,6543,40.489219665527344,-79.77757263183594
1629753962,1102020,13,0,6414,40.4549674987793,-80.00919342041016
1629753984,8115020,57,0,6535,40.41337203979492,-79.90320587158203
1629753985,12770020,61A,0,6534,40.41371536254883,-79.85332489013672
1629753983,7857020,41,0,6416,40.349205017089844,-80.10466003417969
1629753975,12403020,52L,0,6537,40.408851623535156,-79.90547180175781
1629753969,10618020,21,0,6417,40.537696838378906,-80.18550109863281
1629753990,10992020,60,0,6538,40.31815719604492,-79.83405303955078
1629753987,8310020,28X,0,6551,40.4423942565918,-79.9999771118164
1629753987,12193020,61A,0,6432,40.41371154785156,-79.85354614257812
1629753988,7476020,75,0,6553,40.456336975097656,-79.93047332763672
1629753981,11789020,1,0,6310,40.56413650512695,-79.76611328125
1629753982,124020,79,0,6552,40.469058990478516,-79.86231231689453
1629753982,2148020,58,0,6555,40.435001373291016,-79.95602416992188
1629753984,7009020,6,0,6313,40.442535400390625,-79.99976348876953
1629753988,13311020,19L,0,6312,40.494117736816406,-80.05262756347656
1629753955,12086020,64,0,6554,40.4509391784668,-79.93030548095703
1629753979,9484020,1,0,6304,40.44635009765625,-79.98846435546875
1629753968,1154020,86,0,6546,40.449867248535156,-79.89169311523438
1629753954,7501020,89,0,6545,40.46160125732422,-79.9271011352539
1629753985,4894020,12,0,6306,40.54594802856445,-80.0054702758789
1629753974,-663634680,87,1,6548,40.48588562011719,-79.92642974853516
1629753977,5084020,71D,0,6547,40.4476203918457,-79.93974304199219
1629753984,14295020,91,0,6305,40.49066925048828,-79.90740966796875
1629753933,6822020,G3,0,6426,40.49998474121094,-80.21551513671875
1629753957,2434020,12,0,6308,40.442440032958984,-79.9998550415039
1629753988,11198020,56,0,6429,40.43769454956055,-79.99677276611328
1629753983,11660020,13,0,6307,40.45433807373047,-80.01251220703125
1629753979,7446020,59,0,6428,40.40306091308594,-79.86827087402344
1629753971,9823020,71C,0,6549,40.453643798828125,-79.9118423461914
1629753975,9081020,38,0,6320,40.433738708496094,-80.03780364990234
1629753977,6937020,57,0,6441,40.41415023803711,-79.95014190673828
1629753943,7361020,55,0,6443,40.340023040771484,-79.88800048828125
1629753978,9571020,61A,0,6442,40.43803405761719,-79.91893005371094
1629753902,2988020,27,0,6324,40.44144821166992,-80.06874084472656
1629753970,4140020,51L,0,6445,40.4061279296875,-79.99205780029297
1629753980,7202020,16,0,6202,40.503501892089844,-80.07447052001953
1629753973,6286020,39,0,6323,40.44526672363281,-79.99021911621094
1629753978,6900020,17,0,6315,40.45602798461914,-80.00392150878906
1629753972,9086020,Y46,0,6436,40.291988372802734,-79.89410400390625
1629753989,3811020,88,0,6556,40.45064926147461,-79.98316955566406
1629753975,12051020,29,0,6317,40.43952178955078,-80.01022338867188
1629753972,10157020,64,0,6438,40.40492248535156,-79.9205551147461
1629753989,2348020,54,0,6316,40.45787811279297,-79.94740295410156
1629753955,1189020,P68,0,6558,40.42908477783203,-79.7490234375
1629753976,12280020,26,0,6318,40.44321060180664,-80.02574157714844
1629753965,13314020,52L,0,6439,40.36346435546875,-79.85899353027344
1629753981,8982020,58,0,6452,40.423065185546875,-79.9397964477539
1629753966,3724020,2,0,6212,40.49142074584961,-79.96941375732422
1629753982,1960020,38,0,6332,40.44343948364258,-80.0284423828125
1629753990,1600020,75,0,6453,40.48788070678711,-79.89765167236328
1629753761,11578020,71B,0,6456,40.451961517333984,-79.92420196533203
1629753957,10635020,Y46,0,6335,40.40248489379883,-80.00210571289062
1629753975,2662020,61B,0,6334,40.431739807128906,-79.89325714111328
1629753975,1013020,91,0,6213,40.487979888916016,-79.93827056884766
1629753978,10446020,27,0,6326,40.441619873046875,-80.04080200195312
1629753869,-551222955,91,1,6205,40.501346588134766,-80.02229309082031
1629753912,9659020,20,0,6325,40.440093994140625,-80.01773834228516
1629753990,9974020,29,0,6327,40.44770431518555,-80.1785888671875
1629753960,12941020,8,0,6206,40.45603942871094,-80.0025863647461
1629753982,14543020,Y47,0,6448,40.43601989746094,-80.0013656616211
1629753976,6079020,12,0,6209,40.54668426513672,-80.00743865966797
1629753987,2313020,20,0,6221,40.49113845825195,-80.11151123046875
1629753940,10656020,P69,0,6463,40.44486618041992,-79.99069213867188
1629753949,287020,87,0,6462,40.46166229248047,-79.93536376953125
1629753968,3566020,P3,0,6341,40.42390060424805,-79.8863525390625
1629753982,692020,16,0,6102,40.46837615966797,-80.02522277832031
1629753986,13992020,27,0,6223,40.44358444213867,-80.02693939208984
1629753989,8185020,61A,0,6346,40.41545486450195,-79.8773422241211
1629753974,6452020,91,0,6104,40.44346618652344,-79.99939727783203
1629753971,1709020,G2,0,6225,40.44922637939453,-80.06224822998047
1629753932,13996020,22,0,6224,40.44025802612305,-80.00946807861328
1629753973,2987020,O5,0,6103,40.48347091674805,-80.00782012939453
1629753984,2430020,Y47,0,6337,40.33599853515625,-79.9728012084961
1629753984,8011020,P7,0,6336,40.35182571411133,-79.862060546875
1629753982,8917020,51,0,6339,40.43921661376953,-80.00138854980469
1629753967,9336020,G3,0,6218,40.43672180175781,-80.0674057006836
1629753976,3468020,41,0,6217,40.392433166503906,-80.03759765625
1629753990,9449020,83,0,6338,40.43730545043945,-79.9714584350586
1629753985,4410020,P10,0,6459,40.6054573059082,-79.7540054321289
1629753980,11541020,29,0,6219,40.439666748046875,-80.08899688720703
1629753953,3853020,36,0,6230,40.34347915649414,-80.05194854736328
1629753973,10149020,P3,0,6351,40.45475769042969,-79.94357299804688
1629753967,7335020,51,0,6353,40.380615234375,-79.97626495361328
1629753983,13052020,61C,0,6111,40.40772247314453,-79.9094467163086
1629753751,3503020,22,0,6110,40.46723175048828,-80.09729766845703
1629753978,9717020,41,0,6231,40.37813186645508,-80.091552734375
1629753970,11814020,59,0,6113,40.4121208190918,-79.9112777709961
1629753982,12179020,61C,0,6355,40.43805694580078,-79.92312622070312
1629753950,3408020,P3,0,6233,40.45038604736328,-79.94877624511719
1629753979,13366020,P76,0,6112,40.455810546875,-79.945068359375
1629753990,13677020,81,0,6236,40.44111251831055,-79.97001647949219
1629753984,5124020,83,0,6115,40.442955017089844,-79.9979019165039
1629753967,1472020,93,0,6357,40.434173583984375,-79.92723846435547
1629753985,1514020,P76,0,6114,40.37163543701172,-79.78965759277344
1629753983,11865020,1,0,6106,40.488372802734375,-79.89356994628906
1629753989,11548020,61D,0,6348,40.44449234008789,-79.9421157836914
1629753968,11577020,54,0,6105,40.44846725463867,-79.98715209960938
1629753986,7067020,82,0,6468,40.4453010559082,-79.97594451904297
1629753978,8989020,20,0,6229,40.47562026977539,-80.09835815429688
1629753987,12864020,G31,0,6228,40.441349029541016,-80.00383758544922
1629753968,7565020,51,0,6241,40.389957427978516,-79.98582458496094
1629753975,4900020,55,0,6240,40.3516960144043,-79.87342834472656
1629753973,8573020,75,0,6364,40.484859466552734,-79.92782592773438
1629753957,7434020,P13,0,6001,40.554527282714844,-80.02120971679688
1629753971,10008020,Y49,0,6243,40.343746185302734,-79.94483947753906
1629753986,2756020,67,0,6363,40.44399642944336,-79.92597961425781
1629753971,1828020,Y49,0,6121,40.34408187866211,-79.94461822509766
1629753984,4788020,Y49,0,6242,40.43673324584961,-80.00093078613281
1629753978,2716020,12,0,6003,40.58565902709961,-80.0386962890625
1629753990,8134020,61A,0,6124,40.43886184692383,-79.99198913574219
1629753982,5343020,86,0,6366,40.45864486694336,-79.91912078857422
1629753968,10518020,13,0,6002,40.4444694519043,-80.00110626220703
1629753960,6042020,53L,0,6244,40.34854507446289,-79.94336700439453
1629753980,13818020,88,0,6368,40.456787109375,-79.91355895996094
1629753988,12763020,91,0,6005,40.471397399902344,-79.95984649658203
1629753978,921020,69,0,6367,40.39546585083008,-79.80653381347656
1629753962,993020,93,0,6246,40.40791320800781,-79.92640686035156
1629753983,3572020,93,0,6125,40.446754455566406,-79.95074462890625
1629753962,11918020,59,0,6238,40.38255310058594,-79.87239074707031
1629753986,11692020,61D,0,6117,40.43648910522461,-79.92289733886719
1629753952,3810020,64,0,6237,40.455955505371094,-79.93840789794922
1629753981,8945020,51L,0,6239,40.3674201965332,-79.97881317138672
1629753979,1197020,Y46,0,6131,40.32107162475586,-79.94217681884766
1629753986,8009020,51,0,6130,40.396724700927734,-79.9876937866211
1629753978,6969020,81,0,6251,40.43031311035156,-79.97632598876953
1629753981,5028020,59,0,6133,40.37406921386719,-79.8476791381836
1629753983,14201020,59,0,6134,40.407981872558594,-79.90894317626953
1629753983,2341020,P16,0,6258,40.46548080444336,-79.83228302001953
1629753969,11329020,P78,0,6137,40.4503288269043,-79.89276885986328
1629753921,9428020,81,0,6250,40.4437255859375,-79.98020935058594
1629753977,3708020,16,0,6007,40.45485305786133,-80.00220489501953
1629753986,3391020,14,0,6006,40.54081344604492,-80.18109893798828
1629753934,3869020,56,0,6248,40.38568115234375,-79.93196868896484
1629753933,10420020,82,0,6369,40.4410514831543,-80.00120544433594
1629753985,3743020,15,0,6009,40.452392578125,-80.00138854980469
1629753965,11207020,54,0,6008,40.45150375366211,-80.00716400146484
1629753943,8902020,67,0,6142,40.43745040893555,-79.99929809570312
1629753978,9988020,77,0,6263,40.461395263671875,-79.86289978027344
1629753985,13075020,75,0,6262,40.490055084228516,-79.87010955810547
1629753984,13277020,77,0,6265,40.45145034790039,-79.75584411621094
1629753966,10917020,G2,0,6023,40.4434928894043,-80.02632904052734
1629753959,11948020,39,0,6022,40.412025451660156,-80.00879669189453
1629753957,352020,67,0,6143,40.445552825927734,-79.9311294555664
1629753974,4935020,39,0,6025,40.436180114746094,-80.00125122070312
1629753970,11887020,P16,0,6146,40.43996810913086,-79.87641143798828
1629753986,2186020,P68,0,6267,40.42179870605469,-79.8031234741211
1629753964,3131020,P12,0,6266,40.44425582885742,-79.75862121582031
1629753936,12810020,26,0,6027,40.44093322753906,-80.07117462158203
1629753979,4848020,P69,0,6269,40.402713775634766,-79.8216323852539
1629753985,2200020,28X,0,6268,40.44690704345703,-79.94239807128906
1629753956,14174020,74,0,6147,40.46979904174805,-79.89822387695312
1629753989,12546020,77,0,6261,40.4586296081543,-79.75779724121094
1629753982,6574020,G31,0,6018,40.438053131103516,-80.01322937011719
1629753978,853020,P71,0,6139,40.41911315917969,-79.8843002319336
1629753988,12217020,86,0,6138,40.457176208496094,-79.97367095947266
1629753983,3558020,53L,0,6032,40.43412780761719,-79.96553039550781
1629753955,11966020,75,0,6274,40.44602584838867,-79.95256805419922
1629753989,11326020,56,0,6031,40.41077423095703,-79.94442749023438
1629753969,3401020,67,0,6152,40.42864990234375,-79.79662322998047
1629753975,14171020,61B,0,6034,40.415802001953125,-79.88411712646484
1629753961,12550020,71A,0,7002,40.452816009521484,-79.94903564453125
1629753963,4547020,88,0,7001,40.46474075317383,-79.94107818603516
1629753989,1926020,P68,0,6275,40.41279983520508,-79.85633850097656
1629753981,2973020,P78,0,6154,40.4398078918457,-79.99789428710938
1629753989,4112020,P16,0,6156,40.458335876464844,-79.92786407470703
1629753989,4197020,59,0,6038,40.415069580078125,-79.87493896484375
1629753978,5277020,67,0,6159,40.44575881958008,-79.7473373413086
1629753960,13658020,67,0,6158,40.45303726196289,-79.750244140625
1629753974,12005020,69,0,6270,40.44464874267578,-79.88478088378906
1629753989,12808020,74,0,6272,40.43668746948242,-79.91917419433594
1629753977,9178020,75,0,6271,40.4289436340332,-79.97348022460938
1629753970,13824020,77,0,6149,40.45402526855469,-79.95199584960938
1629753989,5570020,57,0,6043,40.43580627441406,-79.97264099121094
1629753939,5814020,55,0,6042,40.34873962402344,-79.93954467773438
1629753974,10259020,82,0,6049,40.460811614990234,-79.92312622070312
1629753973,8363020,69,0,6160,40.43682098388672,-79.87352752685547
1629753986,-327131229,7,1,1701,40.44387435913086,-79.99842834472656
1629753977,4604020,11,0,1707,40.44574737548828,-79.989501953125
1629753976,13625020,4,0,1704,40.46868133544922,-79.98359680175781
1629753978,5721020,4,0,1703,40.496585845947266,-80.01443481445312
1629753973,4626020,77,0,6056,40.4413948059082,-79.9941177368164
1629753990,10148020,75,0,6059,40.456756591796875,-79.92984008789062
1629753973,11355020,P17,0,6052,40.4608154296875,-79.95735931396484
1629753969,13266020,P71,0,6051,40.456905364990234,-79.93207550048828
1629753954,2376020,11,0,1711,40.457275390625,-80.00721740722656
1629753969,11833020,11,0,1710,40.44926071166992,-80.00247192382812
1629753985,3275020,44,0,1718,40.395835876464844,-79.97932434082031
1629753966,1051020,44,0,1716,40.44450378417969,-79.9912109375
1629753989,2035020,44,0,1713,40.4310188293457,-80.00201416015625
1629753947,11666020,44,0,1723,40.420989990234375,-80.00726318359375
1629753906,7721020,48,0,1720,40.42873764038086,-79.98690795898438
1629753990,6992020,38,0,1729,40.38787078857422,-80.07950592041016
1629753969,7922020,43,0,1728,40.44141387939453,-79.99992370605469
1629753971,14262020,44,0,1727,40.40595626831055,-79.99163818359375
1629753971,7684020,40,0,1724,40.41916275024414,-80.01348114013672
1629753958,3687020,2,0,5904,40.501800537109375,-79.94583892822266
1629753963,13802020,54,0,5905,40.4539909362793,-80.00939178466797
1629753977,7720020,14,0,5907,40.449161529541016,-80.02114868164062
1629753980,3161020,6,0,5908,40.4808235168457,-80.00210571289062
1629753957,3940020,54,0,5909,40.42761993408203,-79.98066711425781
1629753983,14305020,54,0,5901,40.43690490722656,-79.97268676757812
1629753988,5488020,8,0,5902,40.509063720703125,-80.0291519165039
1629753947,21020,54,0,5903,40.453094482421875,-79.94805908203125
1629753944,10288020,24,0,5918,40.467899322509766,-80.09719848632812
1629753985,8686020,48,0,5919,40.431209564208984,-80.0020523071289
1629753969,2378020,1,0,5910,40.48780822753906,-79.8885498046875
1629753985,8606020,G2,0,5913,40.43988037109375,-80.01732635498047
1629753983,12018020,G3,0,5914,40.44131088256836,-80.02042388916016
1629753869,708020,91,0,5805,40.50025177001953,-79.86154174804688
1629753989,11796020,61D,0,5927,40.43800354003906,-79.92820739746094
1629753978,1247020,O12,0,5806,40.58620071411133,-80.03031921386719
1629753981,-457008958,91,1,5807,40.44858169555664,-79.98632049560547
1629753960,10144020,6,0,5809,40.444366455078125,-79.99141693115234
1629753961,14026020,64,0,5922,40.411109924316406,-79.906494140625
1629753982,13167020,61D,0,5923,40.42660903930664,-79.92725372314453
1629753967,13949020,2,0,5804,40.54623031616211,-80.00543212890625
1629753987,8811020,P76,0,5925,40.394779205322266,-79.83857727050781
1629754463,802020,51,0,5816,40.428802490234375,-79.98408508300781
1629754465,6639020,P12,0,5937,40.44486618041992,-79.99069213867188
1629754416,12510020,P7,0,5817,40.454280853271484,-79.94255065917969
1629754471,5382020,61B,0,5819,40.43718338012695,-79.96288299560547
1629754479,4122020,38,0,5810,40.41969299316406,-80.04621887207031
1629754475,13751020,59,0,5932,40.35285568237305,-79.84732818603516
1629754464,4099020,O12,0,3406,40.55668258666992,-80.03919982910156
1629754458,5711020,17,0,5707,40.49858093261719,-80.04615783691406
1629754474,12192020,O12,0,3403,40.442649841308594,-80.00440979003906
1629754475,13784020,O12,0,3401,40.56828689575195,-80.02384948730469
1629754451,9296020,64,0,5940,40.438026428222656,-79.92252349853516
1629754452,5225020,P76,0,5820,40.45896911621094,-79.96770477294922
1629754474,6651020,P78,0,5942,40.45333480834961,-79.85920715332031
1629754475,6303020,16,0,5702,40.49639129638672,-80.0572509765625
1629754468,9182020,P68,0,5823,40.414493560791016,-79.85521697998047
1629754452,2506020,P71,0,5944,40.45342254638672,-79.90043640136719
1629754462,-600584580,75,1,5945,40.48781204223633,-79.8887939453125
1629754457,5036020,15,0,5705,40.443180084228516,-79.99708557128906
1629754471,12175020,71D,0,3420,40.442108154296875,-79.99942016601562
1629754479,7359020,71C,0,3417,40.44063186645508,-79.99607849121094
1629754479,6182020,74,0,5717,40.47240447998047,-79.89697265625
1629754469,526020,71D,0,3416,40.436729431152344,-79.96595764160156
1629754461,-2104533641,P16,1,5718,40.4407844543457,-80.0005111694336
1629754469,8858020,71B,0,3415,40.437835693359375,-79.96391296386719
1629754464,12470020,P67,0,3414,40.456146240234375,-79.93341827392578
1629754454,4363020,71C,0,3412,40.4379768371582,-79.99223327636719
1629754477,14355020,82,0,3411,40.4732551574707,-79.8878402709961
1629754475,6242020,P10,0,3410,40.60025405883789,-79.76073455810547
1629754471,3135020,21,0,5713,40.50398635864258,-80.22518157958984
1629754468,12623020,71A,0,3419,40.45225524902344,-79.95084381103516
1629754459,12103020,71D,0,3418,40.45360565185547,-79.91535949707031
1629754427,3986020,61D,0,3307,40.43678283691406,-79.96357727050781
1629754473,2744020,P3,0,3305,40.446800231933594,-79.95010375976562
1629754463,11016020,71B,0,3425,40.45998001098633,-79.92501831054688
1629754473,13342020,G2,0,3303,40.40745544433594,-80.08972930908203
1629754476,9231020,P12,0,3424,40.466094970703125,-79.70549774169922
1629754467,11776020,P1,0,3423,40.414852142333984,-79.8788070678711
1629754452,12319020,71D,0,3421,40.44903564453125,-79.89088439941406
1629754446,449020,P78,0,5721,40.504947662353516,-79.84307861328125
1629754457,-1947803449,87,1,5722,40.48646545410156,-79.9426498413086
1629754470,2977020,91,0,5605,40.487693786621094,-79.89391326904297
1629754394,9627020,P3,0,3308,40.415008544921875,-79.87924194335938
1629754479,9666020,P1,0,3321,40.440921783447266,-79.99629974365234
1629754460,61020,P1,0,3320,40.459320068359375,-79.91638946533203
1629754457,11195020,61D,0,3318,40.43701171875,-79.97055053710938
1629754462,5013020,61A,0,3317,40.439537048339844,-79.89938354492188
1629754468,4890020,61C,0,3315,40.38434600830078,-79.86105346679688
1629754463,9946020,61B,0,3313,40.43803405761719,-79.92779541015625
1629754477,14712020,31,0,5611,40.4278450012207,-80.05384826660156
1629754474,5755020,65,0,5614,40.44021224975586,-79.99632263183594
1629754476,3943020,71D,0,3210,40.45639419555664,-79.90982818603516
1629754474,12993020,P1,0,3331,40.44297409057617,-79.88174438476562
1629754469,8535020,71B,0,3208,40.46221160888672,-79.92446899414062
1629754468,4390020,P78,0,3329,40.49901580810547,-79.83747100830078
1629754471,8519020,61D,0,3207,40.428245544433594,-79.9248046875
1629754445,1474020,61B,0,3206,40.43973922729492,-79.99771881103516
1629754479,13595020,71A,0,3327,40.478126525878906,-79.91951751708984
1629754476,12264020,28X,0,3326,40.4940071105957,-80.26800537109375
1629754475,10811020,61C,0,3205,40.44045639038086,-79.9355697631836
1629754473,97020,71A,0,3325,40.440338134765625,-79.99897003173828
1629754461,585020,61D,0,3202,40.43808364868164,-79.97525024414062
1629754475,3527020,71B,0,3323,40.43769836425781,-79.98577117919922
1629754425,13900020,61A,0,3201,40.43732833862305,-79.96282196044922
1629754455,9989020,P10,0,3322,40.499061584472656,-79.86405944824219
1629754457,7617020,P10,0,3220,40.45705795288086,-79.94898223876953
1629754461,50020,71C,0,3340,40.45420455932617,-79.91265869140625
1629754476,8587020,38,0,6609,40.38218688964844,-80.09407806396484
1629754471,9118020,71A,0,3219,40.479095458984375,-79.91901397705078
1629754329,3209020,13,0,6608,40.50156021118164,-80.02324676513672
1629754468,6483020,P12,0,3339,40.44486999511719,-79.99069213867188
1629754457,-159193154,P67,1,3218,40.45378112792969,-79.9372787475586
1629754437,12949020,P1,0,3338,40.45815658569336,-79.91344451904297
1629754470,10837020,P10,0,3217,40.52326965332031,-79.85216522216797
1629754458,8048020,71C,0,3337,40.4610481262207,-79.92375183105469
1629754442,5714020,P10,0,3336,40.442134857177734,-80.0009994506836
1629754478,7916020,71A,0,3335,40.4377326965332,-79.96475982666016
1629754470,13378020,86,0,3214,40.46344757080078,-79.952392578125
1629754472,10003020,P1,0,3213,40.426029205322266,-79.8856430053711
1629754475,5712020,P12,0,3212,40.43785858154297,-79.73991394042969
1629754478,11993020,29,0,5634,40.430816650390625,-80.19109344482422
1629754456,7123020,48,0,5636,40.4209098815918,-80.00589752197266
1629754422,8255020,18,0,6606,40.44858169555664,-80.0179672241211
1629754479,13402020,51,0,6621,40.36500930786133,-79.98296356201172
1629754449,10052020,83,0,6620,40.440101623535156,-79.96703338623047
1629754464,12049020,O1,0,3229,40.44629669189453,-80.00960540771484
1629754451,466020,28X,0,3226,40.44102096557617,-80.01959228515625
1629754471,3557020,71A,0,3225,40.44186019897461,-80.00206756591797
1629754476,2438020,31,0,6611,40.44500732421875,-79.99053192138672
1629754451,6519020,21,0,6614,40.451656341552734,-80.03794860839844
1629754475,9655020,24,0,6615,40.4550895690918,-80.13624572753906
1629754477,12960020,Y47,0,6618,40.343505859375,-79.94071197509766
1629754461,745020,51,0,6617,40.4144401550293,-79.98798370361328
1629754474,11344020,51,0,5660,40.3914794921875,-79.98661041259766
1629754474,5941020,2,0,6511,40.4536018371582,-80.00005340576172
1629754455,8170020,61B,0,3244,40.41913604736328,-79.88871002197266
1629754473,13191020,71C,0,3240,40.44137191772461,-79.99755096435547
1629754476,9529020,54,0,6509,40.461944580078125,-79.96268463134766
1629754465,8488020,G2,0,3238,40.44271469116211,-79.99883270263672
1629754466,6854020,51,0,6623,40.438838958740234,-80.00164794921875
1629754464,5603020,52L,0,5654,40.42621994018555,-79.93917846679688
1629754476,7497020,91,0,6502,40.47743606567383,-79.9565658569336
1629754470,3149020,17,0,6501,40.444801330566406,-80.00093078613281
1629754470,13977020,51,0,5655,40.42966079711914,-79.9977798461914
1629754479,9866020,59,0,6622,40.35394287109375,-79.91474914550781
1629754478,5434020,93,0,6625,40.43386459350586,-79.9292221069336
1629754478,13829020,14,0,6503,40.59244918823242,-80.22814178466797
1629754472,12109020,13,0,6506,40.480552673339844,-80.0412368774414
1629754441,14401020,93,0,6627,40.46884536743164,-79.96210479736328
1629754425,11470020,53L,0,6626,40.42898941040039,-79.93444061279297
1629754471,9135020,54,0,6505,40.42098617553711,-80.00566101074219
1629754470,1200020,8,0,6508,40.517539978027344,-80.0368881225586
1629754450,14716020,1,0,6507,40.44365310668945,-79.99530029296875
1629754477,3614020,87,0,5670,40.48352813720703,-79.95001983642578
1629754455,11882020,26,0,6520,40.444297790527344,-80.0409927368164
1629754477,2123020,71C,0,6640,40.440956115722656,-79.89070892333984
1629754477,12524020,67,0,6643,40.44589614868164,-79.95274353027344
1629754475,5781020,8,0,6401,40.443389892578125,-80.0003433227539
1629754475,8512020,31,0,6521,40.413330078125,-80.07785034179688
1629754456,3759020,61C,0,3255,40.436912536621094,-79.97025299072266
1629754457,8178020,61A,0,3253,40.43894958496094,-79.9947280883789
1629754477,12674020,61C,0,3252,40.4376335144043,-79.98529052734375
1629754464,10862020,61A,0,3251,40.44245529174805,-79.88540649414062
1629754466,10287020,P7,0,3250,40.45298767089844,-79.89922332763672
1629754449,4493020,P7,0,3248,40.3514518737793,-79.86508178710938
1629754465,12105020,61B,0,3247,40.43815231323242,-79.97598266601562
1629754449,2345020,6,0,6512,40.454280853271484,-79.996337890625
1629754459,7780020,24,0,6515,40.44048309326172,-80.0184555053711
1629754444,11451020,69,0,6636,40.397098541259766,-79.810791015625
1629754479,10791020,P68,0,6638,40.4418830871582,-79.99744415283203
1629754475,7954020,41,0,6516,40.397705078125,-80.02799987792969
1629754478,9978020,G31,0,6518,40.366458892822266,-80.10633850097656
1629754479,7316020,87,0,6650,40.46209716796875,-79.94022369384766
1629754455,373020,61D,0,6531,40.41044998168945,-79.91143035888672
1629754454,13427020,71C,0,6652,40.437156677246094,-79.97098541259766
1629754453,5579020,61C,0,6530,40.43967056274414,-79.99754333496094
1629754474,10887020,P78,0,6651,40.53894805908203,-79.83512115478516
1629754477,9993020,14,0,6412,40.510623931884766,-80.09832763671875
1629754469,13686020,51L,0,6533,40.417266845703125,-79.98657989501953
1629754469,8671020,82,0,6654,40.458831787109375,-79.92862701416016
1629754450,27020,P1,0,3259,40.41694641113281,-79.88324737548828
1629754468,10644020,56,0,6524,40.33755111694336,-79.86295318603516
1629754469,9456020,P16,0,6645,40.45604705810547,-79.93354034423828
1629754478,6276020,36,0,6523,40.406715393066406,-80.03472137451172
1629754475,1229020,71D,0,6644,40.45470428466797,-79.89783477783203
1629754473,4477020,91,0,6402,40.49140167236328,-79.86609649658203
1629754450,9795020,56,0,6526,40.34774398803711,-79.8326187133789
1629754445,3586020,55,0,6525,40.34763717651367,-79.93414306640625
1629754478,6942020,79,0,6646,40.444698333740234,-79.87444305419922
1629754478,13230020,16,0,6407,40.45030975341797,-80.00117492675781
1629754469,4920020,87,0,6649,40.46392822265625,-79.952880859375
1629754475,2757020,91,0,6406,40.45916748046875,-79.97227478027344
1629754468,8286020,15,0,6408,40.44206619262695,-80.00126647949219
1629754422,2220020,Y46,0,6529,40.43196105957031,-80.00353240966797
1629754478,3255020,52L,0,6540,40.37166213989258,-79.8446044921875
1629754460,8096020,29,0,6421,40.44279098510742,-79.9985580444336
1629754460,9268020,P71,0,6542,40.41510772705078,-79.87847137451172
1629754471,7239020,59,0,6541,40.33628845214844,-79.94587707519531
1629754446,11726020,82,0,6544,40.46135711669922,-79.92462921142578
1629754454,611020,21,0,6422,40.437984466552734,-80.01395416259766
1629754459,6978020,P16,0,6543,40.52267074584961,-79.81143188476562
1629754479,8844020,13,0,6414,40.44253158569336,-79.99995422363281
1629754432,14146020,57,0,6535,40.40959167480469,-79.91058349609375
1629754457,12770020,61A,0,6534,40.41377258300781,-79.85322570800781
1629754473,4022020,41,0,6416,40.35795974731445,-80.11068725585938
1629754438,12403020,52L,0,6537,40.39679718017578,-79.89005279541016
1629754479,10618020,21,0,6417,40.52043914794922,-80.17188262939453
1629754467,10992020,60,0,6538,40.32856750488281,-79.84095001220703
1629754454,8310020,28X,0,6551,40.43600845336914,-79.96174621582031
1629754472,12193020,61A,0,6432,40.41367721557617,-79.853515625
1629754478,7476020,75,0,6553,40.46401596069336,-79.91790771484375
1629754466,11789020,1,0,6310,40.54122543334961,-79.78865814208984
1629754450,124020,79,0,6552,40.455562591552734,-79.87088012695312
1629754456,2148020,58,0,6555,40.446449279785156,-79.95185852050781
1629754471,7009020,6,0,6313,40.453460693359375,-80.00080871582031
1629754475,13311020,19L,0,6312,40.50727462768555,-80.07872772216797
1629754468,12086020,64,0,6554,40.44000244140625,-79.9195785522461
1629754473,9484020,1,0,6304,40.450347900390625,-80.00116729736328
1629754479,1154020,86,0,6546,40.446083068847656,-79.88825225830078
1629754460,11029020,89,0,6545,40.460975646972656,-79.92356872558594
1629754473,4894020,12,0,6306,40.54975128173828,-80.02105712890625
1629754469,-663634680,87,1,6548,40.48558044433594,-79.94513702392578
1629754448,5084020,71D,0,6547,40.44142150878906,-79.9589614868164
1629754450,14295020,91,0,6305,40.488521575927734,-79.9372787475586
1629754422,6822020,G3,0,6426,40.504112243652344,-80.22655487060547
1629754454,2434020,12,0,6308,40.456459045410156,-80.00128173828125
1629754427,11198020,56,0,6429,40.430419921875,-79.95826721191406
1629754461,11660020,13,0,6307,40.47024917602539,-80.03604125976562
1629754457,7446020,59,0,6428,40.42010498046875,-79.8888931274414
1629754479,9823020,71C,0,6549,40.46339416503906,-79.93025207519531
1629754474,9081020,38,0,6320,40.403114318847656,-80.05958557128906
1629754469,6937020,57,0,6441,40.435813903808594,-79.97271728515625
1629754478,7361020,55,0,6443,40.352725982666016,-79.84810638427734
1629754472,9571020,61A,0,6442,40.4444694519043,-79.94802856445312
1629754462,2988020,27,0,6324,40.44144821166992,-80.06874084472656
1629754478,4140020,51L,0,6445,40.38526916503906,-79.97848510742188
1629754471,7202020,16,0,6202,40.488258361816406,-80.0439224243164
1629754466,11197020,39,0,6323,40.446048736572266,-79.9891128540039
1629754472,6900020,17,0,6315,40.453712463378906,-80.02827453613281
1629754447,9086020,Y46,0,6436,40.29235076904297,-79.88224792480469
1629754467,6191020,88,0,6556,40.44234848022461,-79.99958038330078
1629754462,12051020,29,0,6317,40.4416618347168,-80.0214614868164
1629754468,10157020,64,0,6438,40.4111213684082,-79.90647888183594
1629754456,2348020,54,0,6316,40.46289825439453,-79.95684814453125
1629754478,1189020,P68,0,6558,40.42908477783203,-79.7490234375
1629754469,12280020,26,0,6318,40.45505142211914,-80.0606918334961
1629754477,13314020,52L,0,6439,40.38674545288086,-79.88052368164062
1629754461,8982020,58,0,6452,40.42561340332031,-79.94210815429688
1629754475,3724020,2,0,6212,40.506385803222656,-79.9507064819336
1629754478,12741020,38,0,6332,40.44274139404297,-80.00428771972656
1629754479,1600020,75,0,6453,40.49005126953125,-79.87031555175781
1629754479,11578020,71B,0,6456,40.441856384277344,-79.9583969116211
1629754478,10635020,Y46,0,6335,40.3790283203125,-79.9935302734375
1629754479,2662020,61B,0,6334,40.43910217285156,-79.93429565429688
1629754475,1013020,91,0,6213,40.49448013305664,-79.92708587646484
1629754462,9501020,27,0,6326,40.44004440307617,-80.00920867919922
1629754473,9659020,20,0,6325,40.442779541015625,-80.02472686767578
1629754473,9974020,29,0,6327,40.447933197021484,-80.16240692138672
1629754467,12941020,8,0,6206,40.46893310546875,-80.0091781616211
1629754462,3407020,Y47,0,6448,40.4415283203125,-79.99803924560547
1629754479,6079020,12,0,6209,40.52196502685547,-80.00537872314453
1629754477,2313020,20,0,6221,40.50278091430664,-80.12581634521484
1629754478,10656020,P69,0,6463,40.453460693359375,-79.90045166015625
1629754457,287020,87,0,6462,40.46303176879883,-79.9560317993164
1629754470,3566020,P3,0,6341,40.45940017700195,-79.9232406616211
1629754476,692020,16,0,6102,40.45559310913086,-80.00548553466797
1629754477,13992020,27,0,6223,40.45114517211914,-80.0680160522461
1629754477,8185020,61A,0,6346,40.43868637084961,-79.88114929199219
1629754452,1033020,91,0,6104,40.443904876708984,-79.99417877197266
1629754473,1709020,G2,0,6225,40.44133377075195,-80.0040283203125
1629754472,13996020,22,0,6224,40.44202423095703,-80.02253723144531
1629754466,2987020,O5,0,6103,40.51799011230469,-79.99330139160156
1629754469,2430020,Y47,0,6337,40.34109115600586,-79.94544219970703
1629754445,8011020,P7,0,6336,40.37315368652344,-79.84696197509766
1629754470,7670020,51,0,6339,40.43813705444336,-79.99998474121094
1629754454,9336020,G3,0,6218,40.438602447509766,-80.01173400878906
1629754451,3468020,41,0,6217,40.41653823852539,-80.01184844970703
1629754463,4410020,P10,0,6459,40.623817443847656,-79.72439575195312
1629754473,11541020,29,0,6219,40.444488525390625,-80.1491470336914
1629754467,3853020,36,0,6230,40.339908599853516,-80.05413055419922
1629754470,10149020,P3,0,6351,40.44140625,-79.8866195678711
1629754451,7335020,51,0,6353,40.383758544921875,-79.97737121582031
1629754472,13052020,61C,0,6111,40.38346862792969,-79.85836791992188
1629754467,9717020,41,0,6231,40.358116149902344,-80.11054229736328
1629754451,11814020,59,0,6113,40.409732818603516,-79.89653778076172
1629754473,12179020,61C,0,6355,40.426910400390625,-79.92684173583984
1629754471,3408020,P3,0,6233,40.43771743774414,-79.96469116210938
1629754463,13366020,P76,0,6112,40.44281005859375,-79.88687133789062
1629754450,13677020,81,0,6236,40.44243621826172,-79.98267364501953
1629754465,5124020,83,0,6115,40.44147491455078,-79.98632049560547
1629754462,1472020,93,0,6357,40.435943603515625,-79.96151733398438
1629754469,1514020,P76,0,6114,40.38481903076172,-79.8234634399414
1629754471,11865020,1,0,6106,40.49289321899414,-79.86297607421875
1629754458,11548020,61D,0,6348,40.44181823730469,-79.95845031738281
1629754474,11577020,54,0,6105,40.45588302612305,-80.00462341308594
1629754436,7067020,82,0,6468,40.43967056274414,-79.99754333496094
1629754456,8989020,20,0,6229,40.46440124511719,-80.05779266357422
1629754468,12864020,G31,0,6228,40.4460334777832,-79.98904418945312
1629754421,7565020,51,0,6241,40.380577087402344,-79.97622680664062
1629754460,4900020,55,0,6240,40.33979797363281,-79.88814544677734
1629754475,8573020,75,0,6364,40.461273193359375,-79.916015625
1629754441,2756020,67,0,6363,40.449676513671875,-79.90946197509766
1629754457,1828020,Y49,0,6121,40.35087585449219,-79.95098876953125
1629754455,4788020,Y49,0,6242,40.4027099609375,-80.00221252441406
1629754463,2716020,12,0,6003,40.58627700805664,-80.02918243408203
1629754473,8134020,61A,0,6124,40.44214630126953,-80.00096130371094
1629754475,5343020,86,0,6366,40.458030700683594,-79.89910888671875
1629754464,10518020,13,0,6002,40.4539794921875,-80.0144271850586
1629754471,13818020,88,0,6368,40.45632553100586,-79.91564178466797
1629754477,12763020,91,0,6005,40.486751556396484,-79.9418716430664
1629754436,11328020,Y46,0,6126,40.27307891845703,-79.88565063476562
1629754474,921020,69,0,6367,40.397979736328125,-79.78978729248047
1629754473,10385020,93,0,6246,40.4078254699707,-79.92640686035156
1629754451,3572020,93,0,6125,40.46297073364258,-79.95338439941406
1629754455,11918020,59,0,6238,40.383827209472656,-79.86848449707031
1629754477,11692020,61D,0,6117,40.42026901245117,-79.92842864990234
1629754430,8150020,51,0,6358,40.34825134277344,-79.94483947753906
1629754461,3810020,64,0,6237,40.46612548828125,-79.95222473144531
1629754454,1197020,Y46,0,6131,40.34025192260742,-79.96393585205078
1629754468,8009020,51,0,6130,40.419342041015625,-79.987548828125
1629754472,6227020,81,0,6251,40.430274963378906,-79.97750091552734
1629754470,5028020,59,0,6133,40.368438720703125,-79.85485076904297
1629754459,953020,19L,0,6014,40.442710876464844,-79.99466705322266
1629754449,8646020,61C,0,6135,40.3520393371582,-79.859130859375
1629754461,14201020,59,0,6134,40.397220611572266,-79.88227081298828
1629754463,2341020,P16,0,6258,40.48625183105469,-79.8145751953125
1629754465,11329020,P78,0,6137,40.45901870727539,-79.9675521850586
1629754468,9428020,81,0,6250,40.44013977050781,-79.9697265625
1629754469,3708020,16,0,6007,40.4615364074707,-80.01895904541016
1629754454,3391020,14,0,6006,40.573490142822266,-80.21839141845703
1629754459,3869020,56,0,6248,40.402889251708984,-79.9418716430664
1629754474,617020,82,0,6369,40.44300842285156,-79.9813232421875
1629754479,3743020,15,0,6009,40.45796203613281,-80.01595306396484
1629754469,11207020,54,0,6008,40.45150375366211,-80.00716400146484
1629754478,8902020,67,0,6142,40.443050384521484,-79.9538345336914
1629754461,9988020,77,0,6263,40.45724868774414,-79.89566040039062
1629754479,10782020,75,0,6262,40.490089416503906,-79.87098693847656
1629754468,13277020,77,0,6265,40.45266342163086,-79.75035858154297
1629754469,10917020,G2,0,6023,40.43473815917969,-80.06755828857422
1629754469,11948020,39,0,6022,40.39015579223633,-80.01509094238281
1629754462,352020,67,0,6143,40.448211669921875,-79.91053771972656
1629754458,4935020,39,0,6025,40.44337844848633,-79.99633026123047
1629754479,11887020,P16,0,6146,40.44991683959961,-79.8399887084961
1629754472,2186020,P68,0,6267,40.429019927978516,-79.79979705810547
1629754470,3131020,P12,0,6266,40.445228576660156,-79.85808563232422
1629754466,12810020,26,0,6027,40.44093322753906,-80.07117462158203
1629754461,4848020,P69,0,6269,40.400970458984375,-79.78265380859375
1629754458,2200020,28X,0,6268,40.44328308105469,-79.95651245117188
1629754475,14174020,74,0,6147,40.4576301574707,-79.91728973388672
1629754443,12546020,77,0,6261,40.47488021850586,-79.79155731201172
1629754449,6574020,G31,0,6018,40.441650390625,-80.02143096923828
1629754386,853020,P71,0,6139,40.4155387878418,-79.87937927246094
1629754475,12217020,86,0,6138,40.462379455566406,-79.95040893554688
1629754474,3558020,53L,0,6032,40.428279876708984,-79.93250274658203
1629754472,11966020,75,0,6274,40.456058502197266,-79.93079376220703
1629754473,11326020,56,0,6031,40.38182830810547,-79.92826843261719
1629754466,3401020,67,0,6152,40.438011169433594,-79.76204681396484
1629754453,12550020,71A,0,7002,40.44178771972656,-79.95849609375
1629754469,4547020,88,0,7001,40.45781326293945,-79.91791534423828
1629754439,1926020,P68,0,6275,40.436546325683594,-79.87300109863281
1629754469,2973020,P78,0,6154,40.44378662109375,-79.99430847167969
1629754476,4112020,P16,0,6156,40.44086456298828,-79.879150390625
1629754466,4197020,59,0,6038,40.409698486328125,-79.85613250732422
1629754469,5277020,67,0,6159,40.43846893310547,-79.76244354248047
1629754456,13658020,67,0,6158,40.45303726196289,-79.750244140625
1629754462,12005020,69,0,6270,40.45001983642578,-79.89179992675781
1629754449,12808020,74,0,6272,40.44386291503906,-79.92381286621094
1629754479,9178020,75,0,6271,40.44032287597656,-79.96034240722656
1629754475,13824020,77,0,6149,40.46063232421875,-79.93241882324219
1629754463,5570020,57,0,6043,40.41129684448242,-79.94482421875
1629754476,5814020,55,0,6042,40.34641647338867,-79.92642974853516
1629754471,10259020,82,0,6049,40.46452331542969,-79.89949035644531
1629754453,8363020,69,0,6160,40.40642166137695,-79.8405990600586
1629754473,-327131229,7,1,1701,40.44447326660156,-80.00109100341797
1629754471,4604020,11,0,1707,40.44574737548828,-79.989501953125
1629754470,13625020,4,0,1704,40.496681213378906,-80.01020812988281
1629754477,5721020,4,0,1703,40.46629333496094,-79.98213195800781
1629754449,1395020,77,0,6056,40.442100524902344,-80.00112915039062
1629754461,10148020,75,0,6059,40.46339416503906,-79.91726684570312
1629754451,11355020,P17,0,6052,40.45734405517578,-79.90927124023438
1629754465,13266020,P71,0,6051,40.440513610839844,-79.88758850097656
1629754469,2376020,11,0,1711,40.4687385559082,-80.00430297851562
1629754467,3275020,44,0,1718,40.39072799682617,-79.97636413574219
1629754455,1051020,44,0,1716,40.44490432739258,-79.99067687988281
1629754469,2035020,44,0,1713,40.44451141357422,-79.99120330810547
1629754477,11666020,44,0,1723,40.41899108886719,-80.0054931640625
1629754471,7721020,48,0,1720,40.437103271484375,-80.00187683105469
1629754468,6992020,38,0,1729,40.37404251098633,-80.09912109375
1629754473,3812020,43,0,1728,40.4278564453125,-79.9962158203125
1629754478,14262020,44,0,1727,40.41107177734375,-79.97730255126953
1629754465,7684020,40,0,1724,40.43436813354492,-80.00245666503906
1629754472,3687020,2,0,5904,40.484619140625,-79.97298431396484
1629754451,13802020,54,0,5905,40.453948974609375,-79.99359130859375
1629754466,7720020,14,0,5907,40.48199462890625,-80.04694366455078
1629754470,3940020,54,0,5909,40.408958435058594,-79.99099731445312
1629754388,14305020,54,0,5901,40.44321060180664,-79.95640563964844
1629754430,5488020,8,0,5902,40.517330169677734,-80.03865814208984
1629754474,21020,54,0,5903,40.443359375,-79.95637512207031
1629754466,10288020,24,0,5918,40.47262954711914,-80.07381439208984
1629754469,8686020,48,0,5919,40.428462982177734,-79.97539520263672
1629754475,2378020,1,0,5910,40.49449157714844,-79.9269790649414
1629754457,8606020,G2,0,5913,40.442848205566406,-80.02485656738281
1629754471,12018020,G3,0,5914,40.44350051879883,-80.02635192871094
1629754452,708020,91,0,5805,40.50025177001953,-79.86154174804688
1629754445,11796020,61D,0,5927,40.43055725097656,-79.92338562011719
1629754469,1247020,O12,0,5806,40.58618927001953,-80.03032684326172
1629754449,-457008958,91,1,5807,40.46147155761719,-79.96894073486328
1629754420,10144020,6,0,5809,40.44589614868164,-79.9893798828125
1629754453,14026020,64,0,5922,40.40996170043945,-79.91227722167969
1629754419,13949020,2,0,5804,40.553890228271484,-80.02169799804688
1629754462,8811020,P76,0,5925,40.380821228027344,-79.81562805175781
1629754957,802020,51,0,5816,40.436805725097656,-80.00115203857422
1629754895,6639020,P12,0,5937,40.44486999511719,-79.99069213867188
1629754952,12510020,P7,0,5817,40.44098663330078,-79.99580383300781
1629754939,5382020,61B,0,5819,40.44340896606445,-79.95265197753906
1629754963,4122020,38,0,5810,40.40282440185547,-80.06069946289062
1629754963,13751020,59,0,5932,40.365699768066406,-79.85906219482422
1629754948,4099020,O12,0,3406,40.545894622802734,-80.01697540283203
1629754951,5711020,17,0,5707,40.48683166503906,-80.03697967529297
1629754952,12192020,O12,0,3403,40.44137954711914,-79.99302673339844
1629754930,9296020,64,0,5940,40.451210021972656,-79.92021179199219
1629754948,5225020,P76,0,5820,40.440589904785156,-80.0
1629754954,6651020,P78,0,5942,40.48556900024414,-79.83743286132812
1629754959,6303020,16,0,5702,40.50384521484375,-80.07469177246094
1629754947,9182020,P68,0,5823,40.40400314331055,-79.8432388305664
1629754953,2506020,P71,0,5944,40.460731506347656,-79.95864868164062
1629754956,-600584580,75,1,5945,40.491615295410156,-79.88172912597656
1629754953,8855020,71D,0,3420,40.438541412353516,-79.99461364746094
1629754960,7359020,71C,0,3417,40.43815994262695,-79.97704315185547
1629754939,6182020,74,0,5717,40.46147155761719,-79.88910675048828
1629754957,526020,71D,0,3416,40.44554901123047,-79.9531478881836
1629754951,-2104533641,P16,1,5718,40.45288848876953,-79.9774169921875
1629754957,8858020,71B,0,3415,40.44686508178711,-79.94960021972656
1629754952,12470020,P67,0,3414,40.442138671875,-79.88297271728516
1629754964,4363020,71C,0,3412,40.439517974853516,-79.9614486694336
1629754946,14355020,82,0,3411,40.469932556152344,-79.89422607421875
1629754947,6242020,P10,0,3410,40.60972213745117,-79.74102020263672
1629754951,3135020,21,0,5713,40.50399398803711,-80.22496795654297
1629754945,12623020,71A,0,3419,40.46168899536133,-79.9317855834961
1629754962,12103020,71D,0,3418,40.44561767578125,-79.8836441040039
1629754933,3986020,61D,0,3307,40.44313049316406,-79.95369720458984
1629754951,2744020,P3,0,3305,40.45348358154297,-79.93854522705078
1629754964,11016020,71B,0,3425,40.47913360595703,-79.9178466796875
1629754912,13342020,G2,0,3303,40.44729232788086,-80.06458282470703
1629754962,3739020,P12,0,3424,40.46610641479492,-79.70539855957031
1629754956,11776020,P1,0,3423,40.414756774902344,-79.87882995605469
1629754913,12319020,71D,0,3421,40.44910430908203,-79.89097595214844
1629754949,449020,P78,0,5721,40.472049713134766,-79.84786987304688
1629754942,-1947803449,87,1,5722,40.48876953125,-79.93620300292969
1629754957,2977020,91,0,5605,40.49467468261719,-79.93588256835938
1629754958,9627020,P3,0,3308,40.41510772705078,-79.87847137451172
1629754940,9666020,P1,0,3321,40.46022415161133,-79.9616470336914
1629754946,61020,P1,0,3320,40.4183235168457,-79.88545227050781
1629754955,11195020,61D,0,3318,40.43891525268555,-79.99362182617188
1629754937,5013020,61A,0,3317,40.44110870361328,-79.8798599243164
1629754898,4890020,61C,0,3315,40.36213302612305,-79.84423828125
1629754961,9946020,61B,0,3313,40.4379997253418,-79.9195785522461
1629754957,14712020,31,0,5611,40.404544830322266,-80.08354187011719
1629754904,7255020,65,0,5614,40.437782287597656,-80.00039672851562
1629754958,6828020,P1,0,3332,40.44126892089844,-79.99549865722656
1629754941,3943020,71D,0,3210,40.4447021484375,-79.88501739501953
1629754949,14042020,P1,0,3331,40.42793273925781,-79.88504028320312
1629754950,8535020,71B,0,3208,40.47964096069336,-79.91917419433594
1629754961,4390020,P78,0,3329,40.521488189697266,-79.84268951416016
1629754932,8519020,61D,0,3207,40.410972595214844,-79.91876983642578
1629754959,1474020,61B,0,3206,40.43753433227539,-79.98225402832031
1629754946,13595020,71A,0,3327,40.45887756347656,-79.93347930908203
1629754953,12264020,28X,0,3326,40.45088577270508,-80.17448425292969
1629754964,10811020,61C,0,3205,40.430564880371094,-79.92338562011719
1629754946,97020,71A,0,3325,40.437713623046875,-79.98606872558594
1629754964,585020,61D,0,3202,40.43220520019531,-80.0010986328125
1629754964,3527020,71B,0,3323,40.44062805175781,-79.95990753173828
1629754939,13900020,61A,0,3201,40.44374084472656,-79.9513931274414
1629754962,9989020,P10,0,3322,40.50059127807617,-79.86478424072266
1629754942,7617020,P10,0,3220,40.46299362182617,-79.90574645996094
1629754948,50020,71C,0,3340,40.44293212890625,-79.88821411132812
1629754957,8587020,38,0,6609,40.384395599365234,-80.07107543945312
1629754920,9118020,71A,0,3219,40.47890090942383,-79.91925048828125
1629754959,6483020,P12,0,3339,40.45940399169922,-79.92296600341797
1629754914,-159193154,P67,1,3218,40.44337463378906,-79.99298858642578
1629754962,12949020,P1,0,3338,40.45742416381836,-79.97052764892578
1629754947,10837020,P10,0,3217,40.53913879394531,-79.83056640625
1629754955,8048020,71C,0,3337,40.45037841796875,-79.90489959716797
1629754955,6620020,P10,0,3336,40.44349670410156,-79.99566650390625
1629754956,7916020,71A,0,3335,40.44554901123047,-79.9531478881836
1629754919,13378020,86,0,3214,40.45439147949219,-79.97770690917969
1629754957,10003020,P1,0,3213,40.458099365234375,-79.92864990234375
1629754938,5712020,P12,0,3212,40.450843811035156,-79.71346282958984
1629754962,7123020,48,0,5636,40.4195556640625,-79.98973846435547
1629754959,8255020,18,0,6606,40.44760513305664,-80.01941680908203
1629754964,13402020,51,0,6621,40.388919830322266,-79.9852066040039
1629754671,10052020,83,0,6620,40.44540786743164,-79.9624252319336
1629754947,12049020,O1,0,3229,40.44136428833008,-79.99320220947266
1629754959,466020,28X,0,3226,40.44511032104492,-80.02935028076172
1629754938,7926020,71A,0,3225,40.438899993896484,-79.9947509765625
1629754943,2438020,31,0,6611,40.44137191772461,-80.00578308105469
1629754953,6519020,21,0,6614,40.475242614746094,-80.06484985351562
1629754946,9655020,24,0,6615,40.453189849853516,-80.1686019897461
1629754920,12960020,Y47,0,6618,40.34766387939453,-79.94757843017578
1629754958,745020,51,0,6617,40.391326904296875,-79.9866714477539
1629754947,11344020,51,0,5660,40.374088287353516,-79.9755630493164
1629754931,5941020,2,0,6511,40.47832107543945,-79.97028350830078
1629754944,5072020,71C,0,3240,40.43981170654297,-79.99606323242188
1629754941,9529020,54,0,6509,40.45391845703125,-79.94754791259766
1629754934,8488020,G2,0,3238,40.441070556640625,-80.01972961425781
1629754953,14428020,51,0,6623,40.44142532348633,-79.99772644042969
1629754915,5603020,52L,0,5654,40.42759323120117,-79.92838287353516
1629754955,7497020,91,0,6502,40.485721588134766,-79.94474029541016
1629754949,12238020,17,0,6501,40.44239044189453,-80.00418090820312
1629754946,13977020,51,0,5655,40.42121124267578,-79.98014831542969
1629754964,9866020,59,0,6622,40.343841552734375,-79.94489288330078
1629754958,5434020,93,0,6625,40.41977310180664,-79.92822265625
1629754945,13829020,14,0,6503,40.57789993286133,-80.22028350830078
1629754958,12109020,13,0,6506,40.45964050292969,-80.01704406738281
1629754958,14401020,93,0,6627,40.45372772216797,-79.95317077636719
1629754961,11470020,53L,0,6626,40.43825912475586,-80.00141906738281
1629754958,13268020,54,0,6505,40.42101287841797,-80.00565338134766
1629754870,4030020,13,0,6508,40.517539978027344,-80.0368881225586
1629754942,11882020,26,0,6520,40.44319152832031,-80.0059814453125
1629754962,2123020,71C,0,6640,40.453948974609375,-79.91229248046875
1629754962,12524020,67,0,6643,40.43722152709961,-79.97117614746094
1629754942,5781020,8,0,6401,40.45595169067383,-80.0042724609375
1629754958,8512020,31,0,6521,40.43766403198242,-80.05390930175781
1629754962,3759020,61C,0,3255,40.43907165527344,-79.9946517944336
1629754951,8178020,61A,0,3253,40.43678283691406,-79.96357727050781
1629754925,12674020,61C,0,3252,40.441871643066406,-79.95654296875
1629754962,10862020,61A,0,3251,40.42512130737305,-79.88580322265625
1629754939,10287020,P7,0,3250,40.434967041015625,-79.8826904296875
1629754910,4493020,P7,0,3248,40.35057830810547,-79.8674545288086
1629754939,12105020,61B,0,3247,40.440921783447266,-79.99629974365234
1629754953,2345020,6,0,6512,40.44248962402344,-79.99969482421875
1629754961,7780020,24,0,6515,40.44430160522461,-80.02813720703125
1629754953,11451020,69,0,6636,40.41054916381836,-79.84416198730469
1629754964,10791020,P68,0,6638,40.45466613769531,-79.97484588623047
1629754937,7954020,41,0,6516,40.385009765625,-80.05311584472656
1629754957,9978020,G31,0,6518,40.39432144165039,-80.0872802734375
1629754961,7316020,87,0,6650,40.4769172668457,-79.9324951171875
1629754962,373020,61D,0,6531,40.409324645996094,-79.91657257080078
1629754964,13427020,71C,0,6652,40.43942642211914,-79.99443054199219
1629754946,5579020,61C,0,6530,40.4376106262207,-79.9838638305664
1629754953,10887020,P78,0,6651,40.54032897949219,-79.83116149902344
1629754963,9993020,14,0,6412,40.48659896850586,-80.0545425415039
1629754958,13686020,51L,0,6533,40.39685821533203,-79.98780822753906
1629754964,8671020,82,0,6654,40.45806884765625,-79.91671752929688
1629754958,11401020,P13,0,6411,40.44245147705078,-79.99991607666016
1629754963,10644020,56,0,6524,40.34688949584961,-79.88075256347656
1629754949,9456020,P16,0,6645,40.44179153442383,-79.88198852539062
1629754949,6276020,36,0,6523,40.44029998779297,-80.00695037841797
1629754960,1229020,71D,0,6644,40.45099639892578,-79.92628479003906
1629754958,9795020,56,0,6526,40.3466796875,-79.82978057861328
1629754953,3586020,55,0,6525,40.349300384521484,-79.92703247070312
1629754950,6942020,79,0,6646,40.452659606933594,-79.86663055419922
1629754950,13230020,16,0,6407,40.45949935913086,-80.0167007446289
1629754962,4920020,87,0,6649,40.46177673339844,-79.9363784790039
1629754944,2757020,91,0,6406,40.44383239746094,-79.99801635742188
1629754960,8286020,15,0,6408,40.44995880126953,-80.0010757446289
1629754957,2220020,Y46,0,6529,40.44041061401367,-80.00057220458984
1629754958,11514020,52L,0,6540,40.371490478515625,-79.85363006591797
1629754892,8096020,29,0,6421,40.446102142333984,-79.9887466430664
1629754937,9268020,P71,0,6542,40.42762756347656,-79.88636016845703
1629754928,7239020,59,0,6541,40.335411071777344,-79.94673919677734
1629754959,11726020,82,0,6544,40.45383834838867,-79.94551086425781
1629754935,11012020,21,0,6422,40.439273834228516,-80.01074981689453
1629754961,6978020,P16,0,6543,40.53773880004883,-79.83497619628906
1629754948,8844020,13,0,6414,40.444480895996094,-80.00106811523438
1629754962,14146020,57,0,6535,40.40719223022461,-79.9110336303711
1629754958,11185020,61B,0,6534,40.40362548828125,-79.8681640625
1629754942,4022020,41,0,6416,40.377525329589844,-80.09076690673828
1629754964,12403020,52L,0,6537,40.36690139770508,-79.87159729003906
1629754954,10618020,21,0,6417,40.51414108276367,-80.13931274414062
1629754942,10992020,60,0,6538,40.35187911987305,-79.86139678955078
1629754935,8310020,28X,0,6551,40.44313049316406,-79.95369720458984
1629754921,1725020,54,0,6311,40.40898132324219,-79.99102020263672
1629754964,12193020,61A,0,6432,40.41377258300781,-79.85322570800781
1629754959,7476020,75,0,6553,40.479209899902344,-79.92877197265625
1629754957,11789020,1,0,6310,40.53421401977539,-79.84442901611328
1629754964,124020,79,0,6552,40.4445686340332,-79.88557434082031
1629754948,7009020,6,0,6313,40.466651916503906,-79.99403381347656
1629754964,12086020,64,0,6554,40.43418884277344,-79.92289733886719
1629754920,9484020,1,0,6304,40.46539306640625,-79.9791259765625
1629754961,1154020,86,0,6546,40.45635223388672,-79.89177703857422
1629754934,11029020,89,0,6545,40.46786117553711,-79.92792510986328
1629754886,4894020,12,0,6306,40.549495697021484,-80.01577758789062
1629754938,-663634680,87,1,6548,40.48290252685547,-79.94801330566406
1629754931,5084020,71D,0,6547,40.43867874145508,-79.98811340332031
1629754950,14295020,91,0,6305,40.47231674194336,-79.95917510986328
1629754954,6822020,G3,0,6426,40.504112243652344,-80.22655487060547
1629754960,2434020,12,0,6308,40.500789642333984,-80.01185607910156
1629754960,11198020,56,0,6429,40.388545989990234,-79.93254852294922
1629754951,11660020,13,0,6307,40.49376678466797,-80.05192565917969
1629754934,7446020,59,0,6428,40.408111572265625,-79.88978576660156
1629754953,9823020,71C,0,6549,40.456016540527344,-79.93820190429688
1629754953,9081020,38,0,6320,40.388221740722656,-80.05644226074219
1629754958,12646020,57,0,6441,40.43970489501953,-80.00499725341797
1629754961,7361020,55,0,6443,40.38587188720703,-79.83211517333984
1629754958,11930020,31,0,6321,40.355525970458984,-80.11711120605469
1629754933,9571020,61A,0,6442,40.43809509277344,-79.96342468261719
1629754948,2988020,27,0,6324,40.444149017333984,-80.06614685058594
1629754953,7202020,16,0,6202,40.46760940551758,-80.02509307861328
1629754942,11197020,39,0,6323,40.43673324584961,-80.00093078613281
1629754962,6900020,17,0,6315,40.475006103515625,-80.031982421875
1629754963,9086020,Y46,0,6436,40.27321243286133,-79.88548278808594
1629754918,6191020,88,0,6556,40.45449447631836,-79.97746276855469
1629754961,12051020,29,0,6317,40.443748474121094,-80.02735137939453
1629754950,10157020,64,0,6438,40.4111213684082,-79.90647888183594
1629754942,2348020,54,0,6316,40.45134735107422,-79.9821548461914
1629754958,8954020,P68,0,6558,40.42911911010742,-79.7490463256836
1629754960,12280020,26,0,6318,40.44866180419922,-80.06737518310547
1629754947,13314020,52L,0,6439,40.409244537353516,-79.90046691894531
1629754953,8982020,58,0,6452,40.435821533203125,-79.9728012084961
1629754963,3724020,2,0,6212,40.54936218261719,-79.97177124023438
1629754939,13039020,53L,0,6333,40.361942291259766,-79.9304428100586
1629754938,-730630497,38,1,6332,40.42039489746094,-80.03692626953125
1629754551,11578020,71B,0,6456,40.44016647338867,-79.96065521240234
1629754963,10635020,Y46,0,6335,40.35222244262695,-79.97764587402344
1629754933,2662020,61B,0,6334,40.44416809082031,-79.95085144042969
1629754953,1013020,91,0,6213,40.48788070678711,-79.88970947265625
1629754950,9501020,27,0,6326,40.441810607910156,-80.02191162109375
1629754956,9659020,20,0,6325,40.448081970214844,-80.0333480834961
1629754929,6147020,Y45,0,6446,40.440208435058594,-80.00070190429688
1629754950,9974020,29,0,6327,40.450069427490234,-80.11434936523438
1629754945,12941020,8,0,6206,40.49051284790039,-80.0189208984375
1629754918,3407020,Y47,0,6448,40.42927169799805,-80.00479125976562
1629754939,6079020,12,0,6209,40.473976135253906,-80.00491333007812
1629754957,2313020,20,0,6221,40.4704475402832,-80.10008239746094
1629754941,10656020,P69,0,6463,40.43600082397461,-79.87261962890625
1629754963,287020,87,0,6462,40.446815490722656,-79.98926544189453
1629754923,3566020,P3,0,6341,40.451271057128906,-79.94916534423828
1629754958,5860020,16,0,6102,40.44303894042969,-80.00017547607422
1629754964,13992020,27,0,6223,40.44757843017578,-80.07395935058594
1629754955,8185020,61A,0,6346,40.43820571899414,-79.90482330322266
1629754957,1033020,91,0,6104,40.46057891845703,-79.96965026855469
1629754956,8963020,G2,0,6225,40.44297409057617,-79.99784088134766
1629754928,13996020,22,0,6224,40.44504165649414,-80.02925872802734
1629754964,2987020,O5,0,6103,40.55225372314453,-79.99827575683594
1629754921,11515020,67,0,6457,40.44124984741211,-80.00183868408203
1629754937,3069020,91,0,6215,40.50041580200195,-79.86093139648438
1629754935,8011020,P7,0,6336,40.404014587402344,-79.88279724121094
1629754961,7670020,51,0,6339,40.428680419921875,-79.98890686035156
1629754942,13753020,G3,0,6218,40.442501068115234,-79.99480438232422
1629754961,3468020,41,0,6217,40.43225860595703,-80.00382232666016
1629754947,11541020,29,0,6219,40.45108413696289,-80.17310333251953
1629754959,3853020,36,0,6230,40.339908599853516,-80.05413055419922
1629754955,7335020,51,0,6353,40.4055290222168,-79.99109649658203
1629754948,13052020,61C,0,6111,40.35228729248047,-79.85664367675781
1629754944,12072020,22,0,6110,40.46757888793945,-80.09868621826172
1629754953,11814020,59,0,6113,40.41355895996094,-79.88385009765625
1629754944,12179020,61C,0,6355,40.406917572021484,-79.91095733642578
1629754958,4157020,P3,0,6233,40.437660217285156,-79.96533203125
1629754952,13366020,P76,0,6112,40.417762756347656,-79.84879302978516
1629754946,13677020,81,0,6236,40.4400520324707,-79.99842071533203
1629754958,5124020,83,0,6115,40.45079803466797,-79.97217559814453
1629754961,1472020,93,0,6357,40.44232940673828,-79.95765686035156
1629754952,-1715520016,61D,1,6235,40.44313430786133,-79.95368957519531
1629754960,1514020,P76,0,6114,40.43143844604492,-79.86414337158203
1629754950,11865020,1,0,6106,40.5353889465332,-79.84249877929688
1629754961,11548020,61D,0,6348,40.4379768371582,-79.97411346435547
1629754935,11577020,54,0,6105,40.45201873779297,-80.0064468383789
1629754948,14198020,82,0,6468,40.44215774536133,-80.00012969970703
1629754939,8989020,20,0,6229,40.439903259277344,-80.00582885742188
1629754960,12864020,G31,0,6228,40.4460334777832,-79.98904418945312
1629754954,7565020,51,0,6241,40.380577087402344,-79.97622680664062
1629754961,4900020,55,0,6240,40.30954360961914,-79.89090728759766
1629754962,8573020,75,0,6364,40.453006744384766,-79.93617248535156
1629754944,2756020,67,0,6363,40.44316101074219,-79.88615417480469
1629754962,1828020,Y49,0,6121,40.362876892089844,-79.9708251953125
1629754952,4788020,Y49,0,6242,40.38199996948242,-79.99591064453125
1629754956,2716020,12,0,6003,40.586273193359375,-80.02918243408203
1629754958,14464020,61A,0,6124,40.43830871582031,-79.99447631835938
1629754949,5343020,86,0,6366,40.44451904296875,-79.88560485839844
1629754962,10518020,13,0,6002,40.47496032714844,-80.03937530517578
1629754955,13818020,88,0,6368,40.463443756103516,-79.93038177490234
1629754942,12763020,91,0,6005,40.48991012573242,-79.93758392333984
1629754931,11328020,Y46,0,6126,40.29234313964844,-79.87500762939453
1629754934,921020,69,0,6367,40.388885498046875,-79.76576232910156
1629754923,10385020,93,0,6246,40.4078254699707,-79.92640686035156
1629754959,3572020,93,0,6125,40.477447509765625,-79.95654296875
1629754959,11918020,59,0,6238,40.397220611572266,-79.88227081298828
1629754964,11692020,61D,0,6117,40.40925979614258,-79.91658020019531
1629754940,8150020,51,0,6358,40.3472785949707,-79.95047760009766
1629754948,1118020,64,0,6237,40.46546173095703,-79.95636749267578
1629754934,1197020,Y46,0,6131,40.370662689208984,-79.9823226928711
1629754949,8009020,51,0,6130,40.42863082885742,-79.99140930175781
1629754936,6227020,81,0,6251,40.43829345703125,-79.96141052246094
1629754951,5028020,59,0,6133,40.352359771728516,-79.85542297363281
1629754964,953020,19L,0,6014,40.44140625,-80.00383758544922
1629754937,8646020,61C,0,6135,40.37358856201172,-79.84503936767578
1629754950,14201020,59,0,6134,40.38016891479492,-79.86198425292969
1629754942,11329020,P78,0,6137,40.44259262084961,-79.99740600585938
1629754920,9428020,81,0,6250,40.44095993041992,-79.96089935302734
1629754942,3708020,16,0,6007,40.48430252075195,-80.03582763671875
1629754959,3391020,14,0,6006,40.592567443847656,-80.22836303710938
1629754953,3869020,56,0,6248,40.43099594116211,-79.9590072631836
1629754949,617020,82,0,6369,40.45158386230469,-79.9530258178711
1629754955,3743020,15,0,6009,40.47661209106445,-79.99995422363281
1629754945,11207020,54,0,6008,40.45150375366211,-80.00716400146484
1629754957,8902020,67,0,6142,40.444332122802734,-79.94129943847656
1629754921,9988020,77,0,6263,40.45789337158203,-79.91694641113281
1629754964,10782020,75,0,6262,40.48714065551758,-79.8949203491211
1629754898,13277020,77,0,6265,40.45266342163086,-79.75035858154297
1629754921,9813020,G2,0,6023,40.405548095703125,-80.09070587158203
1629754962,11948020,39,0,6022,40.3924446105957,-80.00726318359375
1629754962,352020,67,0,6143,40.44575119018555,-79.89108276367188
1629754923,4935020,39,0,6025,40.445648193359375,-79.98979949951172
1629754959,11887020,P16,0,6146,40.46055221557617,-79.81136322021484
1629754951,3131020,P12,0,6266,40.44487380981445,-79.88545227050781
1629754959,13650020,26,0,6027,40.441043853759766,-80.06879425048828
1629754961,4848020,P69,0,6269,40.38584899902344,-79.7588119506836
1629754949,2200020,28X,0,6268,40.44328308105469,-79.95651245117188
1629754854,14174020,74,0,6147,40.4610595703125,-79.92749786376953
1629754942,12546020,77,0,6261,40.481449127197266,-79.80654907226562
1629754938,6574020,G31,0,6018,40.44877243041992,-80.03424835205078
1629754952,853020,P71,0,6139,40.4155387878418,-79.87937927246094
1629754953,12217020,86,0,6138,40.45743942260742,-79.94114685058594
1629754944,3558020,53L,0,6032,40.40665054321289,-79.91130828857422
1629754949,11966020,75,0,6274,40.46774673461914,-79.92195129394531
1629754946,11326020,56,0,6031,40.35437774658203,-79.91387939453125
1629754949,3401020,67,0,6152,40.445823669433594,-79.74764251708984
1629754956,12550020,71A,0,7002,40.438568115234375,-79.98554229736328
1629754946,1926020,P68,0,6275,40.45806884765625,-79.91322326660156
1629754936,2973020,P78,0,6154,40.45354080200195,-79.94021606445312
1629754925,4112020,P16,0,6156,40.44594955444336,-79.848388671875
1629754947,4197020,59,0,6038,40.395484924316406,-79.83918762207031
1629754924,5277020,67,0,6159,40.429603576660156,-79.79989624023438
1629754916,13658020,67,0,6158,40.45303726196289,-79.750244140625
1629754954,12005020,69,0,6270,40.45001983642578,-79.89179992675781
1629754956,12808020,74,0,6272,40.45267105102539,-79.89885711669922
1629754960,9178020,75,0,6271,40.44699478149414,-79.94841003417969
1629754964,7122020,53L,0,6029,40.383052825927734,-79.90447998046875
1629754942,13824020,77,0,6149,40.460391998291016,-79.9218978881836
1629754955,5570020,57,0,6043,40.40807342529297,-79.92591857910156
1629754961,5814020,55,0,6042,40.343971252441406,-79.94554901123047
1629754940,8363020,69,0,6160,40.40510177612305,-79.8265609741211
1629754954,-327131229,7,1,1701,40.45548629760742,-79.99468231201172
1629754932,4604020,11,0,1707,40.44574737548828,-79.989501953125
1629754951,13625020,4,0,1704,40.50054168701172,-80.02233123779297
1629754962,5721020,4,0,1703,40.45613098144531,-79.99238586425781
1629754904,1395020,77,0,6056,40.446048736572266,-79.98789978027344
1629754946,10148020,75,0,6059,40.47932434082031,-79.92874145507812
1629754962,11355020,P17,0,6052,40.47250747680664,-79.89057159423828
1629754926,13266020,P71,0,6051,40.42911148071289,-79.89190673828125
1629754925,2376020,11,0,1711,40.460968017578125,-80.00921630859375
1629754951,3275020,44,0,1718,40.385467529296875,-79.93768310546875
1629754950,1051020,44,0,1716,40.44490432739258,-79.99067687988281
1629754964,2035020,44,0,1713,40.44606018066406,-79.98876190185547
1629754963,11666020,44,0,1723,40.4140739440918,-79.98326110839844
1629754951,7721020,48,0,1720,40.44187545776367,-79.99893188476562
1629754960,3812020,43,0,1728,40.42694854736328,-80.00259399414062
1629754961,14262020,44,0,1727,40.419891357421875,-80.00244140625
1629754945,7684020,40,0,1724,40.44197082519531,-79.99957275390625
1629754963,3687020,2,0,5904,40.455074310302734,-79.99430847167969
1629754950,13802020,54,0,5905,40.45901107788086,-79.9709243774414
1629754950,7720020,14,0,5907,40.51140213012695,-80.10073852539062
1629754947,3940020,54,0,5909,40.4088020324707,-79.99152374267578
1629754944,14305020,54,0,5901,40.4553108215332,-79.94767761230469
1629754959,21020,54,0,5903,40.43796157836914,-79.96379852294922
1629754964,10288020,24,0,5918,40.46102523803711,-80.04961395263672
1629754961,8686020,48,0,5919,40.41719436645508,-79.96722412109375
1629754936,2378020,1,0,5910,40.47990036010742,-79.96592712402344
1629754928,8606020,G2,0,5913,40.45214080810547,-80.05772399902344
1629754948,12018020,G3,0,5914,40.42556381225586,-80.07335662841797
1629754937,12389020,91,0,5805,40.49140167236328,-79.86610412597656
1629754953,4534020,O12,0,5806,40.58658981323242,-80.03083038330078
1629754950,-457008958,91,1,5807,40.4710693359375,-79.9600601196289
1629754956,10144020,6,0,5809,40.44596481323242,-79.98932647705078
1629754947,14026020,64,0,5922,40.40415573120117,-79.92027282714844
1629754960,13949020,2,0,5804,40.554779052734375,-79.97118377685547
1629754961,8811020,P76,0,5925,40.35934829711914,-79.78589630126953
1629755405,802020,51,0,5816,40.43996810913086,-80.0008773803711
1629755406,11386020,P12,0,5937,40.44355010986328,-79.99311065673828
1629755412,13309020,P7,0,5817,40.44287109375,-79.99825286865234
1629755404,5382020,61B,0,5819,40.438011169433594,-79.9231948852539
1629755414,4122020,38,0,5810,40.39867401123047,-80.07605743408203
1629755413,13751020,59,0,5932,40.37268829345703,-79.84905242919922
1629755397,4099020,O12,0,3406,40.4941291809082,-80.01243591308594
1629755420,5711020,17,0,5707,40.467220306396484,-80.02510833740234
1629755423,12192020,O12,0,3403,40.512821197509766,-80.00392150878906
1629755405,9296020,64,0,5940,40.45624542236328,-79.93343353271484
1629755408,2232020,P76,0,5820,40.44476318359375,-79.9908218383789
1629755399,4149020,P16,0,5821,40.441810607910156,-80.00228118896484
1629755414,6651020,P78,0,5942,40.518348693847656,-79.84306335449219
1629755398,4483020,16,0,5702,40.50384521484375,-80.07469177246094
1629755407,9182020,P68,0,5823,40.405181884765625,-79.82907104492188
1629755413,5688020,P71,0,5944,40.44178009033203,-79.99714660644531
1629755402,-600584580,75,1,5945,40.4649543762207,-79.90714263916016
1629755406,8855020,71D,0,3420,40.43913269042969,-79.96198272705078
1629755420,7359020,71C,0,3417,40.44121551513672,-79.95909881591797
1629755407,6182020,74,0,5717,40.4481315612793,-79.90206909179688
1629755391,526020,71D,0,3416,40.44965362548828,-79.93022918701172
1629755402,-2104533641,P16,1,5718,40.457557678222656,-79.91194915771484
1629755421,8858020,71B,0,3415,40.45233154296875,-79.92422485351562
1629755396,12470020,P67,0,3414,40.44607925415039,-79.85002136230469
1629755411,4363020,71C,0,3412,40.44628143310547,-79.95209503173828
1629755395,14355020,82,0,3411,40.45835876464844,-79.91661071777344
1629755423,6242020,P10,0,3410,40.63695526123047,-79.71190643310547
1629755411,7133020,21,0,5713,40.503997802734375,-80.22496032714844
1629755414,3986020,61D,0,3307,40.43783950805664,-79.93070983886719
1629755417,2744020,P3,0,3305,40.4464225769043,-79.88848876953125
1629755424,7614020,71B,0,3425,40.47958755493164,-79.92198181152344
1629755418,13342020,G2,0,3303,40.44133758544922,-80.00462341308594
1629755423,3739020,P12,0,3424,40.45003128051758,-79.71377563476562
1629755423,5696020,P1,0,3423,40.41963577270508,-79.88653564453125
1629755424,13651020,71D,0,3421,40.45238494873047,-79.88761901855469
1629755398,449020,P78,0,5721,40.450950622558594,-79.86206817626953
1629755383,-1947803449,87,1,5722,40.475059509277344,-79.9311294555664
1629755422,2977020,91,0,5605,40.475830078125,-79.95764923095703
1629755423,9627020,P3,0,3308,40.45772933959961,-79.91228485107422
1629755415,9666020,P1,0,3321,40.45277786254883,-79.89871978759766
1629755393,61020,P1,0,3320,40.415130615234375,-79.87954711914062
1629755405,11195020,61D,0,3318,40.441890716552734,-80.00132751464844
1629755413,5013020,61A,0,3317,40.419105529785156,-79.88429260253906
1629755424,9946020,61B,0,3313,40.43125915527344,-79.89290618896484
1629755422,14712020,31,0,5611,40.380470275878906,-80.09527587890625
1629755412,7255020,65,0,5614,40.43427276611328,-79.95268249511719
1629755370,6828020,P1,0,3332,40.459999084472656,-79.962890625
1629755404,6407020,71C,0,3210,40.4499626159668,-79.89177703857422
1629755396,14042020,P1,0,3331,40.4475212097168,-79.88932800292969
1629755418,3981020,71B,0,3208,40.458805084228516,-79.92515563964844
1629755394,4390020,P78,0,3329,40.538028717041016,-79.83368682861328
1629755402,8519020,61D,0,3207,40.41231918334961,-79.9027099609375
1629755407,1474020,61B,0,3206,40.44281005859375,-79.95494079589844
1629755411,13595020,71A,0,3327,40.45273971557617,-79.94930267333984
1629755375,12264020,28X,0,3326,40.44779968261719,-80.16390228271484
1629755398,10811020,61C,0,3205,40.41331100463867,-79.92205810546875
1629755409,97020,71A,0,3325,40.441009521484375,-79.95936584472656
1629755419,5447020,61D,0,3202,40.43803024291992,-79.99433135986328
1629755413,3527020,71B,0,3323,40.446895599365234,-79.9493179321289
1629755408,13900020,61A,0,3201,40.43783950805664,-79.93074035644531
1629755415,9989020,P10,0,3322,40.489131927490234,-79.91203308105469
1629755423,7617020,P10,0,3220,40.493507385253906,-79.90166473388672
1629755423,8587020,38,0,6609,40.40606689453125,-80.05345916748047
1629755393,4696020,71A,0,3219,40.47891616821289,-79.9190902709961
1629755417,6483020,P12,0,3339,40.43984603881836,-79.87898254394531
1629755408,-453772088,P67,1,3218,40.44606018066406,-79.98917388916016
1629755417,1937020,P1,0,3338,40.44151306152344,-79.99768829345703
1629755418,10837020,P10,0,3217,40.54710006713867,-79.77024841308594
1629755419,8048020,71C,0,3337,40.44623565673828,-79.88829803466797
1629755421,6620020,P10,0,3336,40.45604705810547,-79.93354034423828
1629755410,7916020,71A,0,3335,40.45482635498047,-79.94217681884766
1629755396,10003020,P1,0,3213,40.44446563720703,-79.9913330078125
1629755422,7123020,48,0,5636,40.41737747192383,-79.96540832519531
1629755409,13681020,18,0,6606,40.4476318359375,-80.01944732666016
1629755413,13402020,51,0,6621,40.41350555419922,-79.9886474609375
1629755423,10052020,83,0,6620,40.45037078857422,-79.9732666015625
1629755420,12049020,O1,0,3229,40.50707244873047,-80.03012084960938
1629755424,466020,28X,0,3226,40.41484832763672,-80.08335876464844
1629755405,7926020,71A,0,3225,40.43791580200195,-79.97342681884766
1629755307,2438020,31,0,6611,40.441654205322266,-80.02144622802734
1629755391,6519020,21,0,6614,40.50516891479492,-80.10440063476562
1629755405,12960020,Y47,0,6618,40.34158706665039,-79.98120880126953
1629755400,11344020,51,0,5660,40.35577392578125,-79.9797592163086
1629755418,5941020,2,0,6511,40.4935188293457,-79.94803619384766
1629755418,5072020,71C,0,3240,40.437652587890625,-79.98490142822266
1629755404,9529020,54,0,6509,40.44590759277344,-79.95272827148438
1629755419,8488020,G2,0,3238,40.44313049316406,-80.02539825439453
1629755409,14428020,51,0,6623,40.42868423461914,-79.98888397216797
1629755406,5603020,52L,0,5654,40.40626907348633,-79.91256713867188
1629755418,7497020,91,0,6502,40.4946403503418,-79.93522644042969
1629755421,12238020,17,0,6501,40.45438003540039,-80.00203704833984
1629755420,13977020,51,0,5655,40.40315628051758,-79.9898681640625
1629755419,9866020,59,0,6622,40.335384368896484,-79.9471664428711
1629755413,5434020,93,0,6625,40.40607833862305,-79.9429702758789
1629755392,13829020,14,0,6503,40.557151794433594,-80.19808959960938
1629755401,12109020,13,0,6506,40.45378112792969,-80.00189971923828
1629755414,14401020,93,0,6627,40.4434928894043,-79.95610809326172
1629755395,9159020,53L,0,6626,40.43621063232422,-79.99615478515625
1629755417,13268020,54,0,6505,40.417510986328125,-79.99725341796875
1629755399,4030020,13,0,6508,40.51667404174805,-80.03865051269531
1629755369,7132020,26,0,6520,40.441650390625,-80.02143859863281
1629755419,2123020,71C,0,6640,40.462120056152344,-79.9267807006836
1629755399,12524020,67,0,6643,40.43946838378906,-79.9944839477539
1629755420,5781020,8,0,6401,40.47442626953125,-80.0105209350586
1629755421,8512020,31,0,6521,40.441349029541016,-80.00384521484375
1629755384,3759020,61C,0,3255,40.44103240966797,-80.00062561035156
1629755410,8178020,61A,0,3253,40.44453048706055,-79.9461898803711
1629755394,12674020,61C,0,3252,40.43778991699219,-79.93134307861328
1629755424,10862020,61A,0,3251,40.41096496582031,-79.8687515258789
1629755417,10287020,P7,0,3250,40.41551208496094,-79.8831787109375
1629755401,4493020,P7,0,3248,40.35057830810547,-79.8674545288086
1629755398,3596020,61B,0,3247,40.44015121459961,-79.99881744384766
1629755402,2345020,6,0,6512,40.443729400634766,-79.9949951171875
1629755409,7780020,24,0,6515,40.46577453613281,-80.06407928466797
1629755392,11451020,69,0,6636,40.439430236816406,-79.87763214111328
1629755394,12282020,83,0,6635,40.42864227294922,-79.97761535644531
1629755418,10791020,P68,0,6638,40.455142974853516,-79.90459442138672
1629755410,7954020,41,0,6516,40.371761322021484,-80.08253479003906
1629755424,11779020,P69,0,6637,40.44088363647461,-79.9958724975586
1629755420,9978020,G31,0,6518,40.416351318359375,-80.08228302001953
1629755396,7316020,87,0,6650,40.48276138305664,-79.9483413696289
1629755413,373020,61D,0,6531,40.419620513916016,-79.92728424072266
1629755395,3430020,71C,0,6652,40.44029235839844,-79.99919891357422
1629755364,5579020,61C,0,6530,40.44179916381836,-79.9566421508789
1629755414,10887020,P78,0,6651,40.54032516479492,-79.83116912841797
1629755412,9993020,14,0,6412,40.44916915893555,-80.02596282958984
1629755412,13686020,51L,0,6533,40.377925872802734,-79.9754867553711
1629755414,8671020,82,0,6654,40.47107696533203,-79.89202117919922
1629755401,11401020,P13,0,6411,40.46807861328125,-79.97713470458984
1629755396,10644020,56,0,6524,40.35417175292969,-79.91195678710938
1629755422,9456020,P16,0,6645,40.44700622558594,-79.84874725341797
1629755411,7505020,36,0,6523,40.43498611450195,-80.02086639404297
1629755423,1229020,71D,0,6644,40.44670867919922,-79.95170593261719
1629755419,9795020,56,0,6526,40.3466796875,-79.82978057861328
1629755422,3586020,55,0,6525,40.361228942871094,-79.9327163696289
1629755420,6942020,79,0,6646,40.470149993896484,-79.8670425415039
1629755397,13230020,16,0,6407,40.47964859008789,-80.03099060058594
1629755423,4920020,87,0,6649,40.472347259521484,-79.92838287353516
1629755415,11250020,91,0,6406,40.44321823120117,-79.99685668945312
1629755421,8286020,15,0,6408,40.45397186279297,-80.01447296142578
1629755422,12383020,Y46,0,6529,40.436710357666016,-80.00094604492188
1629755418,11514020,52L,0,6540,40.3744010925293,-79.87418365478516
1629755415,8096020,29,0,6421,40.446102142333984,-79.9887466430664
1629755414,9268020,P71,0,6542,40.43464279174805,-79.8927993774414
1629755405,7239020,59,0,6541,40.34326934814453,-79.94249725341797
1629755413,11726020,82,0,6544,40.447181701660156,-79.96737670898438
1629755415,11012020,21,0,6422,40.44295883178711,-80.02507781982422
1629755395,8844020,13,0,6414,40.45508575439453,-80.00871276855469
1629755417,14146020,57,0,6535,40.40675735473633,-79.9274673461914
1629755417,12449020,14,0,6413,40.44767379760742,-80.0191650390625
1629755410,11185020,61B,0,6534,40.41427230834961,-79.88353729248047
1629755412,4022020,41,0,6416,40.384849548339844,-80.05379486083984
1629755417,12403020,52L,0,6537,40.37054443359375,-79.85215759277344
1629755396,10618020,21,0,6417,40.50249481201172,-80.1019515991211
1629755422,10992020,60,0,6538,40.34938430786133,-79.84154510498047
1629755402,8310020,28X,0,6551,40.45279312133789,-79.92138671875
1629755419,14485020,54,0,6311,40.40871810913086,-79.99939727783203
1629755408,10761020,61A,0,6432,40.40058135986328,-79.86495208740234
1629755422,7476020,75,0,6553,40.48897933959961,-79.90162658691406
1629755421,11789020,1,0,6310,40.489078521728516,-79.87606048583984
1629755413,124020,79,0,6552,40.44979476928711,-79.89138793945312
1629755413,1730020,Y1,0,6431,40.43722152709961,-80.00056457519531
1629755424,2200020,28X,0,6555,40.43748092651367,-79.97207641601562
1629755420,7009020,6,0,6313,40.48411178588867,-80.00392150878906
1629755423,12086020,64,0,6554,40.41985321044922,-79.92832946777344
1629755411,9484020,1,0,6304,40.49677276611328,-79.94183349609375
1629755418,1154020,86,0,6546,40.460845947265625,-79.9154281616211
1629755418,11029020,89,0,6545,40.4666633605957,-79.93521118164062
1629755403,4894020,12,0,6306,40.56385803222656,-80.0196533203125
1629755412,-273828526,87,1,6548,40.48432540893555,-79.94798278808594
1629755393,5084020,71D,0,6547,40.441490173339844,-80.00057983398438
1629755414,14295020,91,0,6305,40.451210021972656,-79.98235321044922
1629755415,6822020,G3,0,6426,40.504112243652344,-80.22655487060547
1629755420,2434020,12,0,6308,40.53736114501953,-80.01112365722656
1629755422,11198020,56,0,6429,40.38127517700195,-79.92752075195312
1629755408,11660020,13,0,6307,40.51907730102539,-80.0439224243164
1629755421,7446020,59,0,6428,40.411922454833984,-79.91179656982422
1629755404,9823020,71C,0,6549,40.44971466064453,-79.95069122314453
1629755402,9081020,38,0,6320,40.38526153564453,-80.04399108886719
1629755378,12646020,57,0,6441,40.43453598022461,-79.99057006835938
1629755423,7361020,55,0,6443,40.3881721496582,-79.8236312866211
1629755422,11930020,31,0,6321,40.368690490722656,-80.10236358642578
1629755423,9571020,61A,0,6442,40.43865203857422,-79.98754119873047
1629755421,2988020,27,0,6324,40.458194732666016,-80.07070922851562
1629755423,7202020,16,0,6202,40.45355987548828,-80.00181579589844
1629755416,11197020,39,0,6323,40.41595458984375,-80.01175689697266
1629755396,6900020,17,0,6315,40.48968505859375,-80.04472351074219
1629755393,9086020,Y46,0,6436,40.27321243286133,-79.88548278808594
1629755377,6191020,88,0,6556,40.46548843383789,-79.96114349365234
1629755420,12051020,29,0,6317,40.4432373046875,-80.05327606201172
1629755413,10157020,64,0,6438,40.4111213684082,-79.90647888183594
1629755413,2348020,54,0,6316,40.45602035522461,-80.0039291381836
1629755419,8954020,P68,0,6558,40.42766189575195,-79.75106048583984
1629755410,12280020,26,0,6318,40.4405517578125,-80.06888580322266
1629755419,13314020,52L,0,6439,40.428470611572266,-79.93003845214844
1629755418,8982020,58,0,6452,40.4393424987793,-80.00434875488281
1629755417,3724020,2,0,6212,40.561676025390625,-80.01276397705078
1629755408,13039020,53L,0,6333,40.34432601928711,-79.9414291381836
1629755391,-730630497,38,1,6332,40.406532287597656,-80.05280303955078
1629755260,11578020,71B,0,6456,40.44068908691406,-79.9957275390625
1629755407,10635020,Y46,0,6335,40.33890914916992,-79.95965576171875
1629755422,2662020,61B,0,6334,40.43645095825195,-79.96810150146484
1629755424,1013020,91,0,6213,40.49451446533203,-79.88923645019531
1629755420,9501020,27,0,6326,40.442955017089844,-80.04424285888672
1629755405,9659020,20,0,6325,40.46577453613281,-80.06407928466797
1629755398,6147020,Y45,0,6446,40.43720245361328,-80.00057983398438
1629755409,5555020,P17,0,6449,40.44130325317383,-80.00189208984375
1629755423,9974020,29,0,6327,40.437862396240234,-80.06324005126953
1629755399,12941020,8,0,6206,40.51874923706055,-80.02623748779297
1629755418,3407020,Y47,0,6448,40.39545822143555,-79.99966430664062
1629755386,6079020,12,0,6209,40.448299407958984,-80.00053405761719
1629755378,1513020,16,0,6208,40.49582290649414,-80.05609893798828
1629755420,9195020,28X,0,6461,40.456424713134766,-79.91140747070312
1629755408,3345020,20,0,6221,40.468318939208984,-80.09847259521484
1629755419,10656020,P69,0,6463,40.401180267333984,-79.83493041992188
1629755421,3566020,P3,0,6341,40.438079833984375,-79.96344757080078
1629755401,5860020,16,0,6102,40.447914123535156,-80.0020523071289
1629755409,13992020,27,0,6223,40.441009521484375,-80.0687484741211
1629755424,8185020,61A,0,6346,40.43804168701172,-79.92772674560547
1629755399,1033020,91,0,6104,40.46255874633789,-79.96734619140625
1629755395,8963020,G2,0,6225,40.441490173339844,-80.02095031738281
1629755412,13996020,22,0,6224,40.47410583496094,-80.06377410888672
1629755424,2987020,O5,0,6103,40.5681037902832,-80.00616455078125
1629755402,14400020,67,0,6457,40.435794830322266,-79.99461364746094
1629755306,3069020,91,0,6215,40.50041580200195,-79.86093139648438
1629755403,8011020,P7,0,6336,40.421939849853516,-79.88662719726562
1629755419,7670020,51,0,6339,40.42072677612305,-79.98600769042969
1629755400,13753020,G3,0,6218,40.44148635864258,-80.02094268798828
1629755412,4601020,41,0,6217,40.440757751464844,-79.99818420410156
1629755417,11541020,29,0,6219,40.45543670654297,-80.19444274902344
1629755420,3853020,36,0,6230,40.339908599853516,-80.05413055419922
1629755399,7335020,51,0,6353,40.42172622680664,-79.98330688476562
1629755408,12072020,22,0,6110,40.47898483276367,-80.0743408203125
1629755422,11814020,59,0,6113,40.41714096069336,-79.88097381591797
1629755416,12179020,61C,0,6355,40.40000534057617,-79.87904357910156
1629755382,4157020,P3,0,6233,40.444217681884766,-79.95494079589844
1629755410,13366020,P76,0,6112,40.387447357177734,-79.82233428955078
1629755394,8227020,81,0,6236,40.44302749633789,-79.99729919433594
1629755421,5124020,83,0,6115,40.45011901855469,-79.9571533203125
1629755379,1472020,93,0,6357,40.453773498535156,-79.953125
1629755409,-1715520016,61D,1,6235,40.43806076049805,-79.92359924316406
1629755419,1514020,P76,0,6114,40.44587707519531,-79.88811492919922
1629755413,11865020,1,0,6106,40.5410041809082,-79.79302215576172
1629755408,11548020,61D,0,6348,40.43940734863281,-79.99444580078125
1629755403,11577020,54,0,6105,40.45201873779297,-80.0064468383789
1629755410,14198020,82,0,6468,40.442684173583984,-79.9872055053711
1629755413,3897020,20,0,6229,40.441505432128906,-80.02100372314453
1629755423,10409020,G31,0,6228,40.441497802734375,-80.00347137451172
1629755383,5624020,51,0,6241,40.380615234375,-79.97626495361328
1629755420,4900020,55,0,6240,40.29389572143555,-79.89054870605469
1629755423,8573020,75,0,6364,40.44297790527344,-79.95680236816406
1629755423,1828020,Y49,0,6121,40.375038146972656,-79.98299407958984
1629755406,4788020,Y49,0,6242,40.363338470458984,-79.98382568359375
1629755370,8643020,12,0,6003,40.58673095703125,-80.04134368896484
1629755395,14464020,61A,0,6124,40.439449310302734,-79.95987701416016
1629755421,10518020,13,0,6002,40.49733352661133,-80.0508041381836
1629755409,13818020,88,0,6368,40.463157653808594,-79.9295425415039
1629755409,12763020,91,0,6005,40.4874382019043,-79.89605712890625
1629755420,11328020,Y46,0,6126,40.29451370239258,-79.90486145019531
1629755411,5319020,69,0,6367,40.39125061035156,-79.76603698730469
1629755404,10385020,93,0,6246,40.40913009643555,-79.94383239746094
1629755333,3572020,93,0,6125,40.48290252685547,-79.94801330566406
1629755411,11918020,59,0,6238,40.408935546875,-79.90538024902344
1629755412,11692020,61D,0,6117,40.411163330078125,-79.90625762939453
1629755415,8150020,51,0,6358,40.34516143798828,-79.96031951904297
1629755408,1118020,64,0,6237,40.4569206237793,-79.94019317626953
1629755415,1197020,Y46,0,6131,40.4119758605957,-80.00857543945312
1629755397,8009020,51,0,6130,40.436241149902344,-80.00121307373047
1629755409,6227020,81,0,6251,40.446372985839844,-79.95182800292969
1629755422,5028020,59,0,6133,40.350467681884766,-79.873046875
1629755366,953020,19L,0,6014,40.48002243041992,-80.04429626464844
1629755416,8646020,61C,0,6135,40.396488189697266,-79.87419128417969
1629755408,14201020,59,0,6134,40.38471603393555,-79.86214447021484
1629755400,14081020,P78,0,6137,40.44387435913086,-79.99437713623047
1629755415,9428020,81,0,6250,40.4284553527832,-79.97527313232422
1629755395,3708020,16,0,6007,40.4975700378418,-80.05966186523438
1629755364,3391020,14,0,6006,40.59186935424805,-80.22746276855469
1629755409,3445020,51L,0,6127,40.441593170166016,-79.99826049804688
1629755406,3869020,56,0,6248,40.437591552734375,-79.9996566772461
1629755371,617020,82,0,6369,40.4565544128418,-79.93640899658203
1629755397,13270020,15,0,6009,40.48204040527344,-80.00279998779297
1629755420,3166020,54,0,6008,40.45219421386719,-80.00657653808594
1629755414,8902020,67,0,6142,40.448211669921875,-79.91053771972656
1629755403,9988020,77,0,6263,40.46343231201172,-79.93034362792969
1629755411,10782020,75,0,6262,40.48546600341797,-79.92707061767578
1629755378,13277020,77,0,6265,40.45266342163086,-79.75035858154297
1629755414,9813020,G2,0,6023,40.41124725341797,-80.08644104003906
1629755400,9777020,39,0,6022,40.391963958740234,-80.01506042480469
1629755404,352020,67,0,6143,40.44505310058594,-79.85914611816406
1629755414,4935020,39,0,6025,40.445648193359375,-79.98979949951172
1629755421,11887020,P16,0,6146,40.475154876708984,-79.769775390625
1629755424,3131020,P12,0,6266,40.456233978271484,-79.94574737548828
1629755404,13650020,26,0,6027,40.44186019897461,-80.0682144165039
1629755407,14174020,74,0,6147,40.4610595703125,-79.92749786376953
1629755408,12546020,77,0,6261,40.46845245361328,-79.82466125488281
1629755411,6574020,G31,0,6018,40.407379150390625,-80.08912658691406
1629755407,853020,P71,0,6139,40.4155387878418,-79.87937927246094
1629755422,12217020,86,0,6138,40.46126937866211,-79.92737579345703
1629755411,3558020,53L,0,6032,40.401363372802734,-79.90621185302734
1629755421,11966020,75,0,6274,40.48786926269531,-79.92465209960938
1629755412,11326020,56,0,6031,40.3516845703125,-79.86329650878906
1629755398,12550020,71A,0,7002,40.4413948059082,-79.99758911132812
1629755396,1926020,P68,0,6275,40.455482482910156,-79.9735107421875
1629755403,2973020,P78,0,6154,40.4428596496582,-79.8851089477539
1629755412,4112020,P16,0,6156,40.465633392333984,-79.82699584960938
1629755401,4197020,59,0,6038,40.388526916503906,-79.82188415527344
1629755420,5277020,67,0,6159,40.428314208984375,-79.8119125366211
1629755408,13658020,67,0,6158,40.45303726196289,-79.750244140625
1629755411,301020,69,0,6270,40.45001983642578,-79.89179992675781
1629755415,12808020,74,0,6272,40.46505355834961,-79.89263153076172
1629755411,9178020,75,0,6271,40.457942962646484,-79.9280014038086
1629755423,7122020,53L,0,6029,40.40452194213867,-79.9081039428711
1629755407,13824020,77,0,6149,40.45811080932617,-79.90412139892578
1629755417,5570020,57,0,6043,40.40736389160156,-79.9112319946289
1629755422,5814020,55,0,6042,40.334144592285156,-79.94654846191406
1629755415,5659020,P3,0,6044,40.414756774902344,-79.87882995605469
1629755415,8363020,69,0,6160,40.39914321899414,-79.81474304199219
1629755417,-327131229,7,1,1701,40.478519439697266,-79.9950180053711
1629755415,2471020,11,0,1707,40.443172454833984,-80.00022888183594
1629755380,13625020,4,0,1704,40.50054168701172,-80.02233123779297
1629755407,11152020,4,0,1703,40.44272232055664,-79.9986801147461
1629755412,1395020,77,0,6056,40.45521926879883,-79.9443588256836
1629755417,10148020,75,0,6059,40.48849105834961,-79.89984130859375
1629755398,7478020,79,0,6052,40.47354507446289,-79.86824035644531
1629755408,13266020,P71,0,6051,40.42286682128906,-79.89579010009766
1629755405,2376020,11,0,1711,40.449378967285156,-80.00251007080078
1629755422,141020,44,0,1718,40.38862609863281,-79.97623443603516
1629755405,6564020,40,0,1716,40.432804107666016,-80.00355529785156
1629755380,4593020,44,0,1713,40.443092346191406,-79.99663543701172
1629755414,11666020,44,0,1723,40.412635803222656,-79.98675537109375
1629755419,505020,48,0,1720,40.43216323852539,-80.00387573242188
1629755408,3812020,43,0,1728,40.421241760253906,-80.00269317626953
1629755400,14262020,44,0,1727,40.431121826171875,-80.001953125
1629755417,13802020,54,0,5905,40.463069915771484,-79.95176696777344
1629755402,7720020,14,0,5907,40.5305290222168,-80.16671752929688
1629755408,3940020,54,0,5909,40.4088020324707,-79.99152374267578
1629755412,14305020,54,0,5901,40.46488571166992,-79.96044158935547
1629755416,21020,54,0,5903,40.428558349609375,-79.9773178100586
1629755411,10288020,24,0,5918,40.439998626708984,-80.00611877441406
1629755413,8686020,48,0,5919,40.42179870605469,-79.99358367919922
1629755418,2378020,1,0,5910,40.4542236328125,-79.99668884277344
1629755424,8606020,G2,0,5913,40.406089782714844,-80.0902328491211
1629755370,12018020,G3,0,5914,40.44343185424805,-80.16155242919922
1629755382,12389020,91,0,5805,40.487060546875,-79.89445495605469
1629755419,4534020,O12,0,5806,40.5867805480957,-80.04293823242188
1629755415,-457008958,91,1,5807,40.488441467285156,-79.93714141845703
1629755418,1743020,6,0,5809,40.44301986694336,-79.9976806640625
1629755414,14026020,64,0,5922,40.41403579711914,-79.92308044433594
1629755409,2751020,61D,0,5923,40.44297790527344,-79.95427703857422
1629755422,13949020,2,0,5804,40.51542663574219,-79.9591064453125
1629755907,13497020,51,0,5816,40.431846618652344,-80.0033187866211
1629755891,11386020,P12,0,5937,40.44004440307617,-79.99787902832031
1629755899,13309020,P7,0,5817,40.45693588256836,-79.94795227050781
1629755913,5382020,61B,0,5819,40.434688568115234,-79.89543914794922
1629755906,4122020,38,0,5810,40.38858413696289,-80.0778579711914
1629755902,13751020,59,0,5932,40.38346862792969,-79.86766052246094
1629755893,8279020,O12,0,3406,40.442657470703125,-80.00434875488281
1629755905,5711020,17,0,5707,40.45584487915039,-80.01673126220703
1629755879,12192020,O12,0,3403,40.549896240234375,-80.01899719238281
1629755910,9296020,64,0,5940,40.464088439941406,-79.94972229003906
1629755909,2232020,P76,0,5820,40.45621871948242,-79.94563293457031
1629755906,4149020,P16,0,5821,40.4493522644043,-79.98401641845703
1629755908,4483020,16,0,5702,40.49878692626953,-80.0623779296875
1629755902,9182020,P68,0,5823,40.423946380615234,-79.79326629638672
1629755884,5688020,P71,0,5944,40.46070861816406,-79.95890808105469
1629755886,-600584580,75,1,5945,40.4567985534668,-79.91192626953125
1629755899,8855020,71D,0,3420,40.44691467285156,-79.94917297363281
1629755910,7359020,71C,0,3417,40.4493522644043,-79.95045471191406
1629755892,6182020,74,0,5717,40.43804931640625,-79.92189025878906
1629755884,526020,71D,0,3416,40.456241607666016,-79.90474700927734
1629755910,-2104533641,P16,1,5718,40.43955993652344,-79.87554931640625
1629755884,8858020,71B,0,3415,40.46571731567383,-79.92280578613281
1629755902,12470020,P67,0,3414,40.430538177490234,-79.79244995117188
1629755907,4363020,71C,0,3412,40.45505142211914,-79.94141387939453
1629755900,14355020,82,0,3411,40.45796203613281,-79.93168640136719
1629755913,7133020,21,0,5713,40.5150032043457,-80.22225952148438
1629755909,3986020,61D,0,3307,40.42767333984375,-79.92604064941406
1629755898,7614020,71B,0,3425,40.47943878173828,-79.91873931884766
1629755890,6858020,G2,0,3303,40.44329071044922,-79.99431610107422
1629755886,3739020,P12,0,3424,40.44425582885742,-79.75862121582031
1629755894,5696020,P1,0,3423,40.459102630615234,-79.92434692382812
1629755879,13651020,71D,0,3421,40.453697204589844,-79.91474151611328
1629755878,449020,P78,0,5721,40.45298385620117,-79.89913177490234
1629755894,-1947803449,87,1,5722,40.462013244628906,-79.93899536132812
1629755872,2977020,91,0,5605,40.456878662109375,-79.9756088256836
1629755907,9627020,P3,0,3308,40.452632904052734,-79.9497299194336
1629755888,2551020,P1,0,3320,40.41489028930664,-79.8792495727539
1629755904,7191020,61D,0,3318,40.4393310546875,-79.99754333496094
1629755904,5013020,61A,0,3317,40.400352478027344,-79.86304473876953
1629755903,9946020,61B,0,3313,40.41245651245117,-79.88203430175781
1629755905,7255020,65,0,5614,40.43408203125,-79.92796325683594
1629755896,6828020,P1,0,3332,40.45277404785156,-79.89871978759766
1629755909,6407020,71C,0,3210,40.44544219970703,-79.89155578613281
1629755844,14042020,P1,0,3331,40.45612335205078,-79.945556640625
1629755887,3981020,71B,0,3208,40.44773483276367,-79.93824005126953
1629755905,1474020,61B,0,3206,40.438011169433594,-79.9231948852539
1629755898,13595020,71A,0,3327,40.44181823730469,-79.95845031738281
1629755912,12264020,28X,0,3326,40.425537109375,-80.07337951660156
1629755890,10811020,61C,0,3205,40.40532684326172,-79.88538360595703
1629755884,97020,71A,0,3325,40.44895553588867,-79.95020294189453
1629755904,5447020,61D,0,3202,40.43822479248047,-79.96159362792969
1629755872,3527020,71B,0,3323,40.45192337036133,-79.92400360107422
1629755902,13900020,61A,0,3201,40.43840026855469,-79.90436553955078
1629755902,9989020,P10,0,3322,40.45846176147461,-79.91413116455078
1629755892,7617020,P10,0,3220,40.53714370727539,-79.83927917480469
1629755900,8587020,38,0,6609,40.424171447753906,-80.03057861328125
1629755907,4696020,71A,0,3219,40.46630859375,-79.92897033691406
1629755824,6483020,P12,0,3339,40.44047927856445,-79.83405303955078
1629755909,-453772088,P67,1,3218,40.44581985473633,-79.98946380615234
1629755912,1937020,P1,0,3338,40.460166931152344,-79.96195220947266
1629755886,10837020,P10,0,3217,40.6002197265625,-79.76084899902344
1629755864,6620020,P10,0,3336,40.47408676147461,-79.9082260131836
1629755905,7916020,71A,0,3335,40.46385955810547,-79.93045806884766
1629755902,14561020,86,0,3214,40.45173263549805,-79.98158264160156
1629755864,3896020,P1,0,3213,40.4432487487793,-79.99417877197266
1629755896,7123020,48,0,5636,40.427947998046875,-79.97017669677734
1629755905,13681020,18,0,6606,40.45455551147461,-80.02351379394531
1629755911,13402020,51,0,6621,40.42882537841797,-79.98326110839844
1629755885,10052020,83,0,6620,40.4405403137207,-79.99028015136719
1629755899,466020,28X,0,3226,40.45260238647461,-80.17239379882812
1629755861,7926020,71A,0,3225,40.44429397583008,-79.95486450195312
1629755893,11871020,48,0,6612,40.42113494873047,-80.00611114501953
1629755896,2438020,31,0,6611,40.44389724731445,-80.02770233154297
1629755895,6519020,21,0,6614,40.51736831665039,-80.14893341064453
1629755913,12960020,Y47,0,6618,40.376991271972656,-79.99407196044922
1629755888,11344020,51,0,5660,40.347511291503906,-79.95233154296875
1629755893,5941020,2,0,6511,40.52291488647461,-79.96037292480469
1629755901,5072020,71C,0,3240,40.44220733642578,-79.9577865600586
1629755891,9529020,54,0,6509,40.43729782104492,-79.97142028808594
1629755895,8488020,G2,0,3238,40.435935974121094,-80.06763458251953
1629755883,14428020,51,0,6623,40.423919677734375,-79.9776840209961
1629755898,5603020,52L,0,5654,40.39596939086914,-79.8908920288086
1629755898,7497020,91,0,6502,40.48824691772461,-79.89002227783203
1629755905,13977020,51,0,5655,40.38030242919922,-79.97586822509766
1629755905,5434020,93,0,6625,40.40766143798828,-79.92646789550781
1629755902,13829020,14,0,6503,40.53400421142578,-80.17367553710938
1629755897,6859020,13,0,6506,40.44145965576172,-80.00362396240234
1629755889,14401020,93,0,6627,40.43586349487305,-79.96035766601562
1629755911,9159020,53L,0,6626,40.426212310791016,-79.93907165527344
1629755905,13268020,54,0,6505,40.42159652709961,-79.98294067382812
1629755912,4030020,13,0,6508,40.51365661621094,-80.0455093383789
1629755884,447020,88,0,5670,40.4566764831543,-79.91202545166016
1629755906,7132020,26,0,6520,40.44325637817383,-80.02587890625
1629755910,2123020,71C,0,6640,40.454498291015625,-79.94332122802734
1629755905,5781020,8,0,6401,40.4963493347168,-80.0199966430664
1629755913,8512020,31,0,6521,40.44598388671875,-79.9891586303711
1629755914,1965020,61C,0,3255,40.43767166137695,-79.98527526855469
1629755904,8178020,61A,0,3253,40.43802261352539,-79.92205047607422
1629755887,12674020,61C,0,3252,40.42874526977539,-79.92424774169922
1629755909,10862020,61A,0,3251,40.40726089477539,-79.85935974121094
1629755909,10287020,P7,0,3250,40.383995056152344,-79.85989379882812
1629755901,1898020,P7,0,3248,40.3524284362793,-79.85174560546875
1629755899,3596020,61B,0,3247,40.437618255615234,-79.98403930664062
1629755853,2345020,6,0,6512,40.44607925415039,-79.98890686035156
1629755909,7780020,24,0,6515,40.47407150268555,-80.09302520751953
1629755865,12282020,83,0,6635,40.44314956665039,-79.95362854003906
1629755911,5195020,G31,0,6514,40.36954879760742,-80.10130310058594
1629755911,10791020,P68,0,6638,40.43613815307617,-79.87283325195312
1629755897,7954020,41,0,6516,40.36213684082031,-80.09781646728516
1629755909,14740020,P69,0,6637,40.44354248046875,-79.99539184570312
1629755873,9978020,G31,0,6518,40.44776153564453,-80.03292846679688
1629755895,7316020,87,0,6650,40.48329162597656,-79.9476089477539
1629755878,373020,61D,0,6531,40.43427658081055,-79.92288208007812
1629755904,3430020,71C,0,6652,40.43766403198242,-79.98518371582031
1629755896,5579020,61C,0,6530,40.43797302246094,-79.92825317382812
1629755906,11229020,P78,0,6651,40.537349700927734,-79.83769226074219
1629755844,9993020,14,0,6412,40.44783020019531,-80.01779174804688
1629755869,8671020,82,0,6654,40.473236083984375,-79.88822937011719
1629755912,11401020,P13,0,6411,40.497623443603516,-79.9438705444336
1629755910,12653020,P1,0,3258,40.41535568237305,-79.88047790527344
1629755908,10644020,56,0,6524,40.382015228271484,-79.92852783203125
1629755909,9456020,P16,0,6645,40.46552658081055,-79.82469940185547
1629755891,7505020,36,0,6523,40.39971160888672,-80.04438781738281
1629755912,1229020,71D,0,6644,40.43645477294922,-79.96881866455078
1629755910,9795020,56,0,6526,40.3466796875,-79.82978057861328
1629755913,6942020,79,0,6646,40.470985412597656,-79.88847351074219
1629755910,13230020,16,0,6407,40.49557113647461,-80.05554962158203
1629755911,4920020,87,0,6649,40.48882293701172,-79.92437744140625
1629755887,11250020,91,0,6406,40.462745666503906,-79.96714782714844
1629755909,8286020,15,0,6408,40.471290588378906,-80.00720977783203
1629755912,12383020,Y46,0,6529,40.40421676635742,-80.0030746459961
1629755892,11514020,52L,0,6540,40.40470886230469,-79.89108276367188
1629755903,9186020,29,0,6421,40.44155502319336,-80.00520324707031
1629755893,9268020,P71,0,6542,40.45085144042969,-79.89382934570312
1629755903,7239020,59,0,6541,40.34651184082031,-79.88848114013672
1629755901,11726020,82,0,6544,40.44004821777344,-79.99398040771484
1629755888,11012020,21,0,6422,40.454471588134766,-80.04092407226562
1629755908,8844020,13,0,6414,40.47490310668945,-80.0393295288086
1629755905,14146020,57,0,6535,40.42529296875,-79.95471954345703
1629755879,12449020,14,0,6413,40.447654724121094,-80.01895904541016
1629755905,11185020,61B,0,6534,40.42979049682617,-79.8921890258789
1629755906,4022020,41,0,6416,40.39396286010742,-80.03580474853516
1629755913,10618020,21,0,6417,40.4665641784668,-80.06045532226562
1629755909,9609020,60,0,6538,40.35163497924805,-79.8506088256836
1629755910,1725020,54,0,6311,40.42172622680664,-79.98330688476562
1629755889,10761020,61A,0,6432,40.41571807861328,-79.87837219238281
1629755909,7476020,75,0,6553,40.48870849609375,-79.87315368652344
1629755907,11789020,1,0,6310,40.48802947998047,-79.89815521240234
1629755877,1091020,79,0,6552,40.44979476928711,-79.89138793945312
1629755900,1730020,Y1,0,6431,40.405792236328125,-80.00527954101562
1629755834,2200020,28X,0,6555,40.442378997802734,-79.99557495117188
1629755903,12086020,64,0,6554,40.41117858886719,-79.90957641601562
1629755896,9484020,1,0,6304,40.487548828125,-79.89395904541016
1629755885,9136020,38,0,6425,40.382301330566406,-80.0434799194336
1629755900,1154020,86,0,6546,40.461429595947266,-79.9272689819336
1629755844,5695020,89,0,6545,40.46969223022461,-79.93024444580078
1629755901,4894020,12,0,6306,40.57232666015625,-80.0235595703125
1629755877,-273828526,87,1,6548,40.479949951171875,-79.93338012695312
1629755891,8704020,71D,0,6547,40.439308166503906,-79.99658203125
1629755904,10115020,91,0,6305,40.44236373901367,-80.00025177001953
1629755903,6822020,G3,0,6426,40.504112243652344,-80.22655487060547
1629755911,2434020,12,0,6308,40.54710388183594,-80.0201416015625
1629755876,11198020,56,0,6429,40.3546257019043,-79.91368103027344
1629755870,11660020,13,0,6307,40.51700210571289,-80.03555297851562
1629755912,7446020,59,0,6428,40.408668518066406,-79.90756225585938
1629755912,9823020,71C,0,6549,40.439796447753906,-79.96117401123047
1629755898,12646020,57,0,6441,40.41156768798828,-79.94840240478516
1629755881,7361020,55,0,6443,40.3881721496582,-79.8236312866211
1629755913,11930020,31,0,6321,40.392601013183594,-80.08771514892578
1629755895,9571020,61A,0,6442,40.44099807739258,-80.00106048583984
1629755913,2988020,27,0,6324,40.442230224609375,-80.04495239257812
1629755896,13986020,16,0,6202,40.4417724609375,-80.00243377685547
1629755911,11197020,39,0,6323,40.393409729003906,-80.01951599121094
1629755899,6900020,17,0,6315,40.49951171875,-80.02108001708984
1629755857,9086020,Y46,0,6436,40.27321243286133,-79.88548278808594
1629755907,6191020,88,0,6556,40.464569091796875,-79.93859100341797
1629755912,12051020,29,0,6317,40.43967056274414,-80.08895874023438
1629755884,3258020,64,0,6438,40.41111373901367,-79.90643310546875
1629755868,8954020,P68,0,6558,40.433799743652344,-79.78336334228516
1629755913,12280020,26,0,6318,40.4405517578125,-80.06888580322266
1629755897,13314020,52L,0,6439,40.43730545043945,-79.99891662597656
1629755914,4031020,58,0,6452,40.436302185058594,-79.99640655517578
1629755906,3724020,2,0,6212,40.54576873779297,-80.01741027832031
1629755911,13039020,53L,0,6333,40.34788513183594,-79.92960357666016
1629755901,-730630497,38,1,6332,40.38439178466797,-80.0718765258789
1629755903,6183020,71B,0,6456,40.439537048339844,-79.99720764160156
1629755846,10635020,Y46,0,6335,40.314605712890625,-79.93932342529297
1629755905,2662020,61B,0,6334,40.438880920410156,-79.99264526367188
1629755912,6655020,91,0,6213,40.49457550048828,-79.8858871459961
1629755911,9501020,27,0,6326,40.4588623046875,-80.07705688476562
1629755909,9659020,20,0,6325,40.47523880004883,-80.09649658203125
1629755896,6147020,Y45,0,6446,40.405921936035156,-80.00544738769531
1629755905,5555020,P17,0,6449,40.45881271362305,-79.96805572509766
1629755882,9974020,29,0,6327,40.441246032714844,-80.02023315429688
1629755867,12941020,8,0,6206,40.5175666809082,-80.03701782226562
1629755905,3407020,Y47,0,6448,40.36280059814453,-79.9922103881836
1629755908,12209020,12,0,6209,40.450077056884766,-80.00111389160156
1629755907,1513020,16,0,6208,40.48377990722656,-80.03565216064453
1629755899,9195020,28X,0,6461,40.44849395751953,-79.93409729003906
1629755796,3345020,20,0,6221,40.467323303222656,-80.09730529785156
1629755887,10656020,P69,0,6463,40.395381927490234,-79.8056411743164
1629755912,4776020,87,0,6462,40.458805084228516,-79.9713134765625
1629755881,11495020,P3,0,6341,40.44002914428711,-79.96073913574219
1629755911,5860020,16,0,6102,40.45840835571289,-80.01609802246094
1629755894,12495020,27,0,6223,40.4410514831543,-80.06874084472656
1629755887,8185020,61A,0,6346,40.44626998901367,-79.95178985595703
1629755885,1033020,91,0,6104,40.47798156738281,-79.95603942871094
1629755888,8963020,G2,0,6225,40.44414138793945,-80.02791595458984
1629755911,13996020,22,0,6224,40.48076248168945,-80.08145904541016
1629755903,2987020,O5,0,6103,40.58702087402344,-79.99826049804688
1629755894,8436020,2,0,6216,40.444095611572266,-80.00064086914062
1629755911,14400020,67,0,6457,40.44463348388672,-79.94393920898438
1629755874,3069020,91,0,6215,40.487789154052734,-79.88082885742188
1629755913,8011020,P7,0,6336,40.44367218017578,-79.8870849609375
1629755893,7670020,51,0,6339,40.399681091308594,-79.98905944824219
1629755888,13753020,G3,0,6218,40.443946838378906,-80.02758026123047
1629755905,4601020,41,0,6217,40.4200325012207,-80.00890350341797
1629755907,11541020,29,0,6219,40.4219856262207,-80.19168090820312
1629755911,3853020,36,0,6230,40.339908599853516,-80.05413055419922
1629755907,7335020,51,0,6353,40.42972946166992,-79.99800109863281
1629755901,12072020,22,0,6110,40.470489501953125,-80.05443572998047
1629755906,11814020,59,0,6113,40.40340042114258,-79.8628158569336
1629755888,4157020,P3,0,6233,40.455101013183594,-79.94416046142578
1629755898,13366020,P76,0,6112,40.388343811035156,-79.82353210449219
1629755889,8227020,81,0,6236,40.44413757324219,-79.98795318603516
1629755893,5124020,83,0,6115,40.44157409667969,-79.9632339477539
1629755908,1472020,93,0,6357,40.468685150146484,-79.96211242675781
1629755912,-1715520016,61D,1,6235,40.41962814331055,-79.92797088623047
1629755862,1514020,P76,0,6114,40.45348358154297,-79.93852996826172
1629755889,11865020,1,0,6106,40.56489944458008,-79.7662124633789
1629755889,12902020,61D,0,6348,40.4404296875,-79.99956512451172
1629755902,11577020,54,0,6105,40.45201873779297,-80.0064468383789
1629755902,14198020,82,0,6468,40.44832992553711,-79.95929718017578
1629755911,3897020,20,0,6229,40.44377899169922,-80.02716064453125
1629755869,10409020,G31,0,6228,40.44197082519531,-80.02237701416016
1629755912,5624020,51,0,6241,40.40559768676758,-79.99117279052734
1629755892,4900020,55,0,6240,40.32262420654297,-79.92652130126953
1629755890,8573020,75,0,6364,40.42827606201172,-79.97236633300781
1629755909,1828020,Y49,0,6121,40.4119758605957,-80.00857543945312
1629755894,4788020,Y49,0,6242,40.364044189453125,-79.96443176269531
1629755888,8643020,12,0,6003,40.573936462402344,-80.01392364501953
1629755899,14464020,61A,0,6124,40.44459915161133,-79.94274139404297
1629755888,10518020,13,0,6002,40.51737594604492,-80.03564453125
1629755890,8105020,88,0,6368,40.463157653808594,-79.9295425415039
1629755913,12763020,91,0,6005,40.48978042602539,-79.8708267211914
1629755911,11328020,Y46,0,6126,40.32854080200195,-79.9449234008789
1629755913,5319020,69,0,6367,40.39569091796875,-79.80470275878906
1629755910,10385020,93,0,6246,40.42501449584961,-79.92805480957031
1629755904,3572020,93,0,6125,40.48284912109375,-79.94815063476562
1629755886,11918020,59,0,6238,40.412330627441406,-79.90825653076172
1629755898,13746020,61D,0,6117,40.411136627197266,-79.90630340576172
1629755858,8150020,51,0,6358,40.36470413208008,-79.98326110839844
1629755906,1118020,64,0,6237,40.45279312133789,-79.92139434814453
1629755888,1197020,Y46,0,6131,40.43178939819336,-80.00370788574219
1629755901,8009020,51,0,6130,40.44181442260742,-79.99877166748047
1629755913,6227020,81,0,6251,40.44037628173828,-79.96556091308594
1629755914,5028020,59,0,6133,40.3494987487793,-79.89253997802734
1629755911,953020,19L,0,6014,40.499839782714844,-80.06504821777344
1629755913,8646020,61C,0,6135,40.406585693359375,-79.91152954101562
1629755913,14201020,59,0,6134,40.36252975463867,-79.85369873046875
1629755899,14081020,P78,0,6137,40.456687927246094,-79.93244171142578
1629755886,3391020,14,0,6006,40.59186935424805,-80.22746276855469
1629755888,3445020,51L,0,6127,40.429046630859375,-79.9984130859375
1629755911,2205020,56,0,6248,40.43675231933594,-79.99700164794922
1629755913,617020,82,0,6369,40.460113525390625,-79.92137145996094
1629755910,13270020,15,0,6009,40.47060775756836,-80.01067352294922
1629755897,3166020,54,0,6008,40.454071044921875,-79.9937973022461
1629755910,8902020,67,0,6142,40.44381332397461,-79.88697052001953
1629755879,9988020,77,0,6263,40.456661224365234,-79.95497131347656
1629755887,10782020,75,0,6262,40.46843719482422,-79.92160034179688
1629755894,4517020,77,0,6265,40.47078323364258,-79.75548553466797
1629755882,9813020,G2,0,6023,40.45189666748047,-80.04635620117188
1629755861,9777020,39,0,6022,40.391963958740234,-80.01506042480469
1629755885,352020,67,0,6143,40.4302864074707,-79.81684875488281
1629755884,4935020,39,0,6025,40.44563293457031,-79.98967742919922
1629755907,3131020,P12,0,6266,40.44658660888672,-79.98843383789062
1629755912,13650020,26,0,6027,40.46039962768555,-80.06407165527344
1629755893,6353020,74,0,6147,40.46113967895508,-79.92401885986328
1629755885,12546020,77,0,6261,40.46094512939453,-79.86695098876953
1629755880,12845020,P68,0,6140,40.44151306152344,-79.99768829345703
1629755869,6574020,G31,0,6018,40.38705825805664,-80.09197235107422
1629755911,853020,P71,0,6139,40.4155387878418,-79.87937927246094
1629755897,12217020,86,0,6138,40.460208892822266,-79.91561126708984
1629755904,3558020,53L,0,6032,40.381771087646484,-79.9055404663086
1629755910,11966020,75,0,6274,40.48894500732422,-79.89254760742188
1629755893,11326020,56,0,6031,40.343711853027344,-79.82953643798828
1629755892,14119020,71A,0,7002,40.43991470336914,-79.99645233154297
1629755906,7081020,59,0,6033,40.38764953613281,-79.82350158691406
1629755883,2973020,P78,0,6154,40.4497184753418,-79.86320495605469
1629755890,4112020,P16,0,6156,40.4899787902832,-79.79769897460938
1629755910,5277020,67,0,6159,40.44558334350586,-79.84334564208984
1629755900,13658020,67,0,6158,40.45303726196289,-79.750244140625
1629755912,301020,69,0,6270,40.45001983642578,-79.89179992675781
1629755902,12808020,74,0,6272,40.473636627197266,-79.89757537841797
1629755906,9178020,75,0,6271,40.465965270996094,-79.92261505126953
1629755911,7122020,53L,0,6029,40.41209030151367,-79.90817260742188
1629755909,13824020,77,0,6149,40.460933685302734,-79.86699676513672
1629755903,5570020,57,0,6043,40.41099166870117,-79.90660858154297
1629755908,5814020,55,0,6042,40.33177185058594,-79.929931640625
1629755907,5659020,P3,0,6044,40.429622650146484,-79.88457489013672
1629755913,8363020,69,0,6160,40.391910552978516,-79.8097152709961
1629755895,-327131229,7,1,1701,40.48464584350586,-80.0045166015625
1629755884,2471020,11,0,1707,40.45563507080078,-80.00585174560547
1629755884,7745020,4,0,1704,40.50056838989258,-80.0221939086914
1629755910,11152020,4,0,1703,40.4557991027832,-79.99298858642578
1629755908,1395020,77,0,6056,40.46080017089844,-79.923095703125
1629755901,10148020,75,0,6059,40.48881530761719,-79.87252807617188
1629755890,7478020,79,0,6052,40.462337493896484,-79.86500549316406
1629755909,141020,44,0,1718,40.39345932006836,-79.98255157470703
1629755905,6564020,40,0,1716,40.42212677001953,-80.01243591308594
1629755895,4593020,44,0,1713,40.43209457397461,-80.00391387939453
1629755913,11666020,44,0,1723,40.396358489990234,-79.97225189208984
1629755900,505020,48,0,1720,40.42884826660156,-79.98207092285156
1629755905,14262020,44,0,1727,40.44467544555664,-79.9909896850586
1629755902,13802020,54,0,5905,40.45608901977539,-79.94763946533203
1629755897,7720020,14,0,5907,40.54003143310547,-80.18278503417969
1629755911,3940020,54,0,5909,40.40879821777344,-79.99150085449219
1629755901,14305020,54,0,5901,40.449249267578125,-79.9853286743164
1629755896,21020,54,0,5903,40.41483688354492,-79.9876937866211
1629755887,2324020,24,0,5918,40.44202423095703,-80.02253723144531
1629755902,2378020,1,0,5910,40.443443298339844,-79.99606323242188
1629755882,10828020,G2,0,5913,40.405521392822266,-80.0907974243164
1629755894,12389020,91,0,5805,40.488189697265625,-79.93779754638672
1629755906,4534020,O12,0,5806,40.553592681884766,-80.03825378417969
1629755912,-457008958,91,1,5807,40.493377685546875,-79.91429138183594
1629755890,1743020,6,0,5809,40.4510498046875,-80.00094604492188
1629755913,14026020,64,0,5922,40.43396759033203,-79.92292785644531
1629755908,2751020,61D,0,5923,40.43803405761719,-79.92781829833984
1629755897,13949020,2,0,5804,40.4942512512207,-79.958984375
1629756524,13497020,51,0,5816,40.42504119873047,-79.9809799194336
1629756503,11386020,P12,0,5937,40.45905685424805,-79.9547348022461
1629756519,13309020,P7,0,5817,40.44037628173828,-79.88055419921875
1629756528,5382020,61B,0,5819,40.405372619628906,-79.87214660644531
1629756491,4122020,38,0,5810,40.37309265136719,-80.09928131103516
1629756521,13751020,59,0,5932,40.397613525390625,-79.88461303710938
1629756518,8279020,O12,0,3406,40.448360443115234,-79.99174499511719
1629756448,5711020,17,0,5707,40.449378967285156,-80.00251007080078
1629756508,12192020,O12,0,3403,40.58662796020508,-80.02930450439453
1629756521,5057020,64,0,5940,40.46748352050781,-79.96361541748047
1629756471,2232020,P76,0,5820,40.443180084228516,-79.88636016845703
1629756528,4149020,P16,0,5821,40.45249938964844,-79.89794921875
1629756475,5098020,1,0,5701,40.4459114074707,-79.98921203613281
1629756503,4483020,16,0,5702,40.48176956176758,-80.03404235839844
1629756515,9182020,P68,0,5823,40.43073272705078,-79.79336547851562
1629756498,5688020,P71,0,5944,40.442596435546875,-79.88668823242188
1629756519,-600584580,75,1,5945,40.449981689453125,-79.89175415039062
1629756507,8855020,71D,0,3420,40.452877044677734,-79.92074584960938
1629756524,7359020,71C,0,3417,40.46022415161133,-79.93267059326172
1629756521,5514020,74,0,5717,40.432640075683594,-79.91831970214844
1629756512,-2104533641,P16,1,5718,40.46141052246094,-79.83399963378906
1629756517,4363020,71C,0,3412,40.46086502075195,-79.92325592041016
1629756526,14355020,82,0,3411,40.447471618652344,-79.96692657470703
1629756520,7133020,21,0,5713,40.51634979248047,-80.16131591796875
1629756527,3986020,61D,0,3307,40.41112518310547,-79.90974426269531
1629756518,7614020,71B,0,3425,40.45870590209961,-79.9251480102539
1629756498,6858020,G2,0,3303,40.43973922729492,-80.0097885131836
1629756523,3739020,P12,0,3424,40.44019317626953,-79.87240600585938
1629756505,7900020,P1,0,3423,40.44341278076172,-79.99600219726562
1629756527,13651020,71D,0,3421,40.442073822021484,-79.95805358886719
1629756512,449020,P78,0,5721,40.443660736083984,-79.99352264404297
1629756519,-1947803449,87,1,5722,40.45771026611328,-79.97289276123047
1629756480,2977020,91,0,5605,40.44853591918945,-80.0006103515625
1629756519,9627020,P3,0,3308,40.4377326965332,-79.96460723876953
1629756516,2551020,P1,0,3320,40.4461669921875,-79.88826751708984
1629756494,7191020,61D,0,3318,40.43611526489258,-79.96956634521484
1629756504,5013020,61A,0,3317,40.41364669799805,-79.85343170166016
1629756518,7255020,65,0,5614,40.42844772338867,-79.91852569580078
1629756482,6828020,P1,0,3332,40.41513442993164,-79.87948608398438
1629756477,6407020,71C,0,3210,40.45981216430664,-79.92066955566406
1629756499,3429020,P1,0,3331,40.440738677978516,-79.99584197998047
1629756505,3981020,71B,0,3208,40.4370231628418,-79.9705810546875
1629756501,1474020,61B,0,3206,40.43953323364258,-79.89939880371094
1629756522,13595020,71A,0,3327,40.43872833251953,-79.98902130126953
1629756524,12264020,28X,0,3326,40.44074249267578,-80.0069808959961
1629756523,10811020,61C,0,3205,40.37323760986328,-79.84703826904297
1629756525,97020,71A,0,3325,40.45708084106445,-79.93463897705078
1629756503,5447020,61D,0,3202,40.438316345214844,-79.93357849121094
1629756527,13900020,61A,0,3201,40.43478012084961,-79.88285064697266
1629756494,9989020,P10,0,3322,40.44367218017578,-79.99360656738281
1629756523,7617020,P10,0,3220,40.54108810424805,-79.78216552734375
1629756524,7612020,38,0,6609,40.44295883178711,-80.02507781982422
1629756492,4696020,71A,0,3219,40.45204162597656,-79.95154571533203
1629756520,6483020,P12,0,3339,40.427181243896484,-79.72509765625
1629756507,-453772088,P67,1,3218,40.44020080566406,-79.99624633789062
1629756499,1937020,P1,0,3338,40.45244216918945,-79.8978042602539
1629756527,10837020,P10,0,3217,40.62315368652344,-79.72544860839844
1629756507,6620020,P10,0,3336,40.534481048583984,-79.84593963623047
1629756519,14561020,86,0,3214,40.45890426635742,-79.94402313232422
1629756522,3896020,P1,0,3213,40.45623779296875,-79.93328857421875
1629756475,-912855270,17,1,6605,40.5011100769043,-80.02233123779297
1629756518,7123020,48,0,5636,40.43133544921875,-80.00231170654297
1629756525,1859020,16,0,6604,40.50368118286133,-80.07437133789062
1629756518,3597020,18,0,6606,40.454864501953125,-80.02185821533203
1629756471,13402020,51,0,6621,40.437076568603516,-80.00172424316406
1629756506,883020,83,0,6620,40.442955017089844,-79.9979019165039
1629756496,1557020,O1,0,3230,40.442813873291016,-79.99846649169922
1629756467,466020,28X,0,3226,40.47227096557617,-80.22088623046875
1629756526,7926020,71A,0,3225,40.454856872558594,-79.94207000732422
1629756512,11871020,48,0,6612,40.42176818847656,-79.99384307861328
1629756517,2438020,31,0,6611,40.431396484375,-80.05325317382812
1629756518,6519020,21,0,6614,40.54156494140625,-80.1782455444336
1629756521,11322020,41,0,6613,40.35834884643555,-80.10464477539062
1629756488,12960020,Y47,0,6618,40.422340393066406,-80.0062026977539
1629756438,11344020,51,0,5660,40.348819732666016,-79.93997955322266
1629756511,5941020,2,0,6511,40.567386627197266,-80.00694274902344
1629756525,9529020,54,0,6509,40.41997528076172,-79.98698425292969
1629756516,8488020,G2,0,3238,40.40547180175781,-80.09072875976562
1629756528,14428020,51,0,6623,40.39815902709961,-79.98848724365234
1629756526,5603020,52L,0,5654,40.362152099609375,-79.85877990722656
1629756513,12437020,51,0,5655,40.380615234375,-79.97626495361328
1629756511,3963020,93,0,6625,40.40761184692383,-79.92646789550781
1629756525,13829020,14,0,6503,40.49951934814453,-80.07209777832031
1629756517,6859020,13,0,6506,40.45506286621094,-80.0087661743164
1629756522,14401020,93,0,6627,40.43244934082031,-79.92312622070312
1629756525,9159020,53L,0,6626,40.40629959106445,-79.9117660522461
1629756517,13268020,54,0,6505,40.43806076049805,-79.96342468261719
1629756510,4030020,13,0,6508,40.489078521728516,-80.04689025878906
1629756522,447020,88,0,5670,40.46342849731445,-79.93033599853516
1629756508,7132020,26,0,6520,40.455047607421875,-80.0606918334961
1629756490,2123020,71C,0,6640,40.44188690185547,-79.95841979980469
1629756511,5781020,8,0,6401,40.517478942871094,-80.03694152832031
1629756506,10725020,31,0,6521,40.441558837890625,-80.00518798828125
1629756505,1965020,61C,0,3255,40.44451904296875,-79.94673919677734
1629756522,8178020,61A,0,3253,40.439693450927734,-79.89720916748047
1629756521,12674020,61C,0,3252,40.4085578918457,-79.89495849609375
1629756517,10862020,61A,0,3251,40.41377258300781,-79.85322570800781
1629756491,1898020,P7,0,3248,40.38536071777344,-79.86361694335938
1629756510,3596020,61B,0,3247,40.44459915161133,-79.94275665283203
1629756508,9287020,6,0,6512,40.44619369506836,-79.98867797851562
1629756515,8402020,24,0,6515,40.47564697265625,-80.0855941772461
1629756518,12282020,83,0,6635,40.44324493408203,-79.9651870727539
1629756496,5195020,G31,0,6514,40.4045295715332,-80.09127807617188
1629756524,10791020,P68,0,6638,40.409854888916016,-79.85201263427734
1629756517,14740020,P69,0,6637,40.459346771240234,-79.92308807373047
1629756501,10366020,G31,0,6518,40.44375228881836,-79.99401092529297
1629756520,1402020,87,0,6650,40.48337936401367,-79.94757843017578
1629756525,373020,61D,0,6531,40.444454193115234,-79.94842529296875
1629756419,3430020,71C,0,6652,40.44430160522461,-79.9548568725586
1629756514,5579020,61C,0,6530,40.42259979248047,-79.9288101196289
1629756504,11229020,P78,0,6651,40.505348205566406,-79.84303283691406
1629756520,9993020,14,0,6412,40.44783020019531,-80.01779174804688
1629756501,8671020,82,0,6654,40.4732551574707,-79.88815307617188
1629756519,11401020,P13,0,6411,40.542823791503906,-79.97230529785156
1629756522,12653020,P1,0,3258,40.45653533935547,-79.93291473388672
1629756506,10644020,56,0,6524,40.4246940612793,-79.95195770263672
1629756525,7505020,36,0,6523,40.36406707763672,-80.0628662109375
1629756519,1229020,71D,0,6644,40.439388275146484,-79.99445343017578
1629756525,9795020,56,0,6526,40.3466796875,-79.82978057861328
1629756521,14229020,82,0,6646,40.457489013671875,-79.91744232177734
1629756508,11250020,91,0,6406,40.48148727416992,-79.95360565185547
1629756520,11932020,6,0,6408,40.48176574707031,-80.00272369384766
1629756518,12383020,Y46,0,6529,40.374961853027344,-79.98291778564453
1629756520,11514020,52L,0,6540,40.41531753540039,-79.92461395263672
1629756513,9186020,29,0,6421,40.44364547729492,-80.02713012695312
1629756506,9268020,P71,0,6542,40.45166015625,-79.97932434082031
1629756370,7239020,59,0,6541,40.35121536254883,-79.86727142333984
1629756507,2676020,82,0,6544,40.441429138183594,-79.99269104003906
1629756526,11012020,21,0,6422,40.48871994018555,-80.07897186279297
1629756490,8844020,13,0,6414,40.50817108154297,-80.04914855957031
1629756513,14146020,57,0,6535,40.43745040893555,-79.99929809570312
1629756527,12449020,14,0,6413,40.48762512207031,-80.0560531616211
1629756513,11185020,61B,0,6534,40.43806076049805,-79.9271240234375
1629756500,4022020,41,0,6416,40.431724548339844,-80.00308227539062
1629756524,10618020,21,0,6417,40.44013595581055,-80.00647735595703
1629756516,9609020,60,0,6538,40.35069274902344,-79.86752319335938
1629756522,1725020,54,0,6311,40.43798065185547,-79.96356964111328
1629756521,10761020,61A,0,6432,40.43983459472656,-79.88055419921875
1629756520,11789020,1,0,6310,40.496551513671875,-79.94329833984375
1629756517,1091020,79,0,6552,40.44845199584961,-79.86820220947266
1629756514,1730020,Y1,0,6431,40.371559143066406,-79.98204803466797
1629756486,2200020,28X,0,6555,40.44392013549805,-80.02751922607422
1629756508,12086020,64,0,6554,40.411163330078125,-79.90592193603516
1629756521,9484020,1,0,6304,40.497623443603516,-79.85527801513672
1629756447,9136020,38,0,6425,40.3868293762207,-80.04374694824219
1629756516,1154020,86,0,6546,40.46194839477539,-79.96298217773438
1629756522,5695020,89,0,6545,40.46031951904297,-79.9272232055664
1629756506,3632020,29,0,6427,40.441471099853516,-80.19351959228516
1629756525,-273828526,87,1,6548,40.46242141723633,-79.94422149658203
1629756426,8704020,71D,0,6547,40.437931060791016,-79.97364044189453
1629756523,10115020,91,0,6305,40.45848846435547,-79.97177124023438
1629756421,3141020,G3,0,6426,40.48493576049805,-80.19556427001953
1629756503,2434020,12,0,6308,40.55284118652344,-80.01882934570312
1629756516,11198020,56,0,6429,40.351661682128906,-79.86360168457031
1629756524,7446020,59,0,6428,40.393821716308594,-79.87889862060547
1629756513,9823020,71C,0,6549,40.438968658447266,-79.99471282958984
1629756522,12646020,57,0,6441,40.410491943359375,-79.92501068115234
1629756527,12532020,55,0,6443,40.38153839111328,-79.82826232910156
1629756498,11930020,31,0,6321,40.42774963378906,-80.05394744873047
1629756526,11142020,61A,0,6442,40.437103271484375,-79.9731216430664
1629756515,294020,27,0,6324,40.43844985961914,-80.01219940185547
1629756526,13986020,16,0,6202,40.454898834228516,-80.00958251953125
1629756523,7040020,39,0,6323,40.39242935180664,-80.00616455078125
1629756524,9802020,Y46,0,6436,40.27320861816406,-79.88552856445312
1629756506,6191020,88,0,6556,40.45587158203125,-79.91516876220703
1629756491,12051020,29,0,6317,40.44853591918945,-80.15870666503906
1629756519,3258020,64,0,6438,40.41116714477539,-79.90961456298828
1629756522,8954020,P68,0,6558,40.431331634521484,-79.7879409790039
1629756523,12280020,26,0,6318,40.4405517578125,-80.06888580322266
1629756509,3860020,52L,0,6439,40.43446731567383,-79.99008178710938
1629756521,4031020,58,0,6452,40.425479888916016,-79.94857025146484
1629756521,3724020,2,0,6212,40.533573150634766,-80.0110855102539
1629756506,13039020,53L,0,6333,40.37777328491211,-79.90865325927734
1629756518,-730630497,38,1,6332,40.38620376586914,-80.08434295654297
1629756443,6183020,71B,0,6456,40.438072204589844,-79.9776611328125
1629756509,10635020,Y46,0,6335,40.288368225097656,-79.89176940917969
1629756520,14307020,61B,0,6334,40.43982696533203,-79.9964828491211
1629756514,6655020,91,0,6213,40.49711227416992,-79.89086151123047
1629756523,9659020,20,0,6325,40.50571060180664,-80.1416015625
1629756525,6147020,Y45,0,6446,40.36054992675781,-80.00074005126953
1629756526,5555020,P17,0,6449,40.4606819152832,-79.91455841064453
1629756523,9974020,29,0,6327,40.44386672973633,-79.99443054199219
1629756481,12941020,8,0,6206,40.5175666809082,-80.03701782226562
1629756526,3407020,Y47,0,6448,40.336238861083984,-79.97216033935547
1629756524,12209020,12,0,6209,40.49250030517578,-80.01121520996094
1629756503,1513020,16,0,6208,40.455665588378906,-80.00547790527344
1629756516,9195020,28X,0,6461,40.43703079223633,-79.970703125
1629756522,3345020,20,0,6221,40.50648880004883,-80.1403579711914
1629756525,10656020,P69,0,6463,40.3890495300293,-79.75071716308594
1629756516,4776020,87,0,6462,40.46232986450195,-79.94520568847656
1629756513,11495020,P3,0,6341,40.44705581665039,-79.94754028320312
1629756525,5860020,16,0,6102,40.48804473876953,-80.0457763671875
1629756525,12495020,27,0,6223,40.44646072387695,-80.07868194580078
1629756525,8185020,61A,0,6346,40.43861770629883,-79.98663330078125
1629756523,1033020,91,0,6104,40.49459457397461,-79.92194366455078
1629756515,8963020,G2,0,6225,40.42416763305664,-80.07716369628906
1629756496,13996020,22,0,6224,40.4682731628418,-80.0981674194336
1629756484,8436020,2,0,6216,40.46461486816406,-79.979736328125
1629756527,14400020,67,0,6457,40.450321197509766,-79.90473175048828
1629756521,3069020,91,0,6215,40.49453353881836,-79.92637634277344
1629756525,8011020,P7,0,6336,40.45947265625,-79.96565246582031
1629756509,7670020,51,0,6339,40.37775421142578,-79.9754638671875
1629756507,13753020,G3,0,6218,40.423377990722656,-80.07929992675781
1629756502,4601020,41,0,6217,40.38713455200195,-80.04365539550781
1629756517,477020,36,0,6230,40.34003448486328,-80.0538101196289
1629756526,7335020,51,0,6353,40.43817901611328,-80.00209045410156
1629756503,12072020,22,0,6110,40.43960189819336,-80.0050277709961
1629756525,11814020,59,0,6113,40.395721435546875,-79.839111328125
1629756502,4157020,P3,0,6233,40.425025939941406,-79.88597869873047
1629756513,13366020,P76,0,6112,40.36012268066406,-79.78572082519531
1629756526,8227020,81,0,6236,40.44013977050781,-79.9697265625
1629756518,5124020,83,0,6115,40.42858123779297,-79.97624969482422
1629756526,1472020,93,0,6357,40.481597900390625,-79.95345306396484
1629756462,1514020,P76,0,6114,40.44129943847656,-79.99559783935547
1629756524,11865020,1,0,6106,40.60002899169922,-79.76119995117188
1629756469,12902020,61D,0,6348,40.43721008300781,-79.9754638671875
1629756518,7786020,54,0,6105,40.45383071899414,-80.00933837890625
1629756502,14198020,82,0,6468,40.45589828491211,-79.9386215209961
1629756526,3897020,20,0,6229,40.4657096862793,-80.06608581542969
1629756504,10409020,G31,0,6228,40.42556381225586,-80.07335662841797
1629756516,5624020,51,0,6241,40.42731475830078,-79.980712890625
1629756519,5883020,75,0,6362,40.487701416015625,-79.89395141601562
1629756514,4900020,55,0,6240,40.331878662109375,-79.92961120605469
1629756501,8573020,75,0,6364,40.42427444458008,-79.9623031616211
1629756519,1828020,Y49,0,6121,40.43225860595703,-80.00382232666016
1629756495,4788020,Y49,0,6242,40.34819793701172,-79.94732666015625
1629756450,8643020,12,0,6003,40.55025100708008,-80.01876831054688
1629756507,14464020,61A,0,6124,40.438018798828125,-79.92122650146484
1629756521,10518020,13,0,6002,40.51753234863281,-80.0368423461914
1629756516,8105020,88,0,6368,40.463157653808594,-79.9295425415039
1629756503,12763020,91,0,6005,40.50041580200195,-79.86093139648438
1629756525,11328020,Y46,0,6126,40.35624694824219,-79.9800796508789
1629756517,8897020,Y47,0,6247,40.33015441894531,-79.92350006103516
1629756525,5319020,69,0,6367,40.40501022338867,-79.82633972167969
1629756511,9051020,93,0,6125,40.47004318237305,-79.96073150634766
1629756505,10385020,93,0,6246,40.43502426147461,-79.95609283447266
1629756522,5982020,58,0,6360,40.444698333740234,-79.94375610351562
1629756527,11918020,59,0,6238,40.40574645996094,-79.88613891601562
1629756527,13746020,61D,0,6117,40.40434646606445,-79.9205322265625
1629756523,8150020,51,0,6358,40.39316940307617,-79.98651123046875
1629756521,1118020,64,0,6237,40.435150146484375,-79.92283630371094
1629756494,5911020,Y46,0,6131,40.4400749206543,-79.99870300292969
1629756527,7627020,51,0,6130,40.42948532104492,-79.99727630615234
1629756476,6227020,81,0,6251,40.44392395019531,-79.97987365722656
1629756518,5028020,59,0,6133,40.343318939208984,-79.94145202636719
1629756525,8646020,61C,0,6135,40.424896240234375,-79.92805480957031
1629756522,14201020,59,0,6134,40.36130142211914,-79.84488677978516
1629756524,14081020,P78,0,6137,40.443328857421875,-79.8765869140625
1629756525,2223020,14,0,6006,40.593109130859375,-80.23004150390625
1629756514,3445020,51L,0,6127,40.39712905883789,-79.98800659179688
1629756512,2205020,56,0,6248,40.42426300048828,-79.95166015625
1629756511,13270020,15,0,6009,40.455657958984375,-80.00527954101562
1629756527,3166020,54,0,6008,40.46160125732422,-79.96687316894531
1629756518,13953020,61B,0,6129,40.40203857421875,-79.8678207397461
1629756517,8902020,67,0,6142,40.444671630859375,-79.8455810546875
1629756503,10782020,75,0,6262,40.45716857910156,-79.92926025390625
1629756526,4517020,77,0,6265,40.48621368408203,-79.81350708007812
1629756526,9813020,G2,0,6023,40.443145751953125,-79.99723052978516
1629756475,9777020,39,0,6022,40.391963958740234,-80.01506042480469
1629756521,352020,67,0,6143,40.43095779418945,-79.79937744140625
1629756524,68020,39,0,6025,40.444488525390625,-79.99124145507812
1629756512,10412020,71D,0,6267,40.44751739501953,-79.88935089111328
1629756522,3131020,P12,0,6266,40.4465446472168,-79.98845672607422
1629756512,13650020,26,0,6027,40.44174575805664,-80.03850555419922
1629756521,6353020,74,0,6147,40.46830368041992,-79.90412902832031
1629756500,12546020,77,0,6261,40.45961380004883,-79.91138458251953
1629756525,12845020,P68,0,6140,40.456146240234375,-79.93341827392578
1629756487,6712020,71A,0,6260,40.47891616821289,-79.9190902709961
1629756511,597020,P71,0,6139,40.417724609375,-79.88196563720703
1629756527,12217020,86,0,6138,40.449710845947266,-79.88423156738281
1629756523,3558020,53L,0,6032,40.353782653808594,-79.91535186767578
1629756528,14119020,71A,0,7002,40.437828063964844,-79.97312927246094
1629756372,2162020,77,0,6155,40.442562103271484,-79.99613952636719
1629756526,7081020,59,0,6033,40.39494705200195,-79.8387451171875
1629756522,2973020,P78,0,6154,40.4864501953125,-79.83734130859375
1629756514,4112020,P16,0,6156,40.52376174926758,-79.83390045166016
1629756526,5277020,67,0,6159,40.44486618041992,-79.88531494140625
1629756517,14726020,67,0,6158,40.451019287109375,-79.75231170654297
1629756506,301020,69,0,6270,40.436832427978516,-79.87362670898438
1629756522,12808020,74,0,6272,40.46059036254883,-79.92247772216797
1629756526,9178020,75,0,6271,40.486454010009766,-79.9153823852539
1629756525,7122020,53L,0,6029,40.42230987548828,-79.9277572631836
1629756528,13824020,77,0,6149,40.46481704711914,-79.83079528808594
1629756520,2055020,57,0,6043,40.41107177734375,-79.90668487548828
1629756522,5814020,55,0,6042,40.307037353515625,-79.90243530273438
1629756507,5659020,P3,0,6044,40.45378112792969,-79.9372787475586
1629756526,4387020,86,0,6048,40.455875396728516,-79.8896484375
1629756518,8363020,69,0,6160,40.389442443847656,-79.76683044433594
1629756513,-247399270,7,1,1701,40.490570068359375,-80.00093078613281
1629756510,2471020,11,0,1707,40.47098159790039,-80.007080078125
1629756523,7745020,4,0,1704,40.48588943481445,-79.99188232421875
1629756523,11152020,4,0,1703,40.464622497558594,-79.98198699951172
1629756515,1395020,77,0,6056,40.45811462402344,-79.90450286865234
1629756520,7478020,79,0,6052,40.454498291015625,-79.87006378173828
1629756520,141020,44,0,1718,40.4173698425293,-80.00494384765625
1629756519,6564020,40,0,1716,40.4318733215332,-80.01470947265625
1629756520,4593020,44,0,1713,40.41658020019531,-80.00489044189453
1629756527,11666020,44,0,1723,40.38605880737305,-79.96327209472656
1629756525,505020,48,0,1720,40.423770904541016,-79.96878814697266
1629756523,9735020,43,0,1728,40.42113494873047,-80.00611114501953
1629756527,13802020,54,0,5905,40.45066833496094,-79.9512710571289
1629756510,7720020,14,0,5907,40.57586669921875,-80.22065734863281
1629755955,3940020,54,0,5909,40.40880584716797,-79.99150085449219
1629756490,2324020,24,0,5918,40.45335388183594,-80.03986358642578
1629756501,10828020,G2,0,5913,40.43791198730469,-80.06694030761719
1629756516,12389020,91,0,5805,40.46323776245117,-79.96682739257812
1629756502,733020,61D,0,5927,40.43949890136719,-79.95980834960938
1629756526,4534020,O12,0,5806,40.53860092163086,-80.01168060302734
1629756512,-457008958,91,1,5807,40.48914337158203,-79.87581634521484
1629756523,1743020,6,0,5809,40.467037200927734,-79.99436950683594
1629756527,14026020,64,0,5922,40.44522476196289,-79.92090606689453
1629756527,2751020,61D,0,5923,40.42535400390625,-79.92794799804688
1629756504,13949020,2,0,5804,40.46015167236328,-79.98406219482422
1629757214,13497020,51,0,5816,40.404483795166016,-79.99041748046875
1629757206,11386020,P12,0,5937,40.43777084350586,-79.87842559814453
1629757209,13309020,P7,0,5817,40.41139602661133,-79.88001251220703
1629757222,13751020,59,0,5932,40.408756256103516,-79.90758514404297
1629757225,8279020,O12,0,3406,40.546348571777344,-80.01708221435547
1629757219,3935020,17,0,5707,40.45153045654297,-80.00103759765625
1629757207,107020,O12,0,3403,40.586761474609375,-80.03191375732422
1629757224,5057020,64,0,5940,40.45649719238281,-79.93656158447266
1629757206,2232020,P76,0,5820,40.39494323730469,-79.83863067626953
1629757208,4149020,P16,0,5821,40.44598388671875,-79.84869384765625
1629757209,5098020,1,0,5701,40.44589614868164,-79.98932647705078
1629757218,4483020,16,0,5702,40.456180572509766,-80.00289154052734
1629757219,9182020,P68,0,5823,40.428646087646484,-79.75
1629757228,5688020,P71,0,5944,40.42267990112305,-79.89442443847656
1629757195,-600584580,75,1,5945,40.449981689453125,-79.8917465209961
1629757221,7359020,71C,0,3417,40.45000076293945,-79.90377044677734
1629757215,5514020,74,0,5717,40.45003890991211,-79.90068817138672
1629757223,-2104533641,P16,1,5718,40.49463653564453,-79.78858947753906
1629757226,4363020,71C,0,3412,40.443870544433594,-79.89102172851562
1629757177,14355020,82,0,3411,40.4415283203125,-80.00247955322266
1629757205,7133020,21,0,5713,40.50263214111328,-80.10188293457031
1629757177,6220020,67,0,5715,40.44426345825195,-79.94933319091797
1629757206,3986020,61D,0,3307,40.4111213684082,-79.90647888183594
1629757226,7614020,71B,0,3425,40.4518928527832,-79.93928527832031
1629757224,6858020,G2,0,3303,40.452842712402344,-80.05411529541016
1629757203,3739020,P12,0,3424,40.45452880859375,-79.94313049316406
1629757221,7900020,P1,0,3423,40.456748962402344,-79.93234252929688
1629757203,13651020,71D,0,3421,40.43927001953125,-79.9945297241211
1629757225,7895020,P78,0,5721,40.4449462890625,-79.99059295654297
1629757219,-1947803449,87,1,5722,40.44102096557617,-80.00139617919922
1629757197,3567020,91,0,5605,40.45500946044922,-79.97681427001953
1629757229,551020,P3,0,3308,40.44315719604492,-79.95647430419922
1629757200,2551020,P1,0,3320,40.45881652832031,-79.9681396484375
1629757223,7191020,61D,0,3318,40.43803405761719,-79.92781066894531
1629757225,5013020,61A,0,3317,40.4136962890625,-79.85314178466797
1629757213,13522020,65,0,5614,40.43552780151367,-79.95732879638672
1629757170,14486020,P1,0,3332,40.415008544921875,-79.87924194335938
1629757214,6407020,71C,0,3210,40.45427703857422,-79.94403076171875
1629757225,3429020,P1,0,3331,40.453067779541016,-79.89942932128906
1629757199,3981020,71B,0,3208,40.44210433959961,-79.99940490722656
1629757228,1474020,61B,0,3206,40.407318115234375,-79.8755874633789
1629757228,1311020,71A,0,3327,40.439205169677734,-79.99942779541016
1629757200,97020,71A,0,3325,40.47919845581055,-79.91889190673828
1629757227,5447020,61D,0,3202,40.416847229003906,-79.92582702636719
1629757229,13900020,61A,0,3201,40.4096794128418,-79.86720275878906
1629757221,5639020,P10,0,3322,40.444786071777344,-79.99079895019531
1629757222,7617020,P10,0,3220,40.60097122192383,-79.75557708740234
1629757215,7612020,38,0,6609,40.4346809387207,-80.03466796875
1629757228,4696020,71A,0,3219,40.438514709472656,-79.98429870605469
1629757211,6483020,P12,0,3339,40.471107482910156,-79.70735168457031
1629757196,-453772088,P67,1,3218,40.455528259277344,-79.9446792602539
1629757213,11503020,P1,0,3338,40.41515350341797,-79.87953186035156
1629757214,6620020,P10,0,3336,40.54122543334961,-79.78874206542969
1629757192,14561020,86,0,3214,40.45917510986328,-79.91999816894531
1629757208,3896020,P1,0,3213,40.41533279418945,-79.87928009033203
1629756606,-912855270,17,1,6605,40.5011100769043,-80.02233123779297
1629757184,13493020,48,0,5636,40.43798065185547,-80.00006103515625
1629757207,1859020,16,0,6604,40.487091064453125,-80.03792572021484
1629757204,13402020,51,0,6621,40.44140625,-79.99993133544922
1629757224,883020,83,0,6620,40.4498405456543,-79.97445678710938
1629757216,1557020,O1,0,3230,40.507301330566406,-80.0301513671875
1629757222,12569020,59,0,6619,40.344451904296875,-79.94010925292969
1629757217,14135020,28X,0,3226,40.49637222290039,-80.25888061523438
1629757200,7926020,71A,0,3225,40.46937942504883,-79.92721557617188
1629757218,11871020,48,0,6612,40.41650390625,-79.99394989013672
1629757227,2438020,31,0,6611,40.39225769042969,-80.0877456665039
1629757225,6519020,21,0,6614,40.53727340698242,-80.18489074707031
1629757216,11322020,41,0,6613,40.37791061401367,-80.06519317626953
1629757207,12960020,Y47,0,6618,40.44192123413086,-79.99957275390625
1629757220,5941020,2,0,6511,40.54592514038086,-80.00548553466797
1629757218,9529020,54,0,6509,40.40574645996094,-79.9992446899414
1629757214,10676020,G2,0,3238,40.405521392822266,-80.0907974243164
1629757221,12437020,51,0,5655,40.39068603515625,-79.98624420166016
1629757222,3963020,93,0,6625,40.40614700317383,-79.94271087646484
1629757201,13829020,14,0,6503,40.44868087768555,-80.02391815185547
1629757225,6859020,13,0,6506,40.486671447753906,-80.04413604736328
1629757211,14401020,93,0,6627,40.41077423095703,-79.94442749023438
1629757213,9159020,53L,0,6626,40.39533615112305,-79.89958190917969
1629757222,13268020,54,0,6505,40.45185089111328,-79.95199584960938
1629757227,4030020,13,0,6508,40.457942962646484,-80.01594543457031
1629757214,447020,88,0,5670,40.46149444580078,-79.96890258789062
1629757217,7132020,26,0,6520,40.441097259521484,-80.07300567626953
1629757215,4863020,71B,0,6641,40.4775276184082,-79.91987609863281
1629757206,2123020,71C,0,6640,40.440406799316406,-79.99480438232422
1629757218,5781020,8,0,6401,40.517478942871094,-80.03694152832031
1629757187,10725020,31,0,6521,40.437129974365234,-80.03998565673828
1629757228,1965020,61C,0,3255,40.43265914916992,-79.92310333251953
1629757221,8178020,61A,0,3253,40.43497085571289,-79.88262939453125
1629757216,12674020,61C,0,3252,40.38508224487305,-79.86299133300781
1629757219,1832020,61A,0,3251,40.40488052368164,-79.86237335205078
1629757206,1898020,P7,0,3248,40.41613006591797,-79.88575744628906
1629757214,3596020,61B,0,3247,40.433040618896484,-79.894287109375
1629757170,9287020,6,0,6512,40.44918441772461,-80.00074768066406
1629757226,4485020,P3,0,6633,40.41962814331055,-79.88652801513672
1629757229,8402020,24,0,6515,40.464256286621094,-80.0537109375
1629757182,5574020,P16,0,5667,40.4592399597168,-79.96678161621094
1629757229,12282020,83,0,6635,40.45296096801758,-79.96583557128906
1629757226,5195020,G31,0,6514,40.44365310668945,-80.02739715576172
1629757227,10791020,P68,0,6638,40.4078254699707,-79.8204574584961
1629757219,14740020,P69,0,6637,40.436805725097656,-79.8735580444336
1629757187,10366020,G31,0,6518,40.44202423095703,-80.02253723144531
1629757225,1402020,87,0,6650,40.4776611328125,-79.9302978515625
1629757224,373020,61D,0,6531,40.43855285644531,-79.9849624633789
1629757216,3430020,71C,0,6652,40.4558219909668,-79.9388656616211
1629757209,5579020,61C,0,6530,40.406219482421875,-79.91187286376953
1629757228,11229020,P78,0,6651,40.45771026611328,-79.85031127929688
1629757196,9993020,14,0,6412,40.44783020019531,-80.01779174804688
1629757202,12055020,82,0,6654,40.473148345947266,-79.88822174072266
1629757221,11401020,P13,0,6411,40.550418853759766,-80.0193862915039
1629757223,920020,P1,0,3258,40.44341278076172,-79.99600219726562
1629757228,7368020,17,0,6403,40.500789642333984,-80.02281951904297
1629757217,1715020,56,0,6524,40.440391540527344,-80.00397491455078
1629757204,7505020,36,0,6523,40.34573745727539,-80.05396270751953
1629757203,6506020,71D,0,6644,40.4398078918457,-79.99694061279297
1629757216,13772020,19L,0,6405,40.44877243041992,-80.01505279541016
1629757212,9604020,56,0,6526,40.354095458984375,-79.83660888671875
1629757210,14229020,82,0,6646,40.4543342590332,-79.94383239746094
1629757209,13234020,Y49,0,6528,40.332000732421875,-79.93280792236328
1629757222,11250020,91,0,6406,40.492340087890625,-79.90955352783203
1629757210,11932020,6,0,6408,40.46830368041992,-79.99505615234375
1629757216,12383020,Y46,0,6529,40.33785629272461,-79.95207214355469
1629757229,11514020,52L,0,6540,40.4384880065918,-80.00202941894531
1629757226,9186020,29,0,6421,40.43632507324219,-80.06430053710938
1629757204,11054020,P71,0,6542,40.454986572265625,-79.97433471679688
1629757227,7239020,59,0,6541,40.36396408081055,-79.84868621826172
1629757218,2676020,82,0,6544,40.45167922973633,-79.95269775390625
1629757226,11012020,21,0,6422,40.516780853271484,-80.159423828125
1629757224,236020,57,0,6535,40.4308967590332,-79.95897674560547
1629757205,12449020,14,0,6413,40.52839279174805,-80.16160583496094
1629757205,11185020,61B,0,6534,40.44182205200195,-79.95844268798828
1629757223,13117020,41,0,6416,40.43195724487305,-80.00399017333984
1629757211,7184020,21,0,6417,40.443824768066406,-80.02728271484375
1629757228,9609020,60,0,6538,40.335906982421875,-79.85198974609375
1629757217,1725020,54,0,6311,40.451419830322266,-79.95173645019531
1629757215,10761020,61A,0,6432,40.43804168701172,-79.91978454589844
1629757213,11789020,1,0,6310,40.45439147949219,-79.99586486816406
1629757224,1730020,Y1,0,6431,40.33528518676758,-79.94691467285156
1629757229,2200020,28X,0,6555,40.41543197631836,-80.08392333984375
1629757215,12086020,64,0,6554,40.411163330078125,-79.90592193603516
1629757218,9484020,1,0,6304,40.54093933105469,-79.79428100585938
1629757217,9136020,38,0,6425,40.418785095214844,-80.04576873779297
1629757184,11842020,86,0,6546,40.441925048828125,-79.99960327148438
1629757204,5695020,89,0,6545,40.46100616455078,-79.92752838134766
1629757226,3632020,29,0,6427,40.44957733154297,-80.17616271972656
1629757227,-273828526,87,1,6548,40.4505615234375,-79.9832992553711
1629757210,8704020,71D,0,6547,40.447059631347656,-79.94731903076172
1629757211,10115020,91,0,6305,40.480281829833984,-79.9544906616211
1629757191,3141020,G3,0,6426,40.4150276184082,-80.08319854736328
1629757163,2434020,12,0,6308,40.572044372558594,-80.01522064208984
1629757200,7446020,59,0,6428,40.38429260253906,-79.86717987060547
1629757216,3839020,71C,0,6549,40.439876556396484,-79.99650573730469
1629757226,12646020,57,0,6441,40.41398239135742,-79.90419006347656
1629757175,12532020,55,0,6443,40.351715087890625,-79.86399841308594
1629757227,11930020,31,0,6321,40.441349029541016,-80.00396728515625
1629757225,11142020,61A,0,6442,40.437801361083984,-79.9313735961914
1629757225,294020,27,0,6324,40.44192886352539,-80.0453109741211
1629757213,13986020,16,0,6202,40.48389434814453,-80.03569030761719
1629757212,7040020,39,0,6323,40.41685485839844,-80.01188659667969
1629757224,9802020,Y46,0,6436,40.29035949707031,-79.88980865478516
1629757205,5114020,88,0,6556,40.456787109375,-79.91355895996094
1629757213,12051020,29,0,6317,40.454559326171875,-80.1920166015625
1629757224,3258020,64,0,6438,40.418800354003906,-79.92667388916016
1629757217,8954020,P68,0,6558,40.40528106689453,-79.82855987548828
1629757219,1004020,26,0,6318,40.440731048583984,-80.07135772705078
1629757227,3860020,52L,0,6439,40.42765808105469,-79.9284896850586
1629757180,4031020,58,0,6452,40.41896438598633,-79.93982696533203
1629757227,3724020,2,0,6212,40.52727127075195,-80.00858306884766
1629757220,13039020,53L,0,6333,40.40810012817383,-79.9120101928711
1629757207,-730630497,38,1,6332,40.36789321899414,-80.10859680175781
1629757003,6183020,71B,0,6456,40.44318389892578,-79.95643615722656
1629757206,13944020,28X,0,6455,40.45074462890625,-79.92691802978516
1629757212,14307020,61B,0,6334,40.439453125,-79.95986938476562
1629757228,6655020,91,0,6213,40.488311767578125,-79.89918518066406
1629757198,9659020,20,0,6325,40.474937438964844,-80.09932708740234
1629757227,6147020,Y45,0,6446,40.33040237426758,-79.98822021484375
1629757222,5780020,79,0,6449,40.47100067138672,-79.86688995361328
1629757216,4985020,13,0,6206,40.51666259765625,-80.03863525390625
1629757225,14498020,29,0,6327,40.4419059753418,-80.00189208984375
1629757206,3407020,Y47,0,6448,40.344669342041016,-79.93944549560547
1629757212,12209020,12,0,6209,40.54591751098633,-80.0054931640625
1629757213,10632020,16,0,6208,40.44200134277344,-80.00395965576172
1629757221,9195020,28X,0,6461,40.44187545776367,-80.00200653076172
1629757219,3345020,20,0,6221,40.473419189453125,-80.09424591064453
1629757209,4776020,87,0,6462,40.482391357421875,-79.92776489257812
1629757227,11495020,P3,0,6341,40.453060150146484,-79.8994140625
1629757226,12495020,27,0,6223,40.441192626953125,-80.04627227783203
1629757212,10267020,61A,0,6346,40.440101623535156,-79.99868774414062
1629757228,1033020,91,0,6104,40.4873046875,-79.88432312011719
1629757223,8963020,G2,0,6225,40.40555953979492,-80.09066772460938
1629757202,13996020,22,0,6224,40.4682731628418,-80.0981674194336
1629757212,8436020,2,0,6216,40.49414825439453,-79.96226501464844
1629757224,14400020,67,0,6457,40.445106506347656,-79.85865020751953
1629757211,3069020,91,0,6215,40.47323226928711,-79.95850372314453
1629757224,13092020,P7,0,6336,40.44297409057617,-79.99784088134766
1629757223,7670020,51,0,6339,40.341915130615234,-79.9662857055664
1629757224,13753020,G3,0,6218,40.50003433227539,-80.21717834472656
1629757216,4601020,41,0,6217,40.37686538696289,-80.09291076660156
1629757223,2350020,71C,0,6459,40.44643020629883,-79.89299774169922
1629757218,477020,36,0,6230,40.35661697387695,-80.05213928222656
1629757209,13518020,51,0,6353,40.43209457397461,-80.00391387939453
1629757200,4479020,22,0,6110,40.44371032714844,-80.0269546508789
1629757200,9777020,39,0,6231,40.44614028930664,-79.98905944824219
1629757224,8227020,81,0,6236,40.4370231628418,-79.9705810546875
1629757215,1472020,93,0,6357,40.48317337036133,-79.94776916503906
1629757204,10456020,P76,0,6114,40.45924758911133,-79.96675872802734
1629757206,11865020,1,0,6106,40.60049057006836,-79.75714874267578
1629757199,12902020,61D,0,6348,40.43796157836914,-79.92887878417969
1629757219,7786020,54,0,6105,40.45391082763672,-79.99789428710938
1629757221,14198020,82,0,6468,40.460208892822266,-79.91561126708984
1629757215,3897020,20,0,6229,40.5014533996582,-80.11614227294922
1629757195,10409020,G31,0,6228,40.3743896484375,-80.09893035888672
1629757207,5624020,51,0,6241,40.43595886230469,-80.00140380859375
1629757222,5883020,75,0,6362,40.47590637207031,-79.93085479736328
1629757220,4900020,55,0,6240,40.341651916503906,-79.94391632080078
1629757229,12239020,75,0,6364,40.42823791503906,-79.97113037109375
1629757204,7525020,Y49,0,6121,40.436866760253906,-80.0008544921875
1629757215,8643020,12,0,6003,40.54554748535156,-80.01980590820312
1629757204,14464020,61A,0,6124,40.4425048828125,-79.88538360595703
1629757223,4573020,P17,0,6366,40.44292449951172,-79.99801635742188
1629757205,2056020,8,0,6002,40.517539978027344,-80.0368881225586
1629757212,8105020,88,0,6368,40.463157653808594,-79.9295425415039
1629757207,12763020,91,0,6005,40.500606536865234,-79.86064910888672
1629757220,11328020,Y46,0,6126,40.39567565917969,-79.9996337890625
1629757222,8897020,Y47,0,6247,40.34120559692383,-79.94508361816406
1629757220,5319020,69,0,6367,40.435882568359375,-79.87188720703125
1629757226,9051020,93,0,6125,40.45001220703125,-79.95095825195312
1629757191,10385020,93,0,6246,40.44636535644531,-79.95201873779297
1629757221,5982020,58,0,6360,40.44349670410156,-79.95610046386719
1629757224,11918020,59,0,6238,40.41546630859375,-79.87744903564453
1629757188,13746020,61D,0,6117,40.41878890991211,-79.9266586303711
1629757226,8150020,51,0,6358,40.428466796875,-79.98052978515625
1629757218,1118020,64,0,6237,40.40843200683594,-79.91543579101562
1629757198,5911020,Y46,0,6131,40.40272521972656,-80.0022201538086
1629757221,7627020,51,0,6130,40.41709899902344,-79.98666381835938
1629757191,6227020,81,0,6251,40.4400520324707,-79.99842071533203
1629757219,8646020,61C,0,6135,40.444698333740234,-79.94375610351562
1629757206,14201020,59,0,6134,40.3395881652832,-79.86553192138672
1629757190,14081020,P78,0,6137,40.47278594970703,-79.84806060791016
1629757219,2223020,14,0,6006,40.55190658569336,-80.19172668457031
1629757227,2205020,56,0,6248,40.36941146850586,-79.91119384765625
1629757221,13270020,15,0,6009,40.44365310668945,-79.99530029296875
1629757219,3166020,54,0,6008,40.45225524902344,-79.95084381103516
1629757216,13953020,61B,0,6129,40.4230842590332,-79.89112854003906
1629757199,8902020,67,0,6142,40.42789077758789,-79.79670715332031
1629757224,10782020,75,0,6262,40.439388275146484,-79.96172332763672
1629757207,4517020,77,0,6265,40.46139907836914,-79.86226654052734
1629757188,10070020,G2,0,6023,40.43905258178711,-80.0110855102539
1629757226,352020,67,0,6143,40.44144821166992,-79.75163269042969
1629757204,68020,39,0,6025,40.429847717285156,-80.00469970703125
1629757204,10412020,71D,0,6267,40.45362091064453,-79.91525268554688
1629757222,4252020,P12,0,6266,40.44361877441406,-79.99549865722656
1629757209,5423020,26,0,6027,40.443115234375,-80.02543640136719
1629757228,6353020,74,0,6147,40.466182708740234,-79.89008331298828
1629757224,12546020,77,0,6261,40.45402908325195,-79.95191192626953
1629757218,12845020,P68,0,6140,40.43683624267578,-79.87366485595703
1629757226,6712020,71A,0,6260,40.461177825927734,-79.93208312988281
1629757219,597020,P71,0,6139,40.42818832397461,-79.89148712158203
1629757217,6879020,69,0,6259,40.44995880126953,-79.89175415039062
1629757192,3558020,53L,0,6032,40.34475326538086,-79.93902587890625
1629757198,14119020,71A,0,7002,40.44675827026367,-79.95067596435547
1629757224,2162020,77,0,6155,40.46059799194336,-79.93244171142578
1629757211,7081020,59,0,6033,40.40475845336914,-79.86243438720703
1629757204,2973020,P78,0,6154,40.536865234375,-79.83934783935547
1629757201,1084020,67,0,6157,40.44163131713867,-80.00247192382812
1629757204,5277020,67,0,6159,40.44475555419922,-79.92926788330078
1629757223,14726020,67,0,6158,40.438720703125,-79.76978302001953
1629757212,301020,69,0,6270,40.39948272705078,-79.81526947021484
1629757218,12808020,74,0,6272,40.46099853515625,-79.92747497558594
1629757219,12165020,53L,0,6029,40.43975830078125,-80.00495147705078
1629757215,13824020,77,0,6149,40.480926513671875,-79.801513671875
1629757208,2055020,57,0,6043,40.408512115478516,-79.91242218017578
1629757221,5814020,55,0,6042,40.31489181518555,-79.88577270507812
1629757210,5659020,P3,0,6044,40.440956115722656,-79.95960235595703
1629757208,4387020,86,0,6048,40.4611930847168,-79.92417907714844
1629757221,1675020,69,0,6160,40.391151428222656,-79.76547241210938
1629757212,-247399270,7,1,1701,40.46028137207031,-79.9907455444336
1629757199,2471020,11,0,1707,40.456024169921875,-80.00335693359375
1629757226,7745020,4,0,1704,40.4655876159668,-79.98128509521484
1629757206,11152020,4,0,1703,40.500797271728516,-80.02254486083984
1629757208,1395020,77,0,6056,40.46167755126953,-79.86090850830078
1629757204,7478020,79,0,6052,40.449256896972656,-79.89118957519531
1629757223,9494020,11,0,1710,40.447181701660156,-80.00177764892578
1629757224,8496020,44,0,1719,40.43955612182617,-79.99905395507812
1629757201,141020,44,0,1718,40.43209457397461,-80.00391387939453
1629757206,11819020,40,0,1716,40.43171310424805,-80.01372528076172
1629757206,4593020,44,0,1713,40.413299560546875,-79.9876937866211
1629757228,678020,44,0,1723,40.38579559326172,-79.97052764892578
1629757206,505020,48,0,1720,40.418094635009766,-79.99073028564453
1629757225,867020,31,0,1729,40.370216369628906,-80.10079193115234
1629757229,9735020,43,0,1728,40.42567825317383,-79.99752807617188
1629757216,13802020,54,0,5905,40.43938446044922,-79.96172332763672
1629757218,10347020,54,0,5909,40.40980911254883,-79.99060821533203
1629757216,2324020,24,0,5918,40.47032928466797,-80.09464263916016
1629757196,10828020,G2,0,5913,40.44282913208008,-79.9984130859375
1629757201,12389020,91,0,5805,40.4438362121582,-79.99800872802734
1629757216,4534020,O12,0,5806,40.47005081176758,-80.00345611572266
1629757202,-457008958,91,1,5807,40.49501037597656,-79.9760513305664
1629757162,14026020,64,0,5922,40.45606231689453,-79.93816375732422
1629757213,13810020,2,0,5804,40.4507942199707,-80.0010986328125
1629757856,13497020,51,0,5816,40.380741119384766,-79.976318359375
1629757862,11386020,P12,0,5937,40.444190979003906,-79.75869750976562
1629757840,13309020,P7,0,5817,40.35551834106445,-79.84297943115234
1629757854,13751020,59,0,5932,40.4092903137207,-79.91661071777344
1629757869,3935020,17,0,5707,40.4548454284668,-80.02222442626953
1629757841,107020,O12,0,3403,40.57613754272461,-80.03730773925781
1629757862,5057020,64,0,5940,40.440818786621094,-79.91960144042969
1629757858,2232020,P76,0,5820,40.379371643066406,-79.8070068359375
1629757854,4149020,P16,0,5821,40.48400115966797,-79.8192367553711
1629757862,5098020,1,0,5701,40.45017623901367,-80.00114440917969
1629757860,2450020,16,0,5702,40.44192123413086,-80.00403594970703
1629757864,9182020,P68,0,5823,40.42905044555664,-79.74986267089844
1629757843,5688020,P71,0,5944,40.420223236083984,-79.88465118408203
1629757863,-104153251,71D,1,5945,40.44599151611328,-79.8833999633789
1629757853,7359020,71C,0,3417,40.44985580444336,-79.89168548583984
1629757861,5514020,74,0,5717,40.466941833496094,-79.89399719238281
1629757860,-2104533641,P16,1,5718,40.52880859375,-79.84992980957031
1629757867,8524020,82,0,3411,40.444862365722656,-79.97766876220703
1629757857,7133020,21,0,5713,40.46607208251953,-80.06065368652344
1629757861,6220020,67,0,5715,40.44669723510742,-79.91251373291016
1629757858,9675020,61D,0,3307,40.411354064941406,-79.90884399414062
1629757852,7614020,71B,0,3425,40.43941879272461,-79.96167755126953
1629757865,3739020,P12,0,3424,40.444923400878906,-79.99070739746094
1629757862,7900020,P1,0,3423,40.4152717590332,-79.87897491455078
1629757838,10419020,71D,0,3421,40.43967056274414,-79.99708557128906
1629757858,7895020,P78,0,5721,40.45297622680664,-79.89920043945312
1629757840,-1563818939,87,1,5722,40.45362854003906,-79.97880554199219
1629757866,3567020,91,0,5605,40.47709274291992,-79.95690155029297
1629757821,551020,P3,0,3308,40.459510803222656,-79.92243194580078
1629757816,6174020,P1,0,3320,40.44231033325195,-79.99479675292969
1629757855,7191020,61D,0,3318,40.41542053222656,-79.92484283447266
1629757863,5013020,61A,0,3317,40.41377258300781,-79.85322570800781
1629757856,13522020,65,0,5614,40.44027328491211,-79.99516296386719
1629757851,14486020,P1,0,3332,40.45745086669922,-79.93071746826172
1629757849,6407020,71C,0,3210,40.4423713684082,-79.95767211914062
1629757857,6447020,71B,0,3208,40.437503814697266,-79.98151397705078
1629757858,1311020,71A,0,3327,40.437477111816406,-79.97212982177734
1629757867,7480020,71A,0,3325,40.478912353515625,-79.9190673828125
1629757861,5447020,61D,0,3202,40.41336441040039,-79.90320587158203
1629757863,13900020,61A,0,3201,40.408287048339844,-79.85795593261719
1629757855,5639020,P10,0,3322,40.45588302612305,-79.91082000732422
1629757848,7617020,P10,0,3220,40.621517181396484,-79.7279052734375
1629757857,7612020,38,0,6609,40.39324951171875,-80.0644302368164
1629757866,10146020,71A,0,3219,40.44015121459961,-79.99881744384766
1629757863,-453772088,P67,1,3218,40.43972396850586,-79.8759765625
1629757848,11503020,P1,0,3338,40.45530319213867,-79.90492248535156
1629757860,6620020,P10,0,3336,40.60017013549805,-79.76066589355469
1629757852,14561020,86,0,3214,40.45994186401367,-79.912353515625
1629757807,2447020,P1,0,3213,40.414756774902344,-79.87882995605469
1629757867,13493020,48,0,5636,40.428367614746094,-79.97374725341797
1629757858,1859020,16,0,6604,40.454010009765625,-80.01456451416016
1629757853,13800020,51,0,6621,40.428619384765625,-79.99185943603516
1629757785,883020,83,0,6620,40.44907760620117,-79.95762634277344
1629757863,12569020,59,0,6619,40.35036087036133,-79.87027740478516
1629757800,14135020,28X,0,3226,40.47252655029297,-80.21455383300781
1629757853,7926020,71A,0,3225,40.47914505004883,-79.91893005371094
1629757864,11871020,48,0,6612,40.423587799072266,-79.9683609008789
1629757845,2438020,31,0,6611,40.35883331298828,-80.11207580566406
1629757868,12281020,21,0,6614,40.537559509277344,-80.18585205078125
1629757863,11322020,41,0,6613,40.39532470703125,-80.03387451171875
1629757852,855020,Y47,0,6618,40.41806411743164,-80.01144409179688
1629757414,9529020,54,0,6509,40.408897399902344,-79.9916000366211
1629757801,10676020,G2,0,3238,40.45232009887695,-80.05252075195312
1629757857,12437020,51,0,5655,40.42144775390625,-79.98450469970703
1629757864,3963020,93,0,6625,40.428035736083984,-79.92516326904297
1629757866,14401020,93,0,6627,40.407894134521484,-79.92633056640625
1629757850,9159020,53L,0,6626,40.360660552978516,-79.90767669677734
1629757835,13268020,54,0,6505,40.46478271484375,-79.9603500366211
1629757835,9392020,13,0,6508,40.44469451904297,-80.00090026855469
1629757831,447020,88,0,5670,40.44124984741211,-80.00189208984375
1629757859,7132020,26,0,6520,40.441444396972656,-80.06863403320312
1629757867,4863020,71B,0,6641,40.453330993652344,-79.92488098144531
1629757829,5816020,71C,0,6640,40.43894958496094,-79.9947280883789
1629757867,10725020,31,0,6521,40.40434646606445,-80.0834732055664
1629757849,1965020,61C,0,3255,40.41965103149414,-79.92774963378906
1629757861,8178020,61A,0,3253,40.414573669433594,-79.8734359741211
1629757868,12674020,61C,0,3252,40.352073669433594,-79.8595199584961
1629757867,1832020,61A,0,3251,40.42041778564453,-79.8850326538086
1629757842,1898020,P7,0,3248,40.457759857177734,-79.9122085571289
1629757864,3596020,61B,0,3247,40.41252517700195,-79.88216400146484
1629757866,9287020,6,0,6512,40.46990966796875,-79.99797821044922
1629757842,4485020,P3,0,6633,40.456111907958984,-79.93346405029297
1629757833,4992020,24,0,6515,40.44272994995117,-80.00433349609375
1629757850,5574020,P16,0,5667,40.44203567504883,-79.8826904296875
1629757855,12282020,83,0,6635,40.4405517578125,-79.98927307128906
1629757858,12725020,G31,0,6514,40.44532012939453,-79.99010467529297
1629757852,10791020,P68,0,6638,40.430992126464844,-79.79473114013672
1629757685,14740020,P69,0,6637,40.41312026977539,-79.84513854980469
1629757864,2702020,41,0,6519,40.349517822265625,-80.10359954833984
1629757846,10366020,G31,0,6518,40.410892486572266,-80.087158203125
1629757862,1402020,87,0,6650,40.4635009765625,-79.94892120361328
1629757841,14421020,61D,0,6531,40.44080352783203,-79.99946594238281
1629757856,3430020,71C,0,6652,40.460105895996094,-79.92135620117188
1629757865,5579020,61C,0,6530,40.38542175292969,-79.86392974853516
1629757869,11229020,P78,0,6651,40.44514846801758,-79.88626861572266
1629757867,10044020,14,0,6412,40.481563568115234,-80.046142578125
1629757867,12055020,82,0,6654,40.46440887451172,-79.89994812011719
1629757851,920020,P1,0,3258,40.4597053527832,-79.95524597167969
1629757834,7368020,17,0,6403,40.499481201171875,-80.0459976196289
1629757848,1715020,56,0,6524,40.434085845947266,-79.96538543701172
1629757842,6506020,71D,0,6644,40.439125061035156,-79.96199035644531
1629757854,13772020,19L,0,6405,40.49900817871094,-80.06294250488281
1629757796,9604020,56,0,6526,40.338321685791016,-79.86212158203125
1629757862,14229020,82,0,6646,40.441017150878906,-79.98603057861328
1629757868,13234020,Y49,0,6528,40.347412109375,-79.94926452636719
1629757868,11250020,91,0,6406,40.48851013183594,-79.87467193603516
1629757804,11932020,6,0,6408,40.45280075073242,-80.00157928466797
1629757850,12383020,Y46,0,6529,40.31605529785156,-79.93997192382812
1629757863,2776020,52L,0,6540,40.434288024902344,-79.96591186523438
1629757863,9186020,29,0,6421,40.4490852355957,-80.12370300292969
1629757840,11054020,P71,0,6542,40.444644927978516,-79.88749694824219
1629757866,7239020,59,0,6541,40.384193420410156,-79.86705017089844
1629757868,2676020,82,0,6544,40.461490631103516,-79.9251480102539
1629757869,11012020,21,0,6422,40.51344680786133,-80.22233581542969
1629757856,236020,57,0,6535,40.40773010253906,-79.92961120605469
1629757861,12449020,14,0,6413,40.561180114746094,-80.20269775390625
1629757866,11185020,61B,0,6534,40.438514709472656,-79.98430633544922
1629757869,13117020,41,0,6416,40.39790344238281,-80.0274429321289
1629757863,7184020,21,0,6417,40.48149871826172,-80.06922149658203
1629757839,12076020,60,0,6538,40.320892333984375,-79.8362808227539
1629757854,1725020,54,0,6311,40.462059020996094,-79.96194458007812
1629757842,10761020,61A,0,6432,40.44562911987305,-79.953125
1629757844,982020,71C,0,6553,40.44751739501953,-79.88935089111328
1629757864,11789020,1,0,6310,40.44365310668945,-79.99529266357422
1629757843,1730020,Y1,0,6431,40.2926139831543,-79.91266632080078
1629757864,2200020,28X,0,6555,40.44834899902344,-80.16268157958984
1629757867,873020,19L,0,6312,40.446075439453125,-79.98877716064453
1629757859,12086020,64,0,6554,40.411163330078125,-79.90592193603516
1629757851,9484020,1,0,6304,40.56538391113281,-79.7751235961914
1629757836,8937020,38,0,6425,40.439979553222656,-80.00605773925781
1629757855,11842020,86,0,6546,40.454124450683594,-79.97808837890625
1629757857,8924020,74,0,6545,40.461814880371094,-79.92595672607422
1629757869,3632020,29,0,6427,40.451656341552734,-80.13199615478516
1629757863,-587316059,87,1,6548,40.447288513183594,-79.98841857910156
1629757865,8704020,71D,0,6547,40.44960021972656,-79.93492126464844
1629757858,10115020,91,0,6305,40.49214172363281,-79.90930938720703
1629757869,3141020,G3,0,6426,40.45140075683594,-80.05936431884766
1629757856,2434020,12,0,6308,40.58528518676758,-80.03026580810547
1629757844,7446020,59,0,6428,40.379878997802734,-79.85420989990234
1629757867,3839020,71C,0,6549,40.43804168701172,-79.97514343261719
1629757845,12532020,55,0,6443,40.34680938720703,-79.88069152832031
1629757851,5939020,31,0,6321,40.44601821899414,-79.98905944824219
1629757862,11142020,61A,0,6442,40.442405700683594,-79.88543701171875
1629757869,294020,27,0,6324,40.451942443847656,-80.07805633544922
1629757831,7040020,39,0,6323,40.43840026855469,-80.00194549560547
1629757844,9802020,Y46,0,6436,40.32391357421875,-79.94344329833984
1629757861,2016020,12,0,6314,40.585269927978516,-80.03611755371094
1629757863,11165020,55,0,6435,40.34355926513672,-79.9123306274414
1629757867,5114020,88,0,6556,40.457611083984375,-79.91761779785156
1629757866,12051020,29,0,6317,40.425838470458984,-80.18929290771484
1629757865,3258020,64,0,6438,40.437049865722656,-79.92294311523438
1629757866,8954020,P68,0,6558,40.40985107421875,-79.85199737548828
1629757853,1004020,26,0,6318,40.45610809326172,-80.06182861328125
1629757863,3860020,52L,0,6439,40.4062385559082,-79.91184997558594
1629757822,6063020,24,0,6331,40.456138610839844,-80.16210174560547
1629757867,4031020,58,0,6452,40.43571090698242,-79.957763671875
1629757841,3724020,2,0,6212,40.52727127075195,-80.00858306884766
1629757827,13039020,53L,0,6333,40.41718673706055,-79.92588806152344
1629757852,-730630497,38,1,6332,40.36789321899414,-80.10859680175781
1629757496,6183020,71B,0,6456,40.450775146484375,-79.9430160522461
1629757867,13944020,28X,0,6455,40.44722366333008,-79.94244384765625
1629757848,14307020,61B,0,6334,40.43806076049805,-79.92361450195312
1629757865,6655020,91,0,6213,40.4836311340332,-79.94981384277344
1629757840,5501020,20,0,6325,40.46788024902344,-80.09716033935547
1629757865,5780020,79,0,6449,40.45671844482422,-79.86405944824219
1629757866,4985020,13,0,6206,40.50420379638672,-80.05243682861328
1629757860,14498020,29,0,6327,40.44373321533203,-80.02731323242188
1629757855,12209020,12,0,6209,40.55070114135742,-80.01949310302734
1629757855,10632020,16,0,6208,40.454898834228516,-80.00958251953125
1629757868,9195020,28X,0,6461,40.44602584838867,-80.06542205810547
1629757866,3345020,20,0,6221,40.452964782714844,-80.03946685791016
1629757820,11495020,P3,0,6341,40.4148063659668,-79.87907409667969
1629757798,10613020,27,0,6223,40.44149398803711,-80.0209732055664
1629757847,10267020,61A,0,6346,40.43582534790039,-79.96582794189453
1629757817,1033020,91,0,6104,40.494632720947266,-79.88591003417969
1629757865,13590020,G2,0,6225,40.40555953979492,-80.09066772460938
1629757833,9773020,22,0,6224,40.46846008300781,-80.09835052490234
1629757859,8436020,2,0,6216,40.52954864501953,-79.96569061279297
1629757864,3069020,91,0,6215,40.45060729980469,-79.98323059082031
1629757849,13092020,P7,0,6336,40.45703887939453,-79.93180084228516
1629757847,7670020,51,0,6339,40.34326934814453,-79.94248962402344
1629757858,4601020,41,0,6217,40.35789489746094,-80.11074829101562
1629757846,2350020,71C,0,6459,40.460514068603516,-79.92224884033203
1629757859,477020,36,0,6230,40.38846206665039,-80.0502700805664
1629757850,13518020,51,0,6353,40.41776657104492,-79.98643493652344
1629757846,4479020,22,0,6110,40.47917938232422,-80.078369140625
1629757840,8613020,39,0,6231,40.446048736572266,-79.9891128540039
1629757850,8227020,81,0,6236,40.43037414550781,-79.9769287109375
1629757852,317020,93,0,6357,40.48114013671875,-79.95397186279297
1629757853,10456020,P76,0,6114,40.44279861450195,-79.88681030273438
1629757852,11865020,1,0,6106,40.60049057006836,-79.75714874267578
1629757864,12902020,61D,0,6348,40.43419647216797,-79.92289733886719
1629757847,7786020,54,0,6105,40.466041564941406,-79.96482849121094
1629757865,3897020,20,0,6229,40.48680877685547,-80.11569213867188
1629757853,5624020,51,0,6241,40.44164276123047,-79.999755859375
1629757839,5883020,75,0,6362,40.4592399597168,-79.92269897460938
1629757851,4900020,55,0,6240,40.344242095947266,-79.91218566894531
1629757856,1590020,53L,0,6122,40.36199188232422,-79.93182373046875
1629757868,12239020,75,0,6364,40.44477081298828,-79.95429992675781
1629757858,7525020,Y49,0,6121,40.390262603759766,-79.99820709228516
1629757866,8643020,12,0,6003,40.5443115234375,-80.01036071777344
1629757854,14464020,61A,0,6124,40.419559478759766,-79.88507080078125
1629757826,4573020,P17,0,6366,40.456146240234375,-79.93341827392578
1629757860,8105020,88,0,6368,40.463157653808594,-79.9295425415039
1629757850,8226020,91,0,6005,40.50062942504883,-79.8607406616211
1629757853,11328020,Y46,0,6126,40.43202590942383,-80.00375366210938
1629757865,8897020,Y47,0,6247,40.34197998046875,-79.98115539550781
1629757865,9051020,93,0,6125,40.43479919433594,-79.95535278320312
1629757830,10385020,93,0,6246,40.465301513671875,-79.95713806152344
1629757854,5982020,58,0,6360,40.43033981323242,-79.9389877319336
1629757869,11918020,59,0,6238,40.4118766784668,-79.85609436035156
1629757865,13746020,61D,0,6117,40.438053131103516,-79.92308044433594
1629757868,8150020,51,0,6358,40.43706512451172,-80.00166320800781
1629757851,5911020,Y46,0,6131,40.37760543823242,-79.98727416992188
1629757865,7627020,51,0,6130,40.391475677490234,-79.98668670654297
1629757861,4230020,81,0,6251,40.442752838134766,-79.99089050292969
1629757860,8646020,61C,0,6135,40.439388275146484,-79.96172332763672
1629757865,14201020,59,0,6134,40.354000091552734,-79.9012680053711
1629757809,14081020,P78,0,6137,40.52104568481445,-79.84274291992188
1629757863,2223020,14,0,6006,40.518733978271484,-80.13543701171875
1629757865,2205020,56,0,6248,40.35005187988281,-79.8740234375
1629757754,3166020,54,0,6008,40.44529724121094,-79.95358276367188
1629757864,13953020,61B,0,6129,40.43804168701172,-79.9197006225586
1629757859,8902020,67,0,6142,40.436710357666016,-79.75834655761719
1629757841,10782020,75,0,6262,40.42437744140625,-79.9621810913086
1629757856,4517020,77,0,6265,40.45853042602539,-79.90741729736328
1629757864,10070020,G2,0,6023,40.42485809326172,-80.07473754882812
1629757822,4676020,86,0,6264,40.44913101196289,-79.89102935791016
1629757861,68020,39,0,6025,40.39612579345703,-80.02339172363281
1629757856,10412020,71D,0,6267,40.44998550415039,-79.94288635253906
1629757848,4252020,P12,0,6266,40.44865036010742,-79.985107421875
1629757862,5423020,26,0,6027,40.4594841003418,-80.06427001953125
1629757858,6353020,74,0,6147,40.44963455200195,-79.90098571777344
1629757841,12546020,77,0,6261,40.4400520324707,-79.99842071533203
1629757841,12845020,P68,0,6140,40.414493560791016,-79.85521697998047
1629757850,6712020,71A,0,6260,40.44590377807617,-79.9527359008789
1629757860,597020,P71,0,6139,40.445926666259766,-79.88810729980469
1629757849,6879020,69,0,6259,40.43681335449219,-79.87354278564453
1629757866,14119020,71A,0,7002,40.45726013183594,-79.9340591430664
1629757845,2162020,77,0,6155,40.457794189453125,-79.91706085205078
1629757846,7081020,59,0,6033,40.41911697387695,-79.88430786132812
1629757860,2973020,P78,0,6154,40.54087448120117,-79.83134460449219
1629757865,408020,67,0,6157,40.442237854003906,-79.9560546875
1629757862,10677020,83,0,6036,40.436737060546875,-79.97130584716797
1629757860,5277020,67,0,6159,40.44328689575195,-79.95637512207031
1629757833,14726020,67,0,6158,40.43208694458008,-79.79412078857422
1629757868,301020,69,0,6270,40.3944206237793,-79.80480194091797
1629757847,11422020,89,0,6272,40.46160125732422,-79.9271011352539
1629757864,12165020,53L,0,6029,40.43132400512695,-79.95951843261719
1629757864,13824020,77,0,6149,40.45145034790039,-79.75584411621094
1629757868,2055020,57,0,6043,40.40617752075195,-79.93106842041016
1629757868,5814020,55,0,6042,40.3516845703125,-79.86329650878906
1629757862,1802020,P3,0,6044,40.4420166015625,-79.95806884765625
1629757861,4387020,86,0,6048,40.463226318359375,-79.95197296142578
1629757867,1675020,69,0,6160,40.39320373535156,-79.80596160888672
1629757868,8537020,61C,0,6041,40.40880584716797,-79.9072265625
1629757855,-646096111,7,1,1701,40.44388961791992,-79.99848175048828
1629757850,2471020,11,0,1707,40.443660736083984,-79.99526977539062
1629757857,12632020,4,0,1705,40.44388198852539,-79.99847412109375
1629757857,11152020,4,0,1703,40.5007209777832,-80.02249908447266
1629757868,1395020,77,0,6056,40.46672058105469,-79.82589721679688
1629757849,7478020,79,0,6052,40.449256896972656,-79.89118957519531
1629757832,9494020,11,0,1710,40.459896087646484,-80.00215148925781
1629757863,8496020,44,0,1719,40.416927337646484,-80.01130676269531
1629757852,141020,44,0,1718,40.44442367553711,-79.9913330078125
1629757858,11819020,40,0,1716,40.430450439453125,-80.0046157836914
1629757865,4593020,44,0,1713,40.39479064941406,-79.966552734375
1629757857,678020,44,0,1723,40.39686584472656,-79.97869873046875
1629757862,505020,48,0,1720,40.42113494873047,-80.00611114501953
1629757854,867020,31,0,1729,40.39677810668945,-80.08477020263672
1629757865,9735020,43,0,1728,40.429813385009766,-79.9996337890625
1629757844,13802020,54,0,5905,40.414730072021484,-79.9877700805664
1629757854,10347020,54,0,5909,40.42863464355469,-79.97835540771484
1629757867,2056020,8,0,5903,40.51736068725586,-80.03862762451172
1629757860,2324020,24,0,5918,40.450801849365234,-80.13878631591797
1629757839,12818020,G2,0,5913,40.44291305541992,-79.9980697631836
1629757860,989020,91,0,5805,40.45143508911133,-79.98201751708984
1629757849,14461020,O12,0,5806,40.44291305541992,-79.99808502197266
1629757857,-457008958,91,1,5807,40.49657440185547,-80.01349639892578
1629757861,1210020,64,0,5922,40.46757125854492,-79.96373748779297
1629757859,13810020,2,0,5804,40.485225677490234,-79.97291564941406
1629758382,13497020,51,0,5816,40.38070297241211,-79.97631072998047
1629758385,11386020,P12,0,5937,40.42979431152344,-79.71874237060547
1629758380,13751020,59,0,5932,40.40394973754883,-79.88316345214844
1629758374,3935020,17,0,5707,40.47148895263672,-80.0308609008789
1629758382,107020,O12,0,3403,40.553863525390625,-80.02104187011719
1629758379,5057020,64,0,5940,40.42329025268555,-79.9286880493164
1629758384,2232020,P76,0,5820,40.33955383300781,-79.80345153808594
1629758385,4149020,P16,0,5821,40.478004455566406,-79.76020812988281
1629758369,5098020,1,0,5701,40.47041702270508,-79.9751968383789
1629758387,2450020,16,0,5702,40.455352783203125,-80.00753021240234
1629758386,9182020,P68,0,5823,40.42905044555664,-79.74986267089844
1629758382,-104153251,71D,1,5945,40.454368591308594,-79.91197967529297
1629758366,7359020,71C,0,3417,40.450035095214844,-79.89179992675781
1629758392,5514020,74,0,5717,40.46821975708008,-79.90287017822266
1629758376,-2104533641,P16,1,5718,40.539390563964844,-79.83064270019531
1629758378,8524020,82,0,3411,40.45329284667969,-79.94731903076172
1629758378,7133020,21,0,5713,40.43973922729492,-80.0096435546875
1629758364,6220020,67,0,5715,40.44047164916992,-79.87799072265625
1629758374,9675020,61D,0,3307,40.408851623535156,-79.912353515625
1629758389,7614020,71B,0,3425,40.44099044799805,-79.99649047851562
1629758360,3739020,P12,0,3424,40.444923400878906,-79.99070739746094
1629758376,7182020,P1,0,3423,40.415008544921875,-79.87924194335938
1629758374,10419020,71D,0,3421,40.43815994262695,-79.9776840209961
1629758389,7895020,P78,0,5721,40.45259475708008,-79.86032104492188
1629758380,-1563818939,87,1,5722,40.46232986450195,-79.94520568847656
1629758368,3567020,91,0,5605,40.4946403503418,-79.93524169921875
1629758393,6174020,P1,0,3320,40.459774017333984,-79.9214859008789
1629758383,7191020,61D,0,3318,40.412235260009766,-79.90821838378906
1629758381,11217020,61B,0,3317,40.41222381591797,-79.85629272460938
1629758375,1465020,65,0,5614,40.43875503540039,-80.00276184082031
1629758368,14486020,P1,0,3332,40.44392776489258,-79.9939193725586
1629758382,6407020,71C,0,3210,40.43844223022461,-79.9825210571289
1629758380,6447020,71B,0,3208,40.44441604614258,-79.95474243164062
1629758374,1311020,71A,0,3327,40.444217681884766,-79.95494079589844
1629758382,13900020,61A,0,3201,40.41377258300781,-79.85322570800781
1629758368,5639020,P10,0,3322,40.49494171142578,-79.90841674804688
1629758390,12914020,38,0,6610,40.38184356689453,-80.09429931640625
1629758392,7617020,P10,0,3220,40.66196060180664,-79.7068862915039
1629758390,7612020,38,0,6609,40.382301330566406,-80.04346466064453
1629758375,10146020,71A,0,3219,40.43735122680664,-79.97794342041016
1629758390,-453772088,P67,1,3218,40.43775177001953,-79.8295669555664
1629758387,11503020,P1,0,3338,40.450599670410156,-79.98149871826172
1629758360,6620020,P10,0,3336,40.6104850769043,-79.74608612060547
1629758388,14561020,86,0,3214,40.450618743896484,-79.88446807861328
1629758382,2447020,P1,0,3213,40.41969299316406,-79.88658905029297
1629758384,13493020,48,0,5636,40.417198181152344,-79.97505187988281
1629758388,1859020,16,0,6604,40.44473648071289,-80.00091552734375
1629758377,13800020,51,0,6621,40.417930603027344,-79.98639678955078
1629758373,883020,83,0,6620,40.439388275146484,-79.96172332763672
1629758379,12569020,59,0,6619,40.36685562133789,-79.84213256835938
1629758377,14135020,28X,0,3226,40.44715881347656,-80.16706085205078
1629758375,7926020,71A,0,3225,40.47917556762695,-79.9190673828125
1629758350,11871020,48,0,6612,40.428775787353516,-79.9854965209961
1629758353,12281020,21,0,6614,40.515228271484375,-80.15833282470703
1629758373,11322020,41,0,6613,40.42251968383789,-80.00616455078125
1629758392,855020,Y47,0,6618,40.3687629699707,-79.99424743652344
1629758383,10676020,G2,0,3238,40.44287109375,-79.99824523925781
1629758392,12437020,51,0,5655,40.42873764038086,-79.98836517333984
1629758391,3963020,93,0,6625,40.4349365234375,-79.95581817626953
1629758373,12671020,93,0,6627,40.4078254699707,-79.92640686035156
1629758378,9159020,53L,0,6626,40.34849166870117,-79.92705535888672
1629758391,13268020,54,0,6505,40.45112991333008,-79.98246765136719
1629758370,9392020,13,0,6508,40.44450759887695,-80.00096893310547
1629758383,3913020,88,0,5670,40.46089553833008,-79.9698486328125
1629758378,10057020,27,0,6520,40.44144821166992,-80.06874084472656
1629758380,4863020,71B,0,6641,40.45027160644531,-79.93531799316406
1629758380,5816020,71C,0,6640,40.4432373046875,-79.95637512207031
1629758376,10725020,31,0,6521,40.38693618774414,-80.09416961669922
1629758383,1965020,61C,0,3255,40.40694808959961,-79.88914489746094
1629758386,1832020,61A,0,3251,40.441776275634766,-79.8871841430664
1629758372,1898020,P7,0,3248,40.44364929199219,-79.9935073852539
1629758285,9287020,6,0,6512,40.4819450378418,-80.0028076171875
1629758376,4485020,P3,0,6633,40.443790435791016,-79.95570373535156
1629758371,4992020,24,0,6515,40.46380615234375,-80.05540466308594
1629758381,5574020,P16,0,5667,40.45011901855469,-79.84146881103516
1629758391,1180020,83,0,6635,40.44186019897461,-80.00206756591797
1629758364,12725020,G31,0,6514,40.4416618347168,-80.02146911621094
1629758391,10791020,P68,0,6638,40.43572998046875,-79.77124786376953
1629758380,14740020,P69,0,6637,40.394798278808594,-79.80225372314453
1629758366,2702020,41,0,6519,40.37001419067383,-80.08659362792969
1629758386,10366020,G31,0,6518,40.38296890258789,-80.09365844726562
1629758390,1402020,87,0,6650,40.44710159301758,-79.98875427246094
1629758389,14421020,61D,0,6531,40.43733215332031,-79.97856903076172
1629758382,3430020,71C,0,6652,40.4469108581543,-79.89445495605469
1629758375,5579020,61C,0,6530,40.355865478515625,-79.8431625366211
1629758338,11229020,P78,0,6651,40.45705032348633,-79.94933319091797
1629758391,10044020,14,0,6412,40.508853912353516,-80.09081268310547
1629758390,12055020,82,0,6654,40.46067428588867,-79.92273712158203
1629758374,920020,P1,0,3258,40.44169235229492,-79.88666534423828
1629758356,7368020,17,0,6403,40.47243881225586,-80.03115844726562
1629758332,1715020,56,0,6524,40.4001579284668,-79.9379653930664
1629758392,6506020,71D,0,6644,40.44725036621094,-79.94475555419922
1629758380,9604020,56,0,6526,40.34794998168945,-79.89089965820312
1629758367,14229020,82,0,6646,40.44186019897461,-80.00206756591797
1629758367,13234020,Y49,0,6528,40.36494445800781,-79.96688079833984
1629758384,4946020,Y45,0,6527,40.44029235839844,-80.000732421875
1629758392,12383020,Y46,0,6529,40.292320251464844,-79.89067840576172
1629758384,2776020,52L,0,6540,40.42142868041992,-79.9276351928711
1629758364,9186020,29,0,6421,40.45345687866211,-80.16806030273438
1629758392,11054020,P71,0,6542,40.428653717041016,-79.89176940917969
1629758377,7239020,59,0,6541,40.39622116088867,-79.88111114501953
1629758382,2676020,82,0,6544,40.46133041381836,-79.9088363647461
1629758381,236020,57,0,6535,40.40736770629883,-79.91123962402344
1629758388,12449020,14,0,6413,40.5932502746582,-80.22925567626953
1629758334,11185020,61B,0,6534,40.44185256958008,-79.998779296875
1629758375,13117020,41,0,6416,40.38497543334961,-80.05327606201172
1629758371,7184020,21,0,6417,40.51039123535156,-80.1258544921875
1629758388,12076020,60,0,6538,40.35097885131836,-79.864990234375
1629758373,1725020,54,0,6311,40.45440673828125,-79.99404907226562
1629758380,10761020,61A,0,6432,40.43836975097656,-79.98079681396484
1629758371,982020,71C,0,6553,40.45332336425781,-79.91138458251953
1629758383,11789020,1,0,6310,40.44578552246094,-79.98950958251953
1629758383,2200020,28X,0,6555,40.49726867675781,-80.2589340209961
1629758332,873020,19L,0,6312,40.43962478637695,-79.9966049194336
1629758386,9193020,64,0,6554,40.41080093383789,-79.91065979003906
1629758381,9484020,1,0,6304,40.602413177490234,-79.75448608398438
1629758381,8937020,38,0,6425,40.42158889770508,-80.03103637695312
1629758379,11842020,86,0,6546,40.4595832824707,-79.94522094726562
1629758383,8924020,74,0,6545,40.464969635009766,-79.91502380371094
1629758389,3632020,29,0,6427,40.43830871582031,-80.06925201416016
1629758392,-587316059,87,1,6548,40.464881896972656,-79.95081329345703
1629758370,3141020,G3,0,6426,40.442100524902344,-80.00112915039062
1629758308,2434020,12,0,6308,40.58528518676758,-80.03026580810547
1629758392,7446020,59,0,6428,40.367557525634766,-79.85585021972656
1629758377,3839020,71C,0,6549,40.44464111328125,-79.95448303222656
1629758386,12532020,55,0,6443,40.32054138183594,-79.89112091064453
1629758367,5939020,31,0,6321,40.44268035888672,-79.99894714355469
1629758392,11142020,61A,0,6442,40.43892288208008,-79.87908172607422
1629758380,9802020,Y46,0,6436,40.347129821777344,-79.97380828857422
1629758362,2016020,12,0,6314,40.572052001953125,-80.01459503173828
1629758391,11165020,55,0,6435,40.34334182739258,-79.94274139404297
1629758389,5114020,88,0,6556,40.464717864990234,-79.93576049804688
1629758384,3258020,64,0,6438,40.451416015625,-79.92525482177734
1629758342,8954020,P68,0,6558,40.41593551635742,-79.85708618164062
1629758385,1004020,26,0,6318,40.440338134765625,-80.01825714111328
1629758392,3860020,52L,0,6439,40.40380096435547,-79.89053344726562
1629758364,6063020,24,0,6331,40.4446907043457,-80.14958190917969
1629758389,4031020,58,0,6452,40.443443298339844,-79.9416732788086
1629758384,762020,2,0,6212,40.530517578125,-80.00971984863281
1629758387,13039020,53L,0,6333,40.435951232910156,-79.99549865722656
1629758385,-730630497,38,1,6332,40.36789321899414,-80.10859680175781
1629758066,6183020,71B,0,6456,40.4489860534668,-79.93221282958984
1629758389,13944020,28X,0,6455,40.43855667114258,-79.98497009277344
1629758391,14307020,61B,0,6334,40.431556701660156,-79.89311981201172
1629758355,6655020,91,0,6213,40.46323013305664,-79.96682739257812
1629758385,5501020,20,0,6325,40.50147247314453,-80.11621856689453
1629758392,5780020,79,0,6449,40.44631576538086,-79.87088775634766
1629758373,4985020,13,0,6206,40.486427307128906,-80.04375457763672
1629758382,14498020,29,0,6327,40.43583679199219,-80.06468200683594
1629758391,12209020,12,0,6209,40.55900192260742,-80.02326965332031
1629758369,10632020,16,0,6208,40.481590270996094,-80.03372955322266
1629758359,9195020,28X,0,6461,40.42539596557617,-80.12289428710938
1629758383,13994020,20,0,6221,40.43825149536133,-80.01265716552734
1629758354,11495020,P3,0,6341,40.414710998535156,-79.87879180908203
1629758389,10613020,27,0,6223,40.44957733154297,-80.06428527832031
1629758356,10267020,61A,0,6346,40.444087982177734,-79.9397964477539
1629758377,1033020,91,0,6104,40.494632720947266,-79.88591003417969
1629758378,13590020,G2,0,6225,40.44919204711914,-80.06228637695312
1629758367,9773020,22,0,6224,40.467323303222656,-80.09730529785156
1629758339,8436020,2,0,6216,40.55122375488281,-79.97148132324219
1629758373,6763020,91,0,6215,40.44248962402344,-79.99968719482422
1629758382,13092020,P7,0,6336,40.43977355957031,-79.87876892089844
1629758366,2350020,71C,0,6459,40.45668411254883,-79.93597412109375
1629758390,477020,36,0,6230,40.41769790649414,-80.02978515625
1629758376,13518020,51,0,6353,40.38895034790039,-79.9852523803711
1629758362,4479020,22,0,6110,40.47492980957031,-80.09933471679688
1629758375,8613020,39,0,6231,40.44110107421875,-79.99800872802734
1629758374,8227020,81,0,6236,40.43037414550781,-79.9769287109375
1629758389,317020,93,0,6357,40.46121597290039,-79.95496368408203
1629758368,-439168600,61D,1,6235,40.44179153442383,-79.95665740966797
1629758363,10456020,P76,0,6114,40.42459487915039,-79.8594970703125
1629758376,3673020,1,0,6106,40.60052490234375,-79.75706481933594
1629758366,12902020,61D,0,6348,40.40452194213867,-79.9205322265625
1629758379,7786020,54,0,6105,40.4601936340332,-79.94635772705078
1629758392,8067020,51,0,6241,40.42868423461914,-79.9888687133789
1629758355,5883020,75,0,6362,40.44585418701172,-79.95280456542969
1629758363,1590020,53L,0,6122,40.34351348876953,-79.94061279296875
1629758386,12239020,75,0,6364,40.4517822265625,-79.939453125
1629758372,7525020,Y49,0,6121,40.364158630371094,-79.98434448242188
1629758373,8643020,12,0,6003,40.50204086303711,-80.01117706298828
1629758384,14464020,61A,0,6124,40.40443801879883,-79.862060546875
1629758384,4573020,P17,0,6366,40.46441650390625,-79.89991760253906
1629758387,8105020,88,0,6368,40.463157653808594,-79.9295425415039
1629758374,8226020,91,0,6005,40.48843002319336,-79.87834167480469
1629758370,11328020,Y46,0,6126,40.44181442260742,-79.99877166748047
1629758365,8897020,Y47,0,6247,40.37849426269531,-79.99320220947266
1629758381,9051020,93,0,6125,40.425880432128906,-79.92777252197266
1629758390,10385020,93,0,6246,40.481266021728516,-79.95387268066406
1629758388,5982020,58,0,6360,40.42595672607422,-79.94068145751953
1629758375,11918020,59,0,6238,40.41257095336914,-79.84483337402344
1629758332,13746020,61D,0,6117,40.44395446777344,-79.95059967041016
1629758367,8150020,51,0,6358,40.43876647949219,-80.00169372558594
1629758382,6746020,51,0,6252,40.36164855957031,-79.93096160888672
1629758379,5911020,Y46,0,6131,40.34204864501953,-79.96656036376953
1629758385,7627020,51,0,6130,40.37540054321289,-79.97555541992188
1629758373,4230020,81,0,6251,40.44010925292969,-79.97634887695312
1629758374,8646020,61C,0,6135,40.44056701660156,-79.99531555175781
1629758373,14201020,59,0,6134,40.34373092651367,-79.94320678710938
1629758369,2223020,14,0,6006,40.48625946044922,-80.05397033691406
1629758390,2205020,56,0,6248,40.354148864746094,-79.83656311035156
1629758378,3166020,54,0,6008,40.42841720581055,-79.97398376464844
1629758387,13953020,61B,0,6129,40.4440803527832,-79.95008850097656
1629758372,8902020,67,0,6142,40.45282745361328,-79.75040435791016
1629758381,8666020,75,0,6262,40.42434310913086,-79.9622573852539
1629758388,4517020,77,0,6265,40.46086502075195,-79.92325592041016
1629758382,10070020,G2,0,6023,40.40559005737305,-80.09069061279297
1629758382,4676020,86,0,6264,40.456886291503906,-79.89408874511719
1629758379,68020,39,0,6025,40.39242172241211,-80.00593566894531
1629758352,7923020,71D,0,6146,40.449981689453125,-79.8918228149414
1629758393,10412020,71D,0,6267,40.438419342041016,-79.98199462890625
1629758368,4252020,P12,0,6266,40.45573425292969,-79.90591430664062
1629758390,5423020,26,0,6027,40.44179916381836,-80.06951904296875
1629758367,6353020,74,0,6147,40.43804931640625,-79.92205047607422
1629758369,385020,77,0,6261,40.44150924682617,-79.99266815185547
1629758386,12845020,P68,0,6140,40.395896911621094,-79.84135437011719
1629758383,6712020,71A,0,6260,40.43836975097656,-79.9808120727539
1629758378,597020,P71,0,6139,40.46080017089844,-79.95799255371094
1629758391,6879020,69,0,6259,40.402076721191406,-79.83651733398438
1629758365,14119020,71A,0,7002,40.4713249206543,-79.92631530761719
1629758373,2162020,77,0,6155,40.45596694946289,-79.8900146484375
1629758391,7081020,59,0,6033,40.405677795410156,-79.88587188720703
1629758378,2973020,P78,0,6154,40.54057693481445,-79.83126831054688
1629758387,408020,67,0,6157,40.44390869140625,-79.92276000976562
1629758381,10677020,83,0,6036,40.443790435791016,-79.95570373535156
1629758377,5277020,67,0,6159,40.43951416015625,-79.994384765625
1629758367,14726020,67,0,6158,40.435386657714844,-79.82447814941406
1629758350,301020,69,0,6270,40.39094924926758,-79.76695251464844
1629758381,11422020,89,0,6272,40.460628509521484,-79.91568756103516
1629758387,12165020,53L,0,6029,40.42085266113281,-79.92754364013672
1629758382,13824020,77,0,6149,40.453025817871094,-79.75023651123047
1629758378,2055020,57,0,6043,40.41415023803711,-79.95014190673828
1629758390,5814020,55,0,6042,40.37477493286133,-79.8275146484375
1629758388,1802020,P3,0,6044,40.45697784423828,-79.94874572753906
1629758369,4387020,86,0,6048,40.445091247558594,-79.99359130859375
1629758380,1675020,69,0,6160,40.40501022338867,-79.8299331665039
1629758387,8537020,61C,0,6041,40.42543411254883,-79.92791748046875
1629758386,-646096111,7,1,1701,40.447452545166016,-80.00188446044922
1629758383,12632020,4,0,1705,40.453369140625,-80.00126647949219
1629758379,11152020,4,0,1703,40.5007209777832,-80.02249908447266
1629758391,1395020,77,0,6056,40.49440002441406,-79.78849029541016
1629758369,4757020,79,0,6052,40.44058609008789,-79.8781509399414
1629758386,9494020,11,0,1710,40.46794128417969,-80.01368713378906
1629758390,8496020,44,0,1719,40.41655349731445,-79.99175262451172
1629758367,141020,44,0,1718,40.446083068847656,-79.98875427246094
1629758340,7542020,40,0,1717,40.44532012939453,-79.99010467529297
1629758335,11819020,40,0,1716,40.439971923828125,-80.0008773803711
1629758379,4593020,44,0,1713,40.385318756103516,-79.9476318359375
1629758391,678020,44,0,1723,40.414100646972656,-79.9828109741211
1629758386,4293020,48,0,1720,40.42113494873047,-80.00611114501953
1629758371,867020,31,0,1729,40.42641830444336,-80.05757904052734
1629758381,5913020,43,0,1728,40.441593170166016,-79.99826049804688
1629758371,10347020,54,0,5909,40.43997573852539,-79.9608154296875
1629758390,2056020,8,0,5903,40.504051208496094,-80.02600860595703
1629758365,2324020,24,0,5918,40.45289993286133,-80.15699005126953
1629758344,12818020,G2,0,5913,40.443851470947266,-80.0273666381836
1629758371,989020,91,0,5805,40.4630126953125,-79.96697235107422
1629758383,14461020,O12,0,5806,40.49824142456055,-80.01285552978516
1629758377,-457008958,91,1,5807,40.50174331665039,-80.02181243896484
1629758384,1210020,64,0,5922,40.465877532958984,-79.9587631225586
1629758389,13810020,2,0,5804,40.49951171875,-79.94383239746094
1629758874,13497020,51,0,5816,40.38070297241211,-79.97631072998047
1629758858,11386020,P12,0,5937,40.47538375854492,-79.70771789550781
1629758868,13751020,59,0,5932,40.41910934448242,-79.88429260253906
1629758859,3935020,17,0,5707,40.48757553100586,-80.0406723022461
1629758874,107020,O12,0,3403,40.51910400390625,-80.00497436523438
1629758834,5057020,64,0,5940,40.407588958740234,-79.91871643066406
1629758873,5098020,1,0,5701,40.49433517456055,-79.92935943603516
1629758800,2450020,16,0,5702,40.46851348876953,-80.0252456665039
1629758871,6367020,P68,0,5823,40.427589416503906,-79.75076293945312
1629758866,-104153251,71D,1,5945,40.4484977722168,-79.93389129638672
1629758858,9713020,71C,0,3417,40.450035095214844,-79.89179992675781
1629758821,-2104533641,P16,1,5718,40.51307678222656,-79.85448455810547
1629758854,8524020,82,0,3411,40.462059020996094,-79.9268798828125
1629758868,7054020,21,0,5713,40.44032669067383,-80.0181655883789
1629758859,6220020,67,0,5715,40.444549560546875,-79.84290313720703
1629758862,9675020,61D,0,3307,40.429054260253906,-79.92388916015625
1629758859,5326020,71B,0,3425,40.440216064453125,-79.99440002441406
1629758864,3930020,P12,0,3424,40.443687438964844,-79.99354553222656
1629758863,7182020,P1,0,3423,40.43804168701172,-79.8858871459961
1629758835,10419020,71D,0,3421,40.44123840332031,-79.95928192138672
1629758879,7895020,P78,0,5721,40.481868743896484,-79.83799743652344
1629758879,-1563818939,87,1,5722,40.470863342285156,-79.92655944824219
1629758866,3567020,91,0,5605,40.487979888916016,-79.89375305175781
1629758870,6174020,P1,0,3320,40.41886520385742,-79.88607788085938
1629758860,11217020,61B,0,3317,40.414005279541016,-79.88365936279297
1629758860,9039020,29,0,5611,40.427188873291016,-80.19094848632812
1629758869,1465020,65,0,5614,40.43427276611328,-79.95269012451172
1629758858,7966020,P1,0,3332,40.448001861572266,-79.98607635498047
1629758880,6407020,71C,0,3210,40.44218826293945,-80.00080108642578
1629758866,6447020,71B,0,3208,40.452613830566406,-79.93706512451172
1629758865,1311020,71A,0,3327,40.453975677490234,-79.94506072998047
1629758865,7480020,71A,0,3325,40.4587287902832,-79.93357849121094
1629758878,1294020,61A,0,3201,40.41421890258789,-79.85538482666016
1629758876,5639020,P10,0,3322,40.53759765625,-79.83557891845703
1629758866,12914020,38,0,6610,40.3843994140625,-80.07107543945312
1629758875,7612020,38,0,6609,40.382301330566406,-80.04346466064453
1629758871,10146020,71A,0,3219,40.441917419433594,-79.95824432373047
1629758871,-453772088,P67,1,3218,40.43037033081055,-79.79174041748047
1629758863,13452020,P1,0,3338,40.44231033325195,-79.99479675292969
1629758873,6620020,P10,0,3336,40.62162780761719,-79.72774505615234
1629758857,14561020,86,0,3214,40.45000457763672,-79.89180755615234
1629758835,2447020,P1,0,3213,40.460044860839844,-79.91987609863281
1629758798,13493020,48,0,5636,40.4210090637207,-80.00052642822266
1629758856,13922020,16,0,6604,40.447914123535156,-80.0020523071289
1629758852,13800020,51,0,6621,40.39711380004883,-79.9879150390625
1629758861,12569020,59,0,6619,40.366641998291016,-79.84791564941406
1629758862,14135020,28X,0,3226,40.41559982299805,-80.08272552490234
1629758854,3219020,71A,0,3225,40.47891616821289,-79.9190902709961
1629758867,11871020,48,0,6612,40.441802978515625,-79.99964141845703
1629758857,12281020,21,0,6614,40.503658294677734,-80.10133361816406
1629758856,11322020,41,0,6613,40.44104766845703,-79.99887084960938
1629758875,855020,Y47,0,6618,40.33642578125,-79.97161865234375
1629758878,12668020,Y46,0,6630,40.2772102355957,-79.8891372680664
1629758868,11815020,Y1,0,6631,40.43955612182617,-79.99905395507812
1629758861,6550020,G2,0,3238,40.44179153442383,-80.00251007080078
1629758816,12437020,51,0,5655,40.433387756347656,-80.00311279296875
1629758865,3963020,93,0,6625,40.44088363647461,-79.95954895019531
1629758874,12671020,93,0,6627,40.40737533569336,-79.94332122802734
1629758877,9159020,53L,0,6626,40.34387969970703,-79.94332122802734
1629758878,13268020,54,0,6505,40.45465850830078,-80.00847625732422
1629758861,9392020,13,0,6508,40.45433807373047,-80.01251220703125
1629758876,10439020,1,0,6507,40.4445915222168,-79.99110412597656
1629758865,3913020,88,0,5670,40.46559143066406,-79.95562744140625
1629758872,10057020,27,0,6520,40.44695281982422,-80.08060455322266
1629758866,4863020,71B,0,6641,40.44706344604492,-79.94725036621094
1629758866,5816020,71C,0,6640,40.451698303222656,-79.95187377929688
1629758860,4818020,13,0,6401,40.51721954345703,-80.03868103027344
1629758868,2594020,82,0,6643,40.46052169799805,-79.9126968383789
1629758879,1965020,61C,0,3255,40.38444900512695,-79.8613510131836
1629758863,1832020,61A,0,3251,40.43804168701172,-79.91991424560547
1629758869,10271020,P7,0,3248,40.443443298339844,-79.99606323242188
1629758706,9287020,6,0,6512,40.4819450378418,-80.0028076171875
1629758821,13666020,P3,0,6633,40.43779373168945,-79.96411895751953
1629758878,4992020,24,0,6515,40.47329330444336,-80.07575988769531
1629758853,5574020,P16,0,5667,40.46369171142578,-79.81704711914062
1629758860,1180020,83,0,6635,40.442684173583984,-79.98725128173828
1629758841,12725020,G31,0,6514,40.434871673583984,-80.06758880615234
1629758850,10791020,P68,0,6638,40.429100036621094,-79.7496337890625
1629758831,14740020,P69,0,6637,40.39118576049805,-79.76520538330078
1629758873,2702020,41,0,6519,40.38201141357422,-80.05793762207031
1629758870,3587020,87,0,6650,40.44384002685547,-79.99405670166016
1629758879,14421020,61D,0,6531,40.444068908691406,-79.95014190673828
1629758874,11229020,P78,0,6651,40.4415397644043,-79.99544525146484
1629758854,10044020,14,0,6412,40.52840042114258,-80.16162872314453
1629758865,12055020,82,0,6654,40.45329284667969,-79.94731903076172
1629758879,920020,P1,0,3258,40.41474914550781,-79.87890625
1629758871,7368020,17,0,6403,40.455970764160156,-80.02696228027344
1629758878,1715020,56,0,6524,40.37104034423828,-79.91493225097656
1629758875,6506020,71D,0,6644,40.44866943359375,-79.93334197998047
1629758864,9604020,56,0,6526,40.36095428466797,-79.90766906738281
1629758876,13947020,82,0,6646,40.44260025024414,-79.98714447021484
1629758854,13234020,Y49,0,6528,40.37067413330078,-79.98231506347656
1629758867,12829020,Y45,0,6527,40.43225860595703,-80.00382232666016
1629758851,12383020,Y46,0,6529,40.29199981689453,-79.87499237060547
1629758874,2776020,52L,0,6540,40.40790939331055,-79.9090805053711
1629758857,9186020,29,0,6421,40.45103073120117,-80.18682861328125
1629758867,11054020,P71,0,6542,40.42299270629883,-79.89107513427734
1629758836,7239020,59,0,6541,40.40843963623047,-79.89440155029297
1629758874,236020,57,0,6535,40.41098403930664,-79.90663146972656
1629758872,12449020,14,0,6413,40.591461181640625,-80.2275619506836
1629758844,2809020,61B,0,6534,40.43998718261719,-79.99413299560547
1629758873,13117020,41,0,6416,40.37628936767578,-80.09329986572266
1629758856,7184020,21,0,6417,40.52320098876953,-80.17646026611328
1629758871,7531020,60,0,6538,40.350189208984375,-79.83738708496094
1629758860,10761020,61A,0,6432,40.441471099853516,-80.0023193359375
1629758877,982020,71C,0,6553,40.462181091308594,-79.93148040771484
1629758874,11789020,1,0,6310,40.44578552246094,-79.98950958251953
1629758879,7980020,28X,0,6555,40.4963493347168,-80.25575256347656
1629758859,873020,19L,0,6312,40.448909759521484,-80.01952362060547
1629758840,9193020,64,0,6554,40.408042907714844,-79.91336059570312
1629758855,9484020,1,0,6304,40.6004753112793,-79.75709533691406
1629758838,8937020,38,0,6425,40.405433654785156,-80.0543441772461
1629758851,11842020,86,0,6546,40.462013244628906,-79.92689514160156
1629758869,8924020,74,0,6545,40.476078033447266,-79.89846801757812
1629758878,3632020,29,0,6427,40.441280364990234,-80.03720092773438
1629758867,-587316059,87,1,6548,40.467369079589844,-79.92833709716797
1629758879,13821020,G3,0,6426,40.44187545776367,-80.00200653076172
1629758860,7086020,12,0,6308,40.586708068847656,-80.03044891357422
1629758867,7446020,59,0,6428,40.35221862792969,-79.85765075683594
1629758863,3839020,71C,0,6549,40.452247619628906,-79.95085906982422
1629758873,12532020,55,0,6443,40.29249954223633,-79.87882232666016
1629758879,5939020,31,0,6321,40.44126892089844,-80.03382873535156
1629758876,11142020,61A,0,6442,40.41600799560547,-79.87906646728516
1629758872,9802020,Y46,0,6436,40.382537841796875,-79.99617004394531
1629758856,2016020,12,0,6314,40.55070877075195,-80.01949310302734
1629758842,11165020,55,0,6435,40.33980941772461,-79.95323181152344
1629758871,5114020,88,0,6556,40.46638107299805,-79.9622802734375
1629758857,3258020,64,0,6438,40.456336975097656,-79.93909454345703
1629758877,8954020,P68,0,6558,40.43916702270508,-79.87684631347656
1629758874,11368020,26,0,6318,40.43914031982422,-80.01558685302734
1629758873,3860020,52L,0,6439,40.38028335571289,-79.87688446044922
1629758845,6063020,24,0,6331,40.46845626831055,-80.11666107177734
1629758850,4031020,58,0,6452,40.4429931640625,-79.94293975830078
1629758872,762020,2,0,6212,40.545753479003906,-80.02017974853516
1629758824,13693020,53L,0,6333,40.438961029052734,-80.00019073486328
1629758838,-730630497,38,1,6332,40.35626220703125,-80.1190185546875
1629758588,6183020,71B,0,6456,40.4632453918457,-79.92400360107422
1629758838,13944020,28X,0,6455,40.442726135253906,-79.99879455566406
1629758865,14307020,61B,0,6334,40.4093132019043,-79.87763977050781
1629758841,6655020,91,0,6213,40.44447326660156,-79.99557495117188
1629758869,5501020,20,0,6325,40.499332427978516,-80.11676025390625
1629758857,6776020,54,0,6204,40.45388412475586,-79.99809265136719
1629758879,5780020,79,0,6449,40.44950866699219,-79.89148712158203
1629758871,4985020,13,0,6206,40.465335845947266,-80.03384399414062
1629758878,14498020,29,0,6327,40.44935607910156,-80.10710144042969
1629758872,12209020,12,0,6209,40.57186508178711,-80.01953125
1629758858,10632020,16,0,6208,40.499664306640625,-80.06461334228516
1629758870,9195020,28X,0,6461,40.450035095214844,-80.16793823242188
1629758871,13994020,20,0,6221,40.465572357177734,-80.0615005493164
1629758860,11184020,P3,0,6341,40.41511917114258,-79.87983703613281
1629758848,10613020,27,0,6223,40.458290100097656,-80.07030487060547
1629758866,10267020,61A,0,6346,40.43799591064453,-79.91383361816406
1629758877,1033020,91,0,6104,40.494632720947266,-79.88591003417969
1629758879,13590020,G2,0,6225,40.44103240966797,-80.00598907470703
1629758879,9773020,22,0,6224,40.4798698425293,-80.0756607055664
1629758824,8436020,2,0,6216,40.55501174926758,-80.02091979980469
1629758864,6763020,91,0,6215,40.460140228271484,-79.9693603515625
1629758876,13092020,P7,0,6336,40.41777801513672,-79.88786315917969
1629758845,2350020,71C,0,6459,40.45024108886719,-79.95100402832031
1629758845,9352020,36,0,6230,40.44192123413086,-80.00391387939453
1629758875,8613020,39,0,6231,40.42082977294922,-80.00752258300781
1629758861,9121020,81,0,6236,40.430419921875,-79.9771957397461
1629758860,317020,93,0,6357,40.44327926635742,-79.95650482177734
1629758865,-439168600,61D,1,6235,40.437984466552734,-79.9284896850586
1629758839,10456020,P76,0,6114,40.38478469848633,-79.82381439208984
1629758868,3673020,1,0,6106,40.60051345825195,-79.76032257080078
1629758878,7786020,54,0,6105,40.44965744018555,-79.95065307617188
1629758873,8067020,51,0,6241,40.41913986206055,-79.98716735839844
1629758872,5883020,75,0,6362,40.42850112915039,-79.97364807128906
1629758851,1590020,53L,0,6122,40.36940383911133,-79.91155242919922
1629758863,12239020,75,0,6364,40.45920181274414,-79.92255401611328
1629758872,7525020,Y49,0,6121,40.366722106933594,-79.96255493164062
1629758878,8643020,12,0,6003,40.4569091796875,-79.99923706054688
1629758855,14464020,61A,0,6124,40.41481018066406,-79.8548812866211
1629758876,9061020,79,0,6366,40.47249984741211,-79.86846923828125
1629758879,8105020,88,0,6368,40.463157653808594,-79.9295425415039
1629758852,8226020,91,0,6005,40.487701416015625,-79.89395904541016
1629758857,11397020,Y46,0,6126,40.43062210083008,-80.00458526611328
1629758859,8897020,Y47,0,6247,40.395748138427734,-79.99967956542969
1629758877,9051020,93,0,6125,40.4113883972168,-79.94436645507812
1629758878,10385020,93,0,6246,40.48334884643555,-79.9476089477539
1629758858,5982020,58,0,6360,40.434471130371094,-79.98974609375
1629758859,11918020,59,0,6238,40.39693069458008,-79.82122802734375
1629758854,13746020,61D,0,6117,40.43742370605469,-79.97183227539062
1629758869,5353020,51,0,6358,40.438201904296875,-79.99995422363281
1629758861,6746020,51,0,6252,40.35826873779297,-79.9345932006836
1629758863,5911020,Y46,0,6131,40.3313102722168,-79.9456558227539
1629758878,7627020,51,0,6130,40.34402847290039,-79.97154998779297
1629758838,4230020,81,0,6251,40.43989562988281,-79.9610366821289
1629758867,10985020,61C,0,6135,40.440425872802734,-79.99510192871094
1629758850,14201020,59,0,6134,40.33803939819336,-79.95130920410156
1629758857,2223020,14,0,6006,40.44858169555664,-80.0179672241211
1629758843,2205020,56,0,6248,40.34584426879883,-79.8287124633789
1629758857,3166020,54,0,6008,40.421630859375,-79.97943115234375
1629758879,13953020,61B,0,6129,40.436920166015625,-79.97026824951172
1629758853,8902020,67,0,6142,40.45282745361328,-79.75040435791016
1629758854,8666020,75,0,6262,40.428253173828125,-79.97209167480469
1629758872,4517020,77,0,6265,40.45455551147461,-79.95367431640625
1629758858,10070020,G2,0,6023,40.40559005737305,-80.09069061279297
1629758844,4676020,86,0,6264,40.46019744873047,-79.92130279541016
1629758855,7923020,71D,0,6146,40.44606018066406,-79.88336181640625
1629758863,10412020,71D,0,6267,40.44125747680664,-79.99722290039062
1629758851,4252020,P12,0,6266,40.437007904052734,-79.87527465820312
1629758866,5423020,26,0,6027,40.44038391113281,-80.0689468383789
1629758879,3306020,67,0,6269,40.439937591552734,-80.00480651855469
1629758877,7177020,74,0,6147,40.434879302978516,-79.91887664794922
1629758879,385020,77,0,6261,40.45482635498047,-79.94572448730469
1629758874,12845020,P68,0,6140,40.408103942871094,-79.81866455078125
1629758873,6712020,71A,0,6260,40.44241714477539,-79.99995422363281
1629758822,5972020,P71,0,6139,40.44122314453125,-79.99713134765625
1629758874,6879020,69,0,6259,40.39558029174805,-79.8075942993164
1629758856,2162020,77,0,6155,40.46171569824219,-79.86077117919922
1629758857,7081020,59,0,6033,40.41243362426758,-79.90830993652344
1629758828,2973020,P78,0,6154,40.540401458740234,-79.83120727539062
1629758879,408020,67,0,6157,40.44717025756836,-79.89533996582031
1629758878,10677020,83,0,6036,40.441307067871094,-79.96774291992188
1629758851,14726020,67,0,6158,40.43952941894531,-79.87531280517578
1629758858,12912020,69,0,6270,40.3890266418457,-79.75047302246094
1629758853,11422020,89,0,6272,40.470611572265625,-79.94027709960938
1629758842,12165020,53L,0,6029,40.41017532348633,-79.91201782226562
1629758843,13824020,77,0,6149,40.453025817871094,-79.75023651123047
1629758861,2055020,57,0,6043,40.43655776977539,-79.99708557128906
1629758855,1802020,P3,0,6044,40.446407318115234,-79.88848114013672
1629758868,2049020,86,0,6048,40.44273376464844,-79.9987564086914
1629758874,1675020,69,0,6160,40.42927551269531,-79.863525390625
1629758862,8537020,61C,0,6041,40.43788528442383,-79.93008422851562
1629758871,-646096111,7,1,1701,40.46120834350586,-79.98771667480469
1629758877,12632020,4,0,1705,40.469139099121094,-79.97876739501953
1629758859,11554020,4,0,1703,40.4993782043457,-80.02095031738281
1629758878,1395020,77,0,6056,40.46769332885742,-79.75643920898438
1629758873,4757020,79,0,6052,40.454185485839844,-79.8675765991211
1629758874,9494020,11,0,1710,40.45161819458008,-80.00113677978516
1629758871,8496020,44,0,1719,40.411354064941406,-79.97563934326172
1629758853,141020,44,0,1718,40.446102142333984,-79.9887466430664
1629758866,7542020,40,0,1717,40.4367790222168,-80.00090789794922
1629758863,564020,44,0,1713,40.38579559326172,-79.97052764892578
1629758856,678020,44,0,1723,40.41328811645508,-79.9876480102539
1629758871,4293020,48,0,1720,40.417598724365234,-79.98444366455078
1629758853,867020,31,0,1729,40.44370651245117,-80.02738189697266
1629758878,5913020,43,0,1728,40.424705505371094,-79.98976135253906
1629758872,-834638953,15,1,5904,40.47742462158203,-79.99990844726562
1629758864,10347020,54,0,5909,40.449703216552734,-79.95063018798828
1629758856,11313020,14,0,5902,40.44767761230469,-80.01897430419922
1629758857,2056020,8,0,5903,40.47511672973633,-80.01148223876953
1629758873,12818020,G2,0,5913,40.434669494628906,-80.06755065917969
1629758867,989020,91,0,5805,40.48213577270508,-79.95247650146484
1629758869,14461020,O12,0,5806,40.54568862915039,-80.01654052734375
1629758858,1210020,64,0,5922,40.459190368652344,-79.9444351196289
1629758873,13810020,2,0,5804,40.53858947753906,-79.97222900390625
1629759315,3440020,51,0,5816,40.380615234375,-79.97626495361328
1629759339,13751020,59,0,5932,40.403446197509766,-79.86882019042969
1629759331,3935020,17,0,5707,40.495670318603516,-80.0209732055664
1629759333,107020,O12,0,3403,40.4949836730957,-80.01261138916016
1629759324,5057020,64,0,5940,40.410884857177734,-79.90690612792969
1629759319,5098020,1,0,5701,40.487632751464844,-79.89384460449219
1629759325,2450020,16,0,5702,40.48997497558594,-80.04779815673828
1629759328,6367020,P68,0,5823,40.43074035644531,-79.78561401367188
1629759250,-104153251,71D,1,5945,40.451236724853516,-79.94142150878906
1629759321,9713020,71C,0,3417,40.44279861450195,-79.88687896728516
1629759332,-2104533641,P16,1,5718,40.462913513183594,-79.90573120117188
1629759295,8524020,82,0,3411,40.46075439453125,-79.91570281982422
1629759335,7054020,21,0,5713,40.46353530883789,-80.05643463134766
1629759337,6220020,67,0,5715,40.430755615234375,-79.80522155761719
1629759340,9675020,61D,0,3307,40.44268798828125,-79.9376220703125
1629759320,5326020,71B,0,3425,40.43737030029297,-79.97772979736328
1629759316,3930020,P12,0,3424,40.440208435058594,-79.99620056152344
1629759333,7182020,P1,0,3423,40.45645523071289,-79.93301391601562
1629759331,10419020,71D,0,3421,40.447383880615234,-79.94258880615234
1629759320,7895020,P78,0,5721,40.524497985839844,-79.84156036376953
1629759330,-1563818939,87,1,5722,40.47835159301758,-79.9556884765625
1629759325,3567020,91,0,5605,40.49168014526367,-79.86856842041016
1629759323,11217020,61B,0,3317,40.43132400512695,-79.89295959472656
1629759326,9039020,29,0,5611,40.45191955566406,-80.20034790039062
1629759314,1465020,65,0,5614,40.434791564941406,-79.92253112792969
1629759334,7966020,P1,0,3332,40.45276641845703,-79.89869689941406
1629759334,5285020,71C,0,3210,40.43800354003906,-79.99293518066406
1629759318,6447020,71B,0,3208,40.4517707824707,-79.92437744140625
1629759333,1311020,71A,0,3327,40.460655212402344,-79.93240356445312
1629759315,7480020,71A,0,3325,40.45066833496094,-79.9512710571289
1629759336,1294020,61A,0,3201,40.40238952636719,-79.86150360107422
1629759329,5639020,P10,0,3322,40.54108810424805,-79.80168151855469
1629759318,12914020,38,0,6610,40.40376663208008,-80.05705261230469
1629759340,7612020,38,0,6609,40.382301330566406,-80.04346466064453
1629759314,10146020,71A,0,3219,40.4515380859375,-79.9518051147461
1629759321,-453772088,P67,1,3218,40.43990707397461,-79.86066436767578
1629759331,13452020,P1,0,3338,40.454612731933594,-79.93531036376953
1629759318,14561020,86,0,3214,40.45000457763672,-79.89180755615234
1629759312,2447020,P1,0,3213,40.45139694213867,-79.97984313964844
1629759337,13493020,48,0,5636,40.42098617553711,-80.00579833984375
1629759324,13922020,16,0,6604,40.45436096191406,-80.01242065429688
1629759311,13800020,51,0,6621,40.374786376953125,-79.9755859375
1629759339,12569020,59,0,6619,40.38103485107422,-79.87026977539062
1629759339,14135020,28X,0,3226,40.45207977294922,-80.04096221923828
1629759334,3219020,71A,0,3225,40.4644889831543,-79.93008422851562
1629759325,3042020,48,0,6612,40.43213653564453,-80.00389099121094
1629759312,12281020,21,0,6614,40.47200012207031,-80.0614242553711
1629759317,14179020,41,0,6613,40.43216323852539,-80.00387573242188
1629759290,855020,Y47,0,6618,40.34125900268555,-79.9448471069336
1629759331,12668020,Y46,0,6630,40.288551330566406,-79.89630889892578
1629759318,11815020,Y1,0,6631,40.41957092285156,-80.00969696044922
1629759328,6550020,G2,0,3238,40.443721771240234,-80.02716827392578
1629759330,12437020,51,0,5655,40.44165802001953,-79.99974822998047
1629759323,3963020,93,0,6625,40.449493408203125,-79.9505386352539
1629759329,12671020,93,0,6627,40.42844009399414,-79.92459106445312
1629759333,9392020,13,0,6508,40.4738883972168,-80.03860473632812
1629759319,10439020,1,0,6507,40.449951171875,-80.00100708007812
1629759334,3913020,88,0,5670,40.46092224121094,-79.92338562011719
1629759316,10057020,27,0,6520,40.45187759399414,-80.06784057617188
1629759322,4863020,71B,0,6641,40.43836975097656,-79.98080444335938
1629759295,5816020,71C,0,6640,40.457122802734375,-79.93449401855469
1629759328,4818020,13,0,6401,40.51847457885742,-80.04414367675781
1629759330,2594020,82,0,6643,40.460296630859375,-79.9215316772461
1629759339,1965020,61C,0,3255,40.35342025756836,-79.84561920166016
1629759322,1832020,61A,0,3251,40.444580078125,-79.94493865966797
1629759291,10271020,P7,0,3248,40.45454788208008,-79.94307708740234
1629759337,13666020,P3,0,6633,40.44725036621094,-79.94739532470703
1629759249,4992020,24,0,6515,40.46773910522461,-80.09877014160156
1629759337,5574020,P16,0,5667,40.476402282714844,-79.78057098388672
1629759323,1180020,83,0,6635,40.45081329345703,-79.9721450805664
1629759313,12725020,G31,0,6514,40.400604248046875,-80.08818054199219
1629759318,10791020,P68,0,6638,40.42909240722656,-79.7490234375
1629759316,2702020,41,0,6519,40.39525604248047,-80.03396606445312
1629759330,3587020,87,0,6650,40.46361541748047,-79.95317840576172
1629759317,14421020,61D,0,6531,40.43729782104492,-79.92293548583984
1629759318,1701020,P78,0,6651,40.443424224853516,-79.99596405029297
1629759318,10044020,14,0,6412,40.544551849365234,-80.18659973144531
1629759335,12055020,82,0,6654,40.44442367553711,-79.97866821289062
1629759331,6865020,P1,0,3258,40.41468811035156,-79.87861633300781
1629759330,7368020,17,0,6403,40.45582580566406,-80.00440979003906
1629759332,1715020,56,0,6524,40.350372314453125,-79.89501953125
1629759340,6506020,71D,0,6644,40.45524597167969,-79.91106414794922
1629759336,9604020,56,0,6526,40.38943862915039,-79.9327392578125
1629759325,13947020,82,0,6646,40.449073791503906,-79.95755004882812
1629759332,13234020,Y49,0,6528,40.39937210083008,-80.00128936767578
1629759331,12829020,Y45,0,6527,40.402076721191406,-80.00203704833984
1629759312,2776020,52L,0,6540,40.394683837890625,-79.88865661621094
1629759335,9186020,29,0,6421,40.44097137451172,-80.20722961425781
1629759317,7239020,59,0,6541,40.41154479980469,-79.9127426147461
1629759337,14132020,61D,0,6535,40.41107177734375,-79.90668487548828
1629759334,12449020,14,0,6413,40.591461181640625,-80.2275619506836
1629759303,2809020,61B,0,6534,40.437171936035156,-79.97469329833984
1629759336,13117020,41,0,6416,40.35633087158203,-80.11032104492188
1629759312,11766020,21,0,6415,40.52328109741211,-80.21663665771484
1629759323,7184020,21,0,6417,40.53665542602539,-80.18428802490234
1629759331,7531020,60,0,6538,40.350162506103516,-79.84949493408203
1629759304,11634020,61A,0,6432,40.43804168701172,-79.994140625
1629759336,982020,71C,0,6553,40.45259094238281,-79.94978332519531
1629759335,11789020,1,0,6310,40.44578552246094,-79.98950958251953
1629759297,7980020,28X,0,6555,40.47235870361328,-80.21717834472656
1629759331,873020,19L,0,6312,40.494384765625,-80.05317687988281
1629759328,9193020,64,0,6554,40.429569244384766,-79.92350006103516
1629759316,9484020,1,0,6304,40.60049819946289,-79.75703430175781
1629759336,8937020,38,0,6425,40.3846435546875,-80.07066345214844
1629759335,11842020,86,0,6546,40.460693359375,-79.91459655761719
1629759324,8924020,74,0,6545,40.461761474609375,-79.89457702636719
1629759338,3632020,29,0,6427,40.44243240356445,-79.9999008178711
1629759325,-587316059,87,1,6548,40.48764419555664,-79.92261505126953
1629759322,13821020,G3,0,6426,40.44377517700195,-80.02714538574219
1629759311,7086020,12,0,6308,40.58488082885742,-80.03327941894531
1629759327,7446020,59,0,6428,40.350799560546875,-79.87322998046875
1629759335,3839020,71C,0,6549,40.46067428588867,-79.93238830566406
1629759331,12532020,55,0,6443,40.31156921386719,-79.9164810180664
1629759339,5939020,31,0,6321,40.426387786865234,-80.0621566772461
1629759331,11142020,61A,0,6442,40.40003967285156,-79.86343383789062
1629759323,9802020,Y46,0,6436,40.40651321411133,-80.00584411621094
1629759315,2016020,12,0,6314,40.555057525634766,-80.02088165283203
1629759327,11165020,55,0,6435,40.33241653442383,-79.93391418457031
1629759323,5114020,88,0,6556,40.448699951171875,-79.98612976074219
1629759338,3258020,64,0,6438,40.465301513671875,-79.95728302001953
1629759329,8954020,P68,0,6558,40.45890808105469,-79.92530059814453
1629759314,11368020,26,0,6318,40.45040512084961,-80.04518127441406
1629759324,3860020,52L,0,6439,40.366554260253906,-79.85713195800781
1629759327,6063020,24,0,6331,40.4706916809082,-80.09186553955078
1629759280,4031020,58,0,6452,40.4429931640625,-79.94293975830078
1629759333,762020,2,0,6212,40.567298889160156,-80.00704193115234
1629759339,13693020,53L,0,6333,40.43517303466797,-79.9683837890625
1629759335,-1736144580,31,1,6332,40.36976623535156,-80.10113525390625
1629759305,13944020,28X,0,6455,40.443721771240234,-80.02698516845703
1629759320,14307020,61B,0,6334,40.40290451049805,-79.8689956665039
1629759319,9894020,91,0,6213,40.44348907470703,-79.99588775634766
1629759332,5501020,20,0,6325,40.4754638671875,-80.09747314453125
1629759336,6776020,54,0,6204,40.4583625793457,-79.96422576904297
1629759329,5780020,79,0,6449,40.44960021972656,-79.89154052734375
1629759325,4985020,13,0,6206,40.45563507080078,-80.00553894042969
1629759320,14498020,29,0,6327,40.44823455810547,-80.16236877441406
1629759337,12209020,12,0,6209,40.58644104003906,-80.02935028076172
1629759332,10632020,16,0,6208,40.50368118286133,-80.07437133789062
1629759328,9195020,28X,0,6461,40.499298095703125,-80.25643157958984
1629759335,13994020,20,0,6221,40.467742919921875,-80.08373260498047
1629759326,11184020,P3,0,6341,40.45484924316406,-79.90394592285156
1629759335,10613020,27,0,6223,40.441707611083984,-80.07012176513672
1629759321,1698020,51,0,6343,40.42137145996094,-79.98233795166016
1629759338,10267020,61A,0,6346,40.44163131713867,-79.8858871459961
1629759314,1774020,91,0,6104,40.494632720947266,-79.88591003417969
1629759273,10592020,G2,0,6225,40.443790435791016,-79.99394989013672
1629759333,9773020,22,0,6224,40.47037124633789,-80.05394744873047
1629759281,8436020,2,0,6216,40.546695709228516,-80.00628662109375
1629759322,9750020,88,0,6457,40.45582580566406,-79.91067504882812
1629759331,6763020,91,0,6215,40.477962493896484,-79.95606231689453
1629759337,13092020,P7,0,6336,40.38498306274414,-79.8629150390625
1629759325,2350020,71C,0,6459,40.438079833984375,-79.96344757080078
1629759313,9352020,36,0,6230,40.4003791809082,-80.04373931884766
1629759338,8613020,39,0,6231,40.393402099609375,-80.01950073242188
1629759299,9121020,81,0,6236,40.428375244140625,-79.97390747070312
1629759331,317020,93,0,6357,40.434574127197266,-79.9545669555664
1629759310,-439168600,61D,1,6235,40.43009948730469,-79.92344665527344
1629759334,10456020,P76,0,6114,40.37676239013672,-79.79989624023438
1629759327,3673020,1,0,6106,40.56447982788086,-79.77117156982422
1629759332,7786020,54,0,6105,40.437862396240234,-79.96392822265625
1629759338,8067020,51,0,6241,40.400333404541016,-79.98918914794922
1629759317,5883020,75,0,6362,40.424400329589844,-79.96219635009766
1629759340,1590020,53L,0,6122,40.39767074584961,-79.90203857421875
1629759326,10382020,54,0,6001,40.45227813720703,-80.00715637207031
1629759335,12239020,75,0,6364,40.4710807800293,-79.92488098144531
1629759334,7525020,Y49,0,6121,40.344703674316406,-79.94854736328125
1629759328,4229020,12,0,6003,40.443885803222656,-79.99850463867188
1629759311,14464020,61A,0,6124,40.4137077331543,-79.85335540771484
1629759313,9061020,79,0,6366,40.46234893798828,-79.86521911621094
1629759340,8105020,88,0,6368,40.463157653808594,-79.9295425415039
1629759336,8226020,91,0,6005,40.49422836303711,-79.9310302734375
1629759337,11397020,Y46,0,6126,40.38688278198242,-79.9963607788086
1629759325,8897020,Y47,0,6247,40.431732177734375,-80.00411224365234
1629759303,2781020,93,0,6246,40.48337936401367,-79.94757843017578
1629759339,3580020,58,0,6360,40.4394416809082,-80.0014877319336
1629759331,11918020,59,0,6238,40.3881721496582,-79.8235855102539
1629759335,13746020,61D,0,6117,40.440216064453125,-79.994384765625
1629759324,5353020,51,0,6358,40.428794860839844,-79.98468780517578
1629759331,6746020,51,0,6252,40.34764099121094,-79.9483413696289
1629759333,5911020,Y46,0,6131,40.29228973388672,-79.89576721191406
1629759330,7627020,51,0,6130,40.345909118652344,-79.94961547851562
1629759317,10985020,61C,0,6135,40.4373779296875,-79.97950744628906
1629759310,2223020,14,0,6006,40.44721221923828,-80.02002716064453
1629759335,2205020,56,0,6248,40.34584426879883,-79.8287124633789
1629759319,3166020,54,0,6008,40.410133361816406,-79.99527740478516
1629759333,13953020,61B,0,6129,40.43942642211914,-79.99443054199219
1629759278,8902020,67,0,6142,40.45282745361328,-79.75040435791016
1629759334,8666020,75,0,6262,40.44193649291992,-79.95821380615234
1629759333,4517020,77,0,6265,40.43953323364258,-79.9971923828125
1629759339,2920020,G2,0,6023,40.43531036376953,-80.067626953125
1629759314,4676020,86,0,6264,40.45599365234375,-79.93864440917969
1629759330,11388020,71D,0,6267,40.44001007080078,-79.99462890625
1629759322,7923020,71D,0,6146,40.457122802734375,-79.90840911865234
1629759294,4252020,P12,0,6266,40.442344665527344,-79.78759002685547
1629759312,5423020,26,0,6027,40.44038391113281,-80.0689468383789
1629759310,3306020,67,0,6269,40.44074249267578,-79.95811462402344
1629759329,7177020,74,0,6147,40.448211669921875,-79.91053771972656
1629759328,385020,77,0,6261,40.463130950927734,-79.92979431152344
1629759335,12845020,P68,0,6140,40.43016052246094,-79.78588104248047
1629759337,2795020,71A,0,6260,40.43894958496094,-79.9947280883789
1629759314,5972020,P71,0,6139,40.45345687866211,-79.93916320800781
1629759311,6879020,69,0,6259,40.39255905151367,-79.80863952636719
1629759338,2162020,77,0,6155,40.46516799926758,-79.83143615722656
1629759338,7081020,59,0,6033,40.40761184692383,-79.90966033935547
1629759339,11604020,P78,0,6154,40.540401458740234,-79.8311996459961
1629759326,408020,67,0,6157,40.444190979003906,-79.8637924194336
1629759324,10677020,83,0,6036,40.454166412353516,-79.96016693115234
1629759338,14726020,67,0,6158,40.448482513427734,-79.89922332763672
1629759332,12912020,69,0,6270,40.39786911010742,-79.79228973388672
1629759334,848020,89,0,6272,40.47087097167969,-79.9332046508789
1629759315,12165020,53L,0,6029,40.406646728515625,-79.9151840209961
1629759328,8364020,77,0,6149,40.45144271850586,-79.76148986816406
1629759321,13145020,57,0,6043,40.43878936767578,-79.99974822998047
1629759328,1802020,P3,0,6044,40.41478729248047,-79.8790283203125
1629759324,2049020,86,0,6048,40.45630645751953,-79.97492218017578
1629759333,1675020,69,0,6160,40.44464874267578,-79.88478088378906
1629759331,8537020,61C,0,6041,40.44348907470703,-79.95610809326172
1629759326,-646096111,7,1,1701,40.4922981262207,-79.99761962890625
1629759310,12632020,4,0,1705,40.46725845336914,-79.98310852050781
1629759319,11554020,4,0,1703,40.498050689697266,-80.01952362060547
1629759331,4757020,79,0,6052,40.467430114746094,-79.87340545654297
1629759290,8496020,44,0,1719,40.405067443847656,-79.99072265625
1629759309,10051020,44,0,1718,40.44233703613281,-79.99712371826172
1629759313,7542020,40,0,1717,40.41661071777344,-80.01113891601562
1629759305,564020,44,0,1713,40.39862823486328,-79.9690170288086
1629759330,678020,44,0,1723,40.41972732543945,-80.00310516357422
1629759337,4293020,48,0,1720,40.42393112182617,-79.96935272216797
1629759333,867020,31,0,1729,40.44379425048828,-79.99467468261719
1629759331,5913020,43,0,1728,40.422786712646484,-80.00994110107422
1629759323,-834638953,15,1,5904,40.459842681884766,-80.01708221435547
1629759321,10347020,54,0,5909,40.46210479736328,-79.94991302490234
1629759312,11313020,14,0,5902,40.46644973754883,-80.03446960449219
1629759309,2056020,8,0,5903,40.45616149902344,-80.00289154052734
1629759314,12818020,G2,0,5913,40.40563201904297,-80.09065246582031
1629759336,989020,91,0,5805,40.494571685791016,-79.92179107666016
1629759329,1210020,64,0,5922,40.45009994506836,-79.9298095703125
1629759310,13810020,2,0,5804,40.567359924316406,-80.00672149658203
1629759848,3440020,51,0,5816,40.38713073730469,-79.9834213256836
1629759878,13751020,59,0,5932,40.4146614074707,-79.84870910644531
1629759865,8054020,O12,0,3403,40.44190216064453,-80.00191497802734
1629759847,5057020,64,0,5940,40.410865783691406,-79.90689849853516
1629759887,5098020,1,0,5701,40.49592971801758,-79.85750579833984
1629759889,6367020,P68,0,5823,40.43096160888672,-79.78713989257812
1629759874,-104153251,71D,1,5945,40.441261291503906,-79.95916748046875
1629759870,9713020,71C,0,3417,40.45441818237305,-79.91290283203125
1629759888,7054020,21,0,5713,40.5021858215332,-80.10210418701172
1629759873,6220020,67,0,5715,40.428001403808594,-79.79788970947266
1629759863,9675020,61D,0,3307,40.4434928894043,-79.95610809326172
1629759888,5326020,71B,0,3425,40.447059631347656,-79.94733428955078
1629759866,3930020,P12,0,3424,40.45372772216797,-79.94096374511719
1629759881,7290020,P1,0,3423,40.44345474243164,-79.995849609375
1629759869,10419020,71D,0,3421,40.45246505737305,-79.92253112792969
1629759880,-1563818939,87,1,5722,40.48298645019531,-79.9478988647461
1629759865,3567020,91,0,5605,40.50046920776367,-79.8608627319336
1629759875,11217020,61B,0,3317,40.438053131103516,-79.92304992675781
1629759855,9039020,29,0,5611,40.45240020751953,-80.17244720458984
1629759887,1465020,65,0,5614,40.42918014526367,-79.92127227783203
1629759820,5285020,71C,0,3210,40.44221115112305,-79.9577865600586
1629759885,6447020,71B,0,3208,40.47450256347656,-79.91880798339844
1629759887,7480020,71A,0,3325,40.43645095825195,-79.96880340576172
1629759868,1294020,61A,0,3201,40.41815948486328,-79.8826904296875
1629759880,5639020,P10,0,3322,40.58641052246094,-79.7767105102539
1629759863,8490020,38,0,6610,40.44029998779297,-80.00456237792969
1629759880,2227020,38,0,6609,40.3826789855957,-80.04341125488281
1629759877,10146020,71A,0,3219,40.457847595214844,-79.93411254882812
1629759875,-453772088,P67,1,3218,40.445438385009766,-79.887451171875
1629759871,13452020,P1,0,3338,40.41981887817383,-79.88670349121094
1629759871,11550020,71D,0,3214,40.45000457763672,-79.89180755615234
1629759875,9175020,P1,0,3213,40.45466232299805,-79.97473907470703
1629759873,7355020,48,0,5636,40.4209098815918,-80.00586700439453
1629759846,13922020,16,0,6604,40.476036071777344,-80.03150939941406
1629759886,13800020,51,0,6621,40.34205627441406,-79.96656799316406
1629759871,12569020,59,0,6619,40.38294219970703,-79.8774642944336
1629759885,14135020,28X,0,3226,40.439334869384766,-79.9993667602539
1629759874,3219020,71A,0,3225,40.45478820800781,-79.94231414794922
1629759892,3042020,48,0,6612,40.424537658691406,-79.9697494506836
1629759861,12281020,21,0,6614,40.44165802001953,-80.02159881591797
1629759874,14179020,41,0,6613,40.396610260009766,-80.03115844726562
1629759864,12668020,Y46,0,6630,40.30038833618164,-79.9227066040039
1629759870,11815020,Y1,0,6631,40.382652282714844,-79.99665832519531
1629759889,4447020,28X,0,3240,40.45011901855469,-79.93518829345703
1629759879,6842020,54,0,6509,40.4141960144043,-79.98817443847656
1629759875,6550020,G2,0,3238,40.416805267333984,-80.08202362060547
1629759885,13395020,51,0,5655,40.43266677856445,-80.00358581542969
1629759881,3963020,93,0,6625,40.46778106689453,-79.96097564697266
1629759885,12671020,93,0,6627,40.43510818481445,-79.95634460449219
1629759859,9392020,13,0,6508,40.49901580810547,-80.05066680908203
1629759883,10439020,1,0,6507,40.484371185302734,-79.9610366821289
1629759891,10057020,27,0,6520,40.44209671020508,-80.02276611328125
1629759873,8186020,71B,0,6641,40.440338134765625,-79.99932861328125
1629759866,5816020,71C,0,6640,40.45835876464844,-79.91879272460938
1629759881,4818020,13,0,6401,40.493507385253906,-80.05140686035156
1629759889,2594020,82,0,6643,40.45281219482422,-79.94904327392578
1629759818,12882020,77,0,6642,40.439918518066406,-79.99842071533203
1629759883,1832020,61A,0,3251,40.43769073486328,-79.96497344970703
1629759829,10271020,P7,0,3248,40.43984603881836,-79.87898254394531
1629759847,10545020,6,0,6512,40.4819450378418,-80.0028076171875
1629759866,13666020,P3,0,6633,40.45710754394531,-79.91061401367188
1629759891,5574020,P16,0,5667,40.49797821044922,-79.78964233398438
1629759890,1180020,83,0,6635,40.442317962646484,-79.96646118164062
1629759889,12725020,G31,0,6514,40.362857818603516,-80.11042022705078
1629759872,10791020,P68,0,6638,40.42908477783203,-79.74903869628906
1629759874,2702020,41,0,6519,40.421321868896484,-80.00672912597656
1629759892,3587020,87,0,6650,40.46377944946289,-79.93050384521484
1629759881,14421020,61D,0,6531,40.41667175292969,-79.92578125
1629759892,1701020,P78,0,6651,40.45940399169922,-79.9229736328125
1629759890,10044020,14,0,6412,40.581932067871094,-80.22388458251953
1629759882,8540020,82,0,6654,40.4423942565918,-80.00003814697266
1629759883,10641020,69,0,6653,40.436824798583984,-79.87357330322266
1629759878,6865020,P1,0,3258,40.453125,-79.89949035644531
1629759871,8527020,17,0,6403,40.442020416259766,-80.0015640258789
1629759891,1715020,56,0,6524,40.35226058959961,-79.84320831298828
1629759877,6506020,71D,0,6644,40.44733810424805,-79.88912200927734
1629759887,9604020,56,0,6526,40.428688049316406,-79.95642852783203
1629759880,3882020,75,0,6647,40.492103576660156,-79.9092788696289
1629759884,13947020,82,0,6646,40.457027435302734,-79.93467712402344
1629759863,13234020,Y49,0,6528,40.431400299072266,-80.00251770019531
1629759880,12829020,Y45,0,6527,40.360660552978516,-80.00072479248047
1629759888,2776020,52L,0,6540,40.3658447265625,-79.85811614990234
1629759864,7239020,59,0,6541,40.409976959228516,-79.8967056274414
1629759874,1124020,86,0,6543,40.44965744018555,-79.89156341552734
1629759876,14132020,61D,0,6535,40.41094970703125,-79.91032409667969
1629759872,12449020,14,0,6413,40.591461181640625,-80.2275619506836
1629759866,2809020,61B,0,6534,40.444576263427734,-79.94499969482422
1629759868,11766020,21,0,6415,40.51364517211914,-80.15375518798828
1629759886,7531020,60,0,6538,40.35063171386719,-79.86741638183594
1629759875,11634020,61A,0,6432,40.44192123413086,-79.95646667480469
1629759890,982020,71C,0,6553,40.44203186035156,-79.9581069946289
1629759809,11789020,1,0,6310,40.44578552246094,-79.98950958251953
1629759889,-1261255862,71B,1,6552,40.47502899169922,-79.91856384277344
1629759884,7980020,28X,0,6555,40.44623565673828,-80.1668472290039
1629759891,873020,19L,0,6312,40.51289367675781,-80.09326171875
1629759889,9193020,64,0,6554,40.44566345214844,-79.9210433959961
1629759876,1127020,1,0,6304,40.600460052490234,-79.75704956054688
1629759888,8937020,38,0,6425,40.3762321472168,-80.09780883789062
1629759886,11842020,86,0,6546,40.44468688964844,-79.88417053222656
1629759891,8924020,74,0,6545,40.44393539428711,-79.92003631591797
1629759852,9983020,29,0,6427,40.44606018066406,-79.98905944824219
1629759884,13821020,G3,0,6426,40.420345306396484,-80.09256744384766
1629759890,7086020,12,0,6308,40.56413269042969,-80.0191650390625
1629759885,7446020,59,0,6428,40.35404968261719,-79.91450500488281
1629759885,3839020,71C,0,6549,40.452598571777344,-79.91031646728516
1629759871,12532020,55,0,6443,40.33156967163086,-79.93115234375
1629759874,5939020,31,0,6321,40.39189910888672,-80.08782196044922
1629759882,9802020,Y46,0,6436,40.43196105957031,-80.00353240966797
1629759867,2016020,12,0,6314,40.54550552368164,-80.00968170166016
1629759846,11165020,55,0,6435,40.318363189697266,-79.93388366699219
1629759890,353020,88,0,6556,40.4426155090332,-79.99920654296875
1629759860,3258020,64,0,6438,40.46680450439453,-79.96277618408203
1629759890,11368020,26,0,6318,40.45021057128906,-80.06880187988281
1629759887,6063020,24,0,6331,40.46706008911133,-80.06685638427734
1629759635,4031020,58,0,6452,40.4429931640625,-79.94293975830078
1629759892,762020,2,0,6212,40.52955627441406,-79.96569061279297
1629759859,13693020,53L,0,6333,40.41993713378906,-79.92732238769531
1629759878,-1736144580,31,1,6332,40.393558502197266,-80.08749389648438
1629759854,13944020,28X,0,6455,40.41498947143555,-80.08326721191406
1629759885,9894020,91,0,6213,40.46171951293945,-79.96855926513672
1629759881,5501020,20,0,6325,40.462730407714844,-80.05191040039062
1629759891,6776020,54,0,6204,40.454734802246094,-79.94773864746094
1629759878,9723020,79,0,6449,40.4497184753418,-79.89156341552734
1629759880,14624020,13,0,6206,40.44205093383789,-80.00130462646484
1629759873,14498020,29,0,6327,40.45103073120117,-80.18682098388672
1629759883,12209020,12,0,6209,40.58644104003906,-80.02935028076172
1629759878,8068020,16,0,6208,40.50368118286133,-80.07437133789062
1629759892,170020,28X,0,6461,40.49637222290039,-80.25888061523438
1629759889,9932020,64,0,6340,40.411136627197266,-79.90630340576172
1629759882,13994020,20,0,6221,40.501834869384766,-80.11883544921875
1629759857,11184020,P3,0,6341,40.45038986206055,-79.94877624511719
1629759889,1698020,51,0,6343,40.43083572387695,-80.00122833251953
1629759866,10267020,61A,0,6346,40.42296600341797,-79.8863525390625
1629759877,1774020,91,0,6104,40.49650955200195,-79.8901596069336
1629759883,10592020,G2,0,6225,40.44329833984375,-80.02574920654297
1629759866,9773020,22,0,6224,40.4403076171875,-80.00444030761719
1629759872,1809020,6,0,6103,40.44361877441406,-79.99549865722656
1629759889,8436020,2,0,6216,40.527400970458984,-80.00857543945312
1629759869,9750020,88,0,6457,40.46477127075195,-79.93451690673828
1629759890,6763020,91,0,6215,40.49543762207031,-79.93789672851562
1629759872,2350020,71C,0,6459,40.44068145751953,-79.99571228027344
1629759886,9352020,36,0,6230,40.38096237182617,-80.05258178710938
1629759878,2299020,39,0,6231,40.39223098754883,-80.01187133789062
1629759883,9121020,81,0,6236,40.44588851928711,-79.95275115966797
1629759885,317020,93,0,6357,40.4197883605957,-79.93310546875
1629759855,10456020,P76,0,6114,40.337467193603516,-79.80865478515625
1629759889,3673020,1,0,6106,40.541481018066406,-79.777587890625
1629759876,7786020,54,0,6105,40.4275016784668,-79.98067474365234
1629759863,8067020,51,0,6241,40.38059616088867,-79.97624206542969
1629759887,6335020,75,0,6362,40.42434310913086,-79.9622573852539
1629759892,3093020,Y47,0,6240,40.34349822998047,-79.94302368164062
1629759869,1590020,53L,0,6122,40.410430908203125,-79.91146850585938
1629759889,10382020,54,0,6001,40.453948974609375,-79.99359130859375
1629759871,12239020,75,0,6364,40.48811721801758,-79.91242218017578
1629759886,4229020,12,0,6003,40.454078674316406,-80.00193786621094
1629759872,14464020,61A,0,6124,40.4137077331543,-79.85335540771484
1629759888,9061020,79,0,6366,40.44753646850586,-79.8693618774414
1629759890,12379020,59,0,6244,40.40512466430664,-79.8266372680664
1629759879,8105020,88,0,6368,40.463157653808594,-79.9295425415039
1629759889,8226020,91,0,6005,40.47687530517578,-79.95706176757812
1629759880,11397020,Y46,0,6126,40.36332702636719,-79.98381805419922
1629759886,8897020,Y47,0,6247,40.441410064697266,-79.99992370605469
1629759885,2781020,93,0,6246,40.48164367675781,-79.953369140625
1629759892,3580020,58,0,6360,40.429996490478516,-79.95777893066406
1629759871,1115020,55,0,6238,40.387847900390625,-79.8231201171875
1629759861,13746020,61D,0,6117,40.44198989868164,-80.00155639648438
1629759885,5353020,51,0,6358,40.41117477416992,-79.98999786376953
1629759882,13021020,83,0,6239,40.42891311645508,-79.97759246826172
1629759870,6746020,51,0,6252,40.367679595947266,-79.978271484375
1629759886,5911020,Y46,0,6131,40.282798767089844,-79.88067626953125
1629759867,10985020,61C,0,6135,40.444488525390625,-79.94737243652344
1629759863,2223020,14,0,6006,40.44721221923828,-80.02002716064453
1629759888,2205020,56,0,6248,40.34584426879883,-79.8287124633789
1629759852,7069020,61B,0,6129,40.4394416809082,-79.99678039550781
1629759862,8902020,67,0,6142,40.45282745361328,-79.75040435791016
1629759884,8666020,75,0,6262,40.45358657836914,-79.93490600585938
1629759878,2920020,G2,0,6023,40.440643310546875,-80.00731658935547
1629759849,6894020,74,0,6143,40.46160125732422,-79.9271011352539
1629759883,4676020,86,0,6264,40.46286392211914,-79.95709228515625
1629759854,11388020,71D,0,6267,40.44013214111328,-79.96060180664062
1629759878,7923020,71D,0,6146,40.45051193237305,-79.93544006347656
1629759891,4252020,P12,0,6266,40.43241882324219,-79.71625518798828
1629759879,5423020,26,0,6027,40.44038391113281,-80.0689468383789
1629759877,3306020,67,0,6269,40.4440803527832,-79.92787170410156
1629759876,7177020,74,0,6147,40.46131134033203,-79.89476013183594
1629759884,385020,77,0,6261,40.45958709716797,-79.91130065917969
1629759882,12845020,P68,0,6140,40.432029724121094,-79.78935241699219
1629759856,2795020,71A,0,6260,40.44113540649414,-79.95919036865234
1629759891,5972020,P71,0,6139,40.440521240234375,-79.89452362060547
1629759868,6879020,69,0,6259,40.3916130065918,-79.76617431640625
1629759888,2162020,77,0,6155,40.484867095947266,-79.80044555664062
1629759890,7081020,59,0,6033,40.395755767822266,-79.88226318359375
1629759867,11604020,P78,0,6154,40.538490295410156,-79.8314437866211
1629759891,10677020,83,0,6036,40.44407653808594,-79.98067474365234
1629759868,14726020,67,0,6158,40.44547653198242,-79.93083190917969
1629759884,12912020,69,0,6270,40.401371002197266,-79.81855010986328
1629759890,848020,89,0,6272,40.460243225097656,-79.92141723632812
1629759883,12165020,53L,0,6029,40.39908981323242,-79.90422821044922
1629759876,8364020,77,0,6149,40.4814567565918,-79.8046646118164
1629759846,13145020,57,0,6043,40.43121337890625,-79.95930480957031
1629759877,1802020,P3,0,6044,40.41471481323242,-79.87875366210938
1629759890,2049020,86,0,6048,40.45912551879883,-79.9443130493164
1629759848,8537020,61C,0,6041,40.43844223022461,-79.9825210571289
1629759880,-646096111,7,1,1701,40.49263381958008,-80.02165985107422
1629759891,12632020,4,0,1705,40.50068283081055,-80.02268981933594
1629759885,11554020,4,0,1703,40.473670959472656,-79.98467254638672
1629759891,4757020,79,0,6052,40.46689987182617,-79.87257385253906
1629759862,424020,P68,0,6051,40.45524597167969,-79.97392272949219
1629759877,8496020,44,0,1719,40.395660400390625,-79.96833801269531
1629759872,10051020,44,0,1718,40.418975830078125,-80.0106201171875
1629759882,7542020,40,0,1717,40.434085845947266,-80.01609802246094
1629759885,564020,44,0,1713,40.41252136230469,-79.97716522216797
1629759882,678020,44,0,1723,40.43246078491211,-80.00370025634766
1629759878,4293020,48,0,1720,40.42857360839844,-79.97764587402344
1629759879,6177020,31,0,1729,40.4445915222168,-79.99110412597656
1629759866,5913020,43,0,1728,40.42103958129883,-80.00550079345703
1629759867,-834638953,15,1,5904,40.44792938232422,-80.00205993652344
1629759879,10347020,54,0,5909,40.45659637451172,-79.96878051757812
1629759880,11313020,14,0,5902,40.510250091552734,-80.09436798095703
1629759865,8556020,8,0,5903,40.443241119384766,-80.00025939941406
1629759881,356020,G2,0,5913,40.40553283691406,-80.09058380126953
1629759882,989020,91,0,5805,40.48751449584961,-79.88008117675781
1629759877,1210020,64,0,5922,40.43546676635742,-79.9228515625
1629759889,13810020,2,0,5804,40.54579162597656,-80.01681518554688
1629760527,9352020,36,0,6230,40.34860610961914,-80.05231475830078
1629760523,10942020,57,0,6111,40.41141891479492,-79.90850830078125
1629760530,2299020,39,0,6231,40.40174102783203,-80.0165786743164
1629760495,9121020,81,0,6236,40.44059371948242,-79.96998596191406
1629760532,3440020,51,0,5816,40.42072296142578,-79.98600769042969
1629760527,3673020,1,0,6106,40.540199279785156,-79.8248291015625
1629760525,7786020,54,0,6105,40.41917419433594,-79.997314453125
1629760511,13751020,59,0,5932,40.3931884765625,-79.81903839111328
1629760508,8067020,51,0,6241,40.38059616088867,-79.97624206542969
1629760523,6335020,75,0,6362,40.428279876708984,-79.97272491455078
1629760528,3093020,Y47,0,6240,40.34257888793945,-79.9646987915039
1629760518,1590020,53L,0,6122,40.42546463012695,-79.92666625976562
1629760483,10382020,54,0,6001,40.46531295776367,-79.9570541381836
1629760524,11094020,59,0,6243,40.34349060058594,-79.9430160522461
1629760509,12239020,75,0,6364,40.49010467529297,-79.86993408203125
1629760527,4229020,12,0,6003,40.50499725341797,-80.00892639160156
1629760496,7263020,61B,0,6124,40.41508865356445,-79.85444641113281
1629760499,12379020,59,0,6244,40.41537094116211,-79.84801483154297
1629760527,8226020,91,0,6005,40.45457077026367,-79.97798156738281
1629760521,11397020,Y46,0,6126,40.335533142089844,-79.94637298583984
1629760517,5826020,Y47,0,6247,40.420989990234375,-80.00725555419922
1629760527,2781020,93,0,6246,40.4627685546875,-79.95368957519531
1629760514,3580020,58,0,6360,40.42608642578125,-79.93978881835938
1629760511,8054020,O12,0,3403,40.483978271484375,-80.00801849365234
1629760523,1115020,55,0,6238,40.35894012451172,-79.8342056274414
1629760522,4827020,61D,0,6117,40.436946868896484,-79.96333312988281
1629760496,5057020,64,0,5940,40.4108772277832,-79.90692901611328
1629760527,5353020,51,0,6358,40.38490295410156,-79.97816467285156
1629760529,5098020,1,0,5701,40.54108810424805,-79.79680633544922
1629760526,13021020,83,0,6239,40.4431266784668,-79.95372009277344
1629760532,6367020,P68,0,5823,40.40510177612305,-79.82572174072266
1629760528,-104153251,71D,1,5945,40.44157028198242,-79.9990463256836
1629760529,6746020,51,0,6252,40.403343200683594,-79.9898910522461
1629760516,5911020,Y46,0,6131,40.27307891845703,-79.88565063476562
1629760515,10985020,61C,0,6135,40.428245544433594,-79.9248046875
1629760526,3644020,71A,0,6258,40.47422409057617,-79.92507934570312
1629760505,1308020,39,0,6015,40.438140869140625,-79.99998474121094
1629760528,9713020,71C,0,3417,40.4587287902832,-79.93357849121094
1629760508,2223020,14,0,6006,40.44721221923828,-80.02002716064453
1629760521,2205020,56,0,6248,40.34584426879883,-79.8287124633789
1629760519,7069020,61B,0,6129,40.441925048828125,-79.95646667480469
1629760533,7054020,21,0,5713,40.52001953125,-80.16800689697266
1629760512,6220020,67,0,5715,40.43674087524414,-79.75923919677734
1629760507,8902020,67,0,6142,40.45282745361328,-79.75040435791016
1629760529,8666020,75,0,6262,40.47151565551758,-79.92615509033203
1629760508,12203020,G2,0,6023,40.44245910644531,-79.99578857421875
1629760493,6894020,74,0,6143,40.45886993408203,-79.91633605957031
1629760529,9311020,86,0,6264,40.441131591796875,-80.00038146972656
1629760484,11388020,71D,0,6267,40.45127487182617,-79.94108581542969
1629760504,7923020,71D,0,6146,40.44493865966797,-79.9540786743164
1629760524,9845020,26,0,6027,40.44364929199219,-80.06641387939453
1629760519,3306020,67,0,6269,40.443641662597656,-79.88663482666016
1629760522,7177020,74,0,6147,40.4784049987793,-79.90000915527344
1629760512,385020,77,0,6261,40.460811614990234,-79.8676986694336
1629760492,12845020,P68,0,6140,40.428646087646484,-79.75
1629760526,2795020,71A,0,6260,40.45225143432617,-79.95085144042969
1629760530,9675020,61D,0,3307,40.440406799316406,-79.99481201171875
1629760520,5326020,71B,0,3425,40.44974136352539,-79.92977142333984
1629760457,3930020,P12,0,3424,40.43977355957031,-79.87876892089844
1629760523,7290020,P1,0,3423,40.45452880859375,-79.94305419921875
1629760524,10419020,71D,0,3421,40.446754455566406,-79.88351440429688
1629760526,5972020,P71,0,6139,40.42301940917969,-79.89917755126953
1629760512,5012020,69,0,6259,40.39271926879883,-79.75904083251953
1629760516,-870385403,87,1,5722,40.48350143432617,-79.92841339111328
1629760511,3567020,91,0,5605,40.50046920776367,-79.86087036132812
1629760522,2162020,77,0,6155,40.4515495300293,-79.76148223876953
1629760527,7081020,59,0,6033,40.38439178466797,-79.86730194091797
1629760523,11604020,P78,0,6154,40.503170013427734,-79.839111328125
1629760502,10677020,83,0,6036,40.44157409667969,-80.0025634765625
1629760523,14726020,67,0,6158,40.43690490722656,-79.96592712402344
1629760514,12912020,69,0,6270,40.436832427978516,-79.87328338623047
1629760514,848020,89,0,6272,40.46075439453125,-79.92768096923828
1629760516,11217020,61B,0,3317,40.444740295410156,-79.95435333251953
1629760515,12165020,53L,0,6029,40.36833953857422,-79.91030883789062
1629760529,9039020,29,0,5611,40.4500846862793,-80.1157455444336
1629760511,8364020,77,0,6149,40.46624755859375,-79.82611846923828
1629760531,13145020,57,0,6043,40.407405853271484,-79.92882537841797
1629760458,9689020,P3,0,6044,40.414756774902344,-79.87882995605469
1629760526,2049020,86,0,6048,40.460609436035156,-79.92253875732422
1629760521,5285020,71C,0,3210,40.452369689941406,-79.95045471191406
1629760528,8537020,61C,0,6041,40.44154739379883,-80.00251007080078
1629760518,6447020,71B,0,3208,40.47951126098633,-79.92178344726562
1629760519,7480020,71A,0,3325,40.44227981567383,-79.99984741210938
1629760529,1294020,61A,0,3201,40.441646575927734,-79.88428497314453
1629760529,5639020,P10,0,3322,40.611141204833984,-79.74057006835938
1629760516,13284020,1,0,1707,40.44563293457031,-79.98967742919922
1629760509,12632020,4,0,1705,40.500640869140625,-80.02235412597656
1629760518,11554020,4,0,1703,40.4544792175293,-79.99549102783203
1629760522,8490020,38,0,6610,40.434661865234375,-80.03517150878906
1629760531,9089020,82,0,6052,40.463497161865234,-79.90347290039062
1629760523,424020,P68,0,6051,40.4466552734375,-79.88864135742188
1629760528,2227020,38,0,6609,40.394718170166016,-80.06616973876953
1629760507,10146020,71A,0,3219,40.47889709472656,-79.91912841796875
1629760519,-453772088,P67,1,3218,40.44542694091797,-79.887451171875
1629760523,6847020,11,0,1710,40.443389892578125,-79.99626159667969
1629760523,13452020,P1,0,3338,40.415130615234375,-79.87950897216797
1629760529,11550020,71D,0,3214,40.44895553588867,-79.88406372070312
1629760525,9175020,P1,0,3213,40.43669128417969,-79.8856430053711
1629760523,4034020,44,0,1719,40.38607406616211,-79.93804931640625
1629760524,10051020,44,0,1718,40.414398193359375,-79.98829650878906
1629760512,9544020,40,0,1717,40.4315299987793,-80.0126724243164
1629760524,3347020,17,0,6605,40.499141693115234,-80.020751953125
1629760532,7355020,48,0,5636,40.42177963256836,-79.99491119384766
1629760527,13922020,16,0,6604,40.49983596801758,-80.06503295898438
1629760515,564020,44,0,1713,40.41667938232422,-79.99955749511719
1629760523,13800020,51,0,6621,40.344451904296875,-79.94010925292969
1629760528,12569020,59,0,6619,40.40887451171875,-79.9062271118164
1629760514,4293020,48,0,1720,40.438072204589844,-80.00215911865234
1629760520,14135020,28X,0,3226,40.44281005859375,-79.95494079589844
1629760526,3219020,71A,0,3225,40.44099807739258,-79.95954895019531
1629760533,3042020,48,0,6612,40.42100143432617,-80.00001525878906
1629760521,2841020,36,0,6611,40.345191955566406,-80.04832458496094
1629760521,13683020,21,0,6614,40.44032669067383,-80.0181655883789
1629760510,6177020,31,0,1729,40.443145751953125,-80.0255355834961
1629760525,14179020,41,0,6613,40.38016891479492,-80.06248474121094
1629760515,1207020,43,0,1728,40.42113494873047,-80.00611114501953
1629760515,10765020,44,0,1724,40.44611740112305,-79.9887466430664
1629760514,12668020,Y46,0,6630,40.33863830566406,-79.95406341552734
1629760504,11815020,Y1,0,6631,40.33694076538086,-79.94970703125
1629760483,4447020,28X,0,3240,40.444793701171875,-79.95427703857422
1629760520,6842020,54,0,6509,40.42842483520508,-79.97454833984375
1629760506,6550020,G2,0,3238,40.40553665161133,-80.09071350097656
1629760523,13395020,51,0,5655,40.42707061767578,-79.98072052001953
1629760527,3963020,93,0,6625,40.482940673828125,-79.94789123535156
1629760502,12671020,93,0,6627,40.443939208984375,-79.9554214477539
1629760521,9392020,13,0,6508,40.517398834228516,-80.03211975097656
1629760506,10439020,1,0,6507,40.48832702636719,-79.89359283447266
1629760532,1969020,27,0,6520,40.439884185791016,-80.017333984375
1629760526,8186020,71B,0,6641,40.438758850097656,-79.9625015258789
1629760522,4818020,13,0,6401,40.46576690673828,-80.03416442871094
1629760530,2594020,82,0,6643,40.44111251831055,-79.98579406738281
1629760500,9477020,77,0,6642,40.45464324951172,-79.96931457519531
1629760525,1832020,61A,0,3251,40.44193649291992,-80.00177764892578
1629760531,10271020,P7,0,3248,40.40334701538086,-79.88241577148438
1629760511,10545020,6,0,6512,40.47118377685547,-80.00071716308594
1629760511,5574020,P16,0,5667,40.52880859375,-79.84992980957031
1629760527,1180020,83,0,6635,40.43031311035156,-79.97637939453125
1629760512,8482020,P68,0,6638,40.42911911010742,-79.7490463256836
1629760514,2702020,41,0,6519,40.44140625,-79.99993133544922
1629760532,3587020,87,0,6650,40.477508544921875,-79.95442962646484
1629760529,14421020,61D,0,6531,40.41127014160156,-79.90580749511719
1629760529,1701020,P78,0,6651,40.44532012939453,-79.87379455566406
1629760529,8540020,82,0,6654,40.444271087646484,-79.97904968261719
1629760523,10641020,69,0,6653,40.400203704833984,-79.81639099121094
1629760521,6865020,P1,0,3258,40.443763732910156,-79.99370574951172
1629760509,8527020,17,0,6403,40.45444869995117,-80.01194763183594
1629760532,6506020,71D,0,6644,40.456668853759766,-79.9126205444336
1629760530,9604020,56,0,6526,40.43933868408203,-80.00434112548828
1629760483,3882020,75,0,6647,40.470375061035156,-79.92300415039062
1629760533,13947020,82,0,6646,40.46092224121094,-79.91024017333984
1629760520,13345020,13,0,6407,40.517539978027344,-80.03752899169922
1629760520,3195020,Y49,0,6528,40.4398193359375,-79.99884796142578
1629760531,12829020,Y45,0,6527,40.33292770385742,-79.98899841308594
1629760526,7239020,59,0,6541,40.419986724853516,-79.88897705078125
1629760525,1124020,86,0,6543,40.45827865600586,-79.90274047851562
1629760522,14132020,61D,0,6535,40.40904235839844,-79.91622161865234
1629760527,11736020,14,0,6413,40.58591842651367,-80.22686767578125
1629760510,2809020,61B,0,6534,40.43808364868164,-79.905517578125
1629760511,11766020,21,0,6415,40.50276184082031,-80.101806640625
1629760528,7531020,60,0,6538,40.35209655761719,-79.85969543457031
1629760495,11634020,61A,0,6432,40.43802261352539,-79.92205810546875
1629760524,982020,71C,0,6553,40.440670013427734,-79.99566650390625
1629760515,11789020,1,0,6310,40.44578552246094,-79.98950958251953
1629760528,-1261255862,71B,1,6552,40.45015335083008,-79.9352035522461
1629760530,7980020,28X,0,6555,40.45225524902344,-80.0572280883789
1629760526,9193020,64,0,6554,40.456092834472656,-79.93794250488281
1629760527,1127020,1,0,6304,40.60042953491211,-79.75709533691406
1629760521,8937020,38,0,6425,40.36687469482422,-80.11185455322266
1629760505,4862020,74,0,6545,40.4266471862793,-79.91909790039062
1629760532,9983020,29,0,6427,40.443180084228516,-79.9970932006836
1629760530,13821020,G3,0,6426,40.50407409667969,-80.22628021240234
1629760519,7086020,12,0,6308,40.5492057800293,-80.01551055908203
1629760527,7446020,59,0,6428,40.33994674682617,-79.95353698730469
1629760518,12532020,55,0,6443,40.33949279785156,-79.9527587890625
1629760526,5939020,31,0,6321,40.36519241333008,-80.10501098632812
1629760526,-834638953,15,1,5904,40.463565826416016,-79.99949645996094
1629760525,10347020,54,0,5909,40.45343017578125,-80.00096130371094
1629760523,8815020,54,0,6315,40.421451568603516,-80.00460815429688
1629760532,3020020,Y46,0,6436,40.43742370605469,-80.00042724609375
1629760522,2016020,12,0,6314,40.50528335571289,-80.00872802734375
1629760528,11165020,55,0,6435,40.292598724365234,-79.87747192382812
1629760520,353020,88,0,6556,40.4605827331543,-79.9697494506836
1629760498,3352020,64,0,6438,40.465599060058594,-79.9554672241211
1629760508,11368020,26,0,6318,40.44129180908203,-80.0687026977539
1629760513,11313020,14,0,5902,40.53910827636719,-80.17925262451172
1629760532,8556020,8,0,5903,40.46246337890625,-80.01334381103516
1629760510,6063020,24,0,6331,40.443084716796875,-80.0257339477539
1629760514,762020,2,0,6212,40.49391174316406,-79.94860076904297
1629760526,13693020,53L,0,6333,40.41244888305664,-79.91031646728516
1629760531,-1736144580,31,1,6332,40.42914581298828,-80.05349731445312
1629760525,13944020,28X,0,6455,40.45100021362305,-80.16901397705078
1629760520,9894020,91,0,6213,40.475379943847656,-79.9576644897461
1629760518,5501020,20,0,6325,40.44232177734375,-80.00411224365234
1629760528,6776020,54,0,6204,40.44181823730469,-79.95845031738281
1629760525,9723020,79,0,6449,40.444923400878906,-79.87427520751953
1629760516,14624020,13,0,6206,40.45444869995117,-80.01194763183594
1629760508,7310020,12,0,6209,40.586666107177734,-80.03021240234375
1629760517,8068020,16,0,6208,40.498069763183594,-80.06066131591797
1629760488,356020,G2,0,5913,40.44834518432617,-80.06340789794922
1629760522,170020,28X,0,6461,40.4963493347168,-80.25575256347656
1629760531,9932020,64,0,6340,40.40691375732422,-79.9194564819336
1629760528,11093020,P3,0,6341,40.44122314453125,-79.95909118652344
1629760513,3777020,51,0,6343,40.43989562988281,-79.9988021850586
1629760528,10267020,61A,0,6346,40.400543212890625,-79.86483764648438
1629760532,1774020,91,0,6104,40.488037109375,-79.8981704711914
1629760524,10592020,G2,0,6225,40.42600631713867,-80.07299041748047
1629760513,6876020,22,0,6224,40.46503829956055,-80.05362701416016
1629760530,1809020,6,0,6103,40.45389175415039,-79.99810028076172
1629760503,8436020,2,0,6216,40.527400970458984,-80.00857543945312
1629760528,9750020,88,0,6457,40.466041564941406,-79.95294189453125
1629760533,6763020,91,0,6215,40.48701095581055,-79.8866195678711
1629760529,6576020,71C,0,6459,40.43770217895508,-79.9858169555664
1629760511,1210020,64,0,5922,40.40675735473633,-79.91505432128906
1629761195,10942020,57,0,6111,40.40676498413086,-79.92747497558594
1629761198,2299020,39,0,6231,40.43635940551758,-80.00113677978516
1629761200,9121020,81,0,6236,40.441226959228516,-79.98978424072266
1629761203,-1479933787,61D,1,6235,40.44426345825195,-79.9493408203125
1629761187,3440020,51,0,5816,40.435604095458984,-80.00164031982422
1629761192,3673020,1,0,6106,40.49150848388672,-79.86580657958984
1629761199,8419020,51,0,6241,40.38447189331055,-79.97786712646484
1629761200,6335020,75,0,6362,40.44476318359375,-79.95431518554688
1629761200,3093020,Y47,0,6240,40.37089157104492,-79.9946060180664
1629761195,3791020,53L,0,6122,40.438785552978516,-79.99974822998047
1629761178,10382020,54,0,6001,40.451419830322266,-79.95173645019531
1629761193,11094020,59,0,6243,40.34978485107422,-79.87478637695312
1629761194,6831020,75,0,6364,40.49010467529297,-79.86993408203125
1629761184,4229020,12,0,6003,40.5467414855957,-80.00691223144531
1629761202,7263020,61B,0,6124,40.420310974121094,-79.88941192626953
1629761169,12379020,59,0,6244,40.40824890136719,-79.86717224121094
1629761200,11397020,Y46,0,6126,40.29464340209961,-79.90611267089844
1629761199,5826020,Y47,0,6247,40.37369155883789,-79.99463653564453
1629761195,2781020,93,0,6246,40.44218826293945,-79.9579086303711
1629761180,3580020,58,0,6360,40.441917419433594,-79.95647430419922
1629761186,8054020,O12,0,3403,40.55118942260742,-80.01956176757812
1629761190,1115020,55,0,6238,40.34674835205078,-79.8701400756836
1629761196,4827020,61D,0,6117,40.440460205078125,-79.9355697631836
1629761197,5057020,64,0,5940,40.41088104248047,-79.90692901611328
1629761199,5353020,51,0,6358,40.341590881347656,-79.96581268310547
1629761198,5098020,1,0,5701,40.58246994018555,-79.77835845947266
1629761186,13021020,83,0,6239,40.44285202026367,-79.96570587158203
1629761172,6367020,P68,0,5823,40.40946960449219,-79.850341796875
1629761146,-104153251,71D,1,5945,40.43809509277344,-79.99346160888672
1629761203,6746020,51,0,6252,40.428802490234375,-79.98409271240234
1629761192,5911020,Y46,0,6131,40.27307891845703,-79.88565063476562
1629761198,10198020,Y49,0,6133,40.33195877075195,-79.92939758300781
1629761199,10985020,61C,0,6135,40.40921401977539,-79.8994140625
1629761193,3644020,71A,0,6258,40.451900482177734,-79.95198822021484
1629761188,1308020,39,0,6015,40.39386749267578,-80.0201416015625
1629761191,9713020,71C,0,3417,40.450408935546875,-79.95111083984375
1629761201,9321020,14,0,6006,40.45109939575195,-80.02738189697266
1629761184,1565020,55,0,6127,40.34834671020508,-79.94401550292969
1629761189,11856020,56,0,6248,40.353553771972656,-79.83712005615234
1629761178,7069020,61B,0,6129,40.43801498413086,-79.920166015625
1629761186,7054020,21,0,5713,40.503780364990234,-80.226806640625
1629761179,6220020,67,0,5715,40.45238494873047,-79.75157165527344
1629761188,2332020,67,0,6142,40.44092559814453,-79.76056671142578
1629761175,12203020,G2,0,6023,40.443153381347656,-80.02542877197266
1629761182,6894020,74,0,6143,40.47829055786133,-79.89910888671875
1629761192,9311020,86,0,6264,40.45532989501953,-79.9763412475586
1629761199,11388020,71D,0,6267,40.45479202270508,-79.89824676513672
1629761197,7923020,71D,0,6146,40.438777923583984,-79.99020385742188
1629761198,9845020,26,0,6027,40.45427703857422,-80.05818939208984
1629761177,3306020,67,0,6269,40.44607925415039,-79.85002899169922
1629761186,7177020,74,0,6147,40.46354675292969,-79.917236328125
1629761179,385020,77,0,6261,40.46794891357422,-79.82504272460938
1629761199,12845020,P68,0,6140,40.429115295410156,-79.74922180175781
1629761198,2795020,71A,0,6260,40.458213806152344,-79.93389129638672
1629761201,898020,61D,0,3307,40.43877029418945,-79.9947509765625
1629761191,5326020,71B,0,3425,40.478729248046875,-79.91798400878906
1629761202,3930020,P12,0,3424,40.44309997558594,-79.75968933105469
1629761185,7290020,P1,0,3423,40.426151275634766,-79.88560485839844
1629761194,10419020,71D,0,3421,40.44975662231445,-79.89163208007812
1629761192,5012020,69,0,6259,40.393253326416016,-79.80892181396484
1629761196,-870385403,87,1,5722,40.46329879760742,-79.95172882080078
1629761161,2863020,91,0,5605,40.50046920776367,-79.8608627319336
1629761197,4437020,28X,0,6274,40.449832916259766,-79.92962646484375
1629761199,2162020,77,0,6155,40.44081497192383,-79.83097839355469
1629761198,7081020,59,0,6033,40.37356185913086,-79.84721374511719
1629761201,11604020,P78,0,6154,40.45662307739258,-79.85751342773438
1629761188,1220020,83,0,6036,40.443077087402344,-79.98116302490234
1629761192,14726020,67,0,6158,40.44154357910156,-80.00334167480469
1629761178,848020,89,0,6272,40.46075439453125,-79.92768096923828
1629761149,11217020,61B,0,3317,40.438690185546875,-79.98827362060547
1629761186,12165020,53L,0,6029,40.34328842163086,-79.94215393066406
1629761189,9039020,29,0,5611,40.44240188598633,-80.06017303466797
1629761194,8364020,77,0,6149,40.45709991455078,-79.87769317626953
1629761173,13145020,57,0,6043,40.41053009033203,-79.9112548828125
1629761200,9689020,P3,0,6044,40.45808029174805,-79.9287338256836
1629761198,2049020,86,0,6048,40.454185485839844,-79.88570404052734
1629761201,5285020,71C,0,3210,40.458396911621094,-79.93377685546875
1629761192,58020,71C,0,3331,40.448951721191406,-79.90062713623047
1629761202,3390020,61C,0,6041,40.437259674072266,-79.97673034667969
1629761199,12828020,71B,0,3208,40.46246337890625,-79.92430114746094
1629761182,8634020,71A,0,3325,40.43770217895508,-79.98583984375
1629761200,1294020,61A,0,3201,40.43803024291992,-79.91546630859375
1629761155,5639020,P10,0,3322,40.661739349365234,-79.70704650878906
1629761202,13284020,1,0,1707,40.45391082763672,-79.99789428710938
1629761185,12632020,4,0,1705,40.500640869140625,-80.02235412597656
1629761194,11321020,4,0,1703,40.44894790649414,-80.00098419189453
1629761175,8490020,38,0,6610,40.394264221191406,-80.06615447998047
1629761181,5311020,88,0,3220,40.456809997558594,-79.91352081298828
1629761202,424020,P68,0,6051,40.42565155029297,-79.86956024169922
1629761192,2227020,38,0,6609,40.43684005737305,-80.03457641601562
1629761183,10146020,71A,0,3219,40.47892761230469,-79.91909790039062
1629761195,-453772088,P67,1,3218,40.445438385009766,-79.88746643066406
1629761200,6847020,11,0,1710,40.455989837646484,-80.00408172607422
1629761184,4302020,P1,0,3338,40.442569732666016,-79.88683319091797
1629761165,11550020,71D,0,3214,40.44989013671875,-79.92943572998047
1629761185,9175020,P1,0,3213,40.41471481323242,-79.87877655029297
1629761178,4034020,44,0,1719,40.39523696899414,-79.96867370605469
1629761199,10051020,44,0,1718,40.403961181640625,-79.99019622802734
1629761193,9544020,40,0,1717,40.4221305847168,-80.0062484741211
1629761187,3347020,17,0,6605,40.47773361206055,-80.03363800048828
1629761176,7355020,48,0,5636,40.42573928833008,-79.96920013427734
1629761171,13922020,16,0,6604,40.503868103027344,-80.07485961914062
1629761202,564020,44,0,1713,40.43635940551758,-80.00113677978516
1629761191,12569020,59,0,6619,40.411563873291016,-79.91270446777344
1629761203,3059020,48,0,1720,40.428741455078125,-79.99504852294922
1629761178,3219020,71A,0,3225,40.44187927246094,-80.00199127197266
1629761179,3042020,48,0,6612,40.42106628417969,-80.00550079345703
1629761153,2841020,36,0,6611,40.379974365234375,-80.05290985107422
1629761196,13683020,21,0,6614,40.465213775634766,-80.06025695800781
1629761202,6177020,31,0,1729,40.4263801574707,-80.0612564086914
1629761195,14179020,41,0,6613,40.35840606689453,-80.1061782836914
1629761198,1207020,43,0,1728,40.423683166503906,-79.9974594116211
1629761201,10765020,44,0,1724,40.427330017089844,-80.00514221191406
1629761201,12668020,Y46,0,6630,40.382225036621094,-79.99524688720703
1629761167,4447020,28X,0,3240,40.442378997802734,-79.99557495117188
1629761183,6842020,54,0,6509,40.44485855102539,-79.95418548583984
1629761182,6550020,G2,0,3238,40.40554428100586,-80.09068298339844
1629761196,13395020,51,0,5655,40.40032958984375,-79.98918914794922
1629761194,6551020,93,0,6625,40.482994079589844,-79.94793701171875
1629761200,12671020,93,0,6627,40.465511322021484,-79.9557876586914
1629761189,10439020,1,0,6507,40.53054428100586,-79.8492660522461
1629761194,1969020,27,0,6520,40.443511962890625,-80.05396270751953
1629761199,8186020,71B,0,6641,40.447265625,-79.94462585449219
1629761187,4818020,13,0,6401,40.449378967285156,-80.00251007080078
1629761201,2726020,82,0,6643,40.442073822021484,-79.99470520019531
1629761181,9477020,77,0,6642,40.460628509521484,-79.92259979248047
1629761201,7779020,61A,0,3251,40.4376106262207,-79.9838638305664
1629761179,10271020,P7,0,3248,40.379608154296875,-79.85401153564453
1629761197,10545020,6,0,6512,40.44792938232422,-80.00205993652344
1629761203,8482020,P68,0,6638,40.43381118774414,-79.76361846923828
1629761200,11831020,41,0,6519,40.41067886352539,-80.01506042480469
1629761191,14181020,31,0,6518,40.36222839355469,-80.11061096191406
1629761197,1701020,P78,0,6651,40.474945068359375,-79.84854125976562
1629761193,8540020,82,0,6654,40.4533805847168,-79.94703674316406
1629761174,10641020,69,0,6653,40.394798278808594,-79.80206298828125
1629761193,13333020,P1,0,3258,40.45552062988281,-79.94464874267578
1629761191,8527020,17,0,6403,40.46962356567383,-80.0273208618164
1629761191,7377020,56,0,6526,40.43278884887695,-79.96233367919922
1629761196,3882020,75,0,6647,40.44839859008789,-79.94723510742188
1629761197,13947020,82,0,6646,40.473243713378906,-79.88819885253906
1629761202,13345020,13,0,6407,40.5008544921875,-80.05414581298828
1629761197,3195020,Y49,0,6528,40.398258209228516,-80.00100708007812
1629761192,7239020,59,0,6541,40.404510498046875,-79.8613052368164
1629761198,1124020,86,0,6543,40.462093353271484,-79.92670440673828
1629761193,14132020,61D,0,6535,40.437557220458984,-79.92294311523438
1629761202,11736020,14,0,6413,40.54197311401367,-80.18106079101562
1629761195,2809020,61B,0,6534,40.41044235229492,-79.87820434570312
1629761190,11766020,21,0,6415,40.46441650390625,-80.05780792236328
1629761201,7531020,60,0,6538,40.32143020629883,-79.83601379394531
1629761183,11634020,61A,0,6432,40.44130325317383,-79.88048553466797
1629761198,1233020,71C,0,6553,40.43830871582031,-79.99447631835938
1629761191,11789020,1,0,6310,40.44578552246094,-79.98950958251953
1629761198,-1261255862,71B,1,6552,40.43911361694336,-79.96210479736328
1629761190,7980020,28X,0,6555,40.44223403930664,-79.99520111083984
1629761189,9193020,64,0,6554,40.46729278564453,-79.96338653564453
1629761199,1127020,1,0,6304,40.56383514404297,-79.77442169189453
1629761186,8937020,38,0,6425,40.36687469482422,-80.11185455322266
1629761179,4862020,74,0,6545,40.44649124145508,-79.91371154785156
1629761184,9983020,29,0,6427,40.44374084472656,-80.0273208618164
1629761199,7086020,12,0,6308,40.54720687866211,-80.01997375488281
1629761196,1486020,15,0,6201,40.44380187988281,-79.99372863769531
1629761200,12532020,55,0,6443,40.34463119506836,-79.92330932617188
1629761154,8815020,54,0,6315,40.421451568603516,-79.98255157470703
1629761200,3020020,Y46,0,6436,40.38700485229492,-79.99649047851562
1629761182,2016020,12,0,6314,40.451210021972656,-80.00101470947266
1629761188,11165020,55,0,6435,40.32758712768555,-79.89250183105469
1629761193,353020,88,0,6556,40.464969635009766,-79.94286346435547
1629761202,3352020,64,0,6438,40.456756591796875,-79.93572235107422
1629761181,11368020,26,0,6318,40.44129180908203,-80.0687026977539
1629761199,11313020,14,0,5902,40.57215881347656,-80.21708679199219
1629761202,8556020,8,0,5903,40.49602127075195,-80.02010345458984
1629761202,7796020,24,0,6331,40.444149017333984,-80.02792358398438
1629761197,1812020,58,0,6452,40.43570327758789,-79.95774841308594
1629761178,762020,2,0,6212,40.477725982666016,-79.96919250488281
1629761194,13693020,53L,0,6333,40.40100860595703,-79.90589141845703
1629761169,-1736144580,31,1,6332,40.440818786621094,-80.0068130493164
1629761168,13944020,28X,0,6455,40.49644088745117,-80.25881958007812
1629761198,9894020,91,0,6213,40.494571685791016,-79.92188262939453
1629761203,1866020,20,0,6325,40.463661193847656,-80.05594635009766
1629761190,6776020,54,0,6204,40.42190933227539,-79.97893524169922
1629761198,9723020,79,0,6449,40.4610710144043,-79.86629486083984
1629761197,14624020,13,0,6206,40.482582092285156,-80.04136657714844
1629761201,7310020,12,0,6209,40.57186508178711,-80.01953125
1629761200,8068020,16,0,6208,40.477378845214844,-80.0316390991211
1629761175,6218020,G2,0,5913,40.441593170166016,-80.00298309326172
1629761195,170020,28X,0,6461,40.45207214355469,-80.17252349853516
1629761201,9932020,64,0,6340,40.42802810668945,-79.92517852783203
1629761194,11093020,P3,0,6341,40.450401306152344,-79.9487075805664
1629761196,3777020,51,0,6343,40.423919677734375,-79.9776840209961
1629761190,1774020,91,0,6104,40.4844856262207,-79.94783782958984
1629761200,6876020,22,0,6224,40.47965621948242,-80.0785903930664
1629761173,1809020,6,0,6103,40.47408676147461,-80.00273132324219
1629761144,13749020,2,0,6216,40.522491455078125,-80.00572204589844
1629761187,9750020,88,0,6457,40.45638656616211,-79.97632598876953
1629761185,6576020,71C,0,6459,40.44490432739258,-79.95411682128906
1629761713,10942020,57,0,6111,40.414146423339844,-79.95014190673828
1629761705,2299020,39,0,6231,40.443702697753906,-79.99510192871094
1629761725,2536020,41,0,6110,40.362266540527344,-80.09706115722656
1629761725,5385020,51,0,6233,40.34432601928711,-79.9414291381836
1629761721,13510020,81,0,6236,40.442440032958984,-79.99986267089844
1629761718,-1479933787,61D,1,6235,40.43277359008789,-79.92308044433594
1629761699,13991020,51,0,5816,40.43217468261719,-80.00386810302734
1629761707,3673020,1,0,6106,40.48769760131836,-79.89393615722656
1629761713,9204020,29,0,6228,40.44136047363281,-80.21165466308594
1629761710,8419020,51,0,6241,40.41405487060547,-79.9882583618164
1629761718,6335020,75,0,6362,40.455623626708984,-79.93128967285156
1629761714,3093020,Y47,0,6240,40.41197967529297,-80.00858306884766
1629761704,3791020,53L,0,6122,40.43132400512695,-79.95951843261719
1629761723,10382020,54,0,6001,40.438079833984375,-79.96344757080078
1629761701,11094020,59,0,6243,40.360595703125,-79.8453140258789
1629761710,6831020,75,0,6364,40.487213134765625,-79.88655090332031
1629761707,4229020,12,0,6003,40.54977035522461,-80.01802062988281
1629761673,7263020,61B,0,6124,40.43803024291992,-79.91514587402344
1629761716,12379020,59,0,6244,40.41788864135742,-79.88793182373047
1629761701,3680020,91,0,6005,40.46171188354492,-79.96857452392578
1629761720,11397020,Y46,0,6126,40.292991638183594,-79.88545989990234
1629761723,5826020,Y47,0,6247,40.336463928222656,-79.97904205322266
1629761724,2781020,93,0,6246,40.43463897705078,-79.92374420166016
1629761695,3580020,58,0,6360,40.44464111328125,-79.94322967529297
1629761708,1115020,55,0,6238,40.33353042602539,-79.89144897460938
1629761703,4827020,61D,0,6117,40.430580139160156,-79.92338562011719
1629761712,5870020,64,0,5940,40.41093826293945,-79.90693664550781
1629761705,5353020,51,0,6358,40.344669342041016,-79.93944549560547
1629761713,13021020,83,0,6239,40.452640533447266,-79.96381378173828
1629761712,10866020,87,0,5944,40.48328399658203,-79.9504623413086
1629761709,6367020,P68,0,5823,40.41844177246094,-79.85884857177734
1629761705,-104153251,71D,1,5945,40.44200897216797,-79.95806121826172
1629761709,6746020,51,0,6252,40.440364837646484,-80.00060272216797
1629761714,5747020,Y46,0,6131,40.27307891845703,-79.88565063476562
1629761720,10198020,Y49,0,6133,40.343658447265625,-79.94483947753906
1629761722,10985020,61C,0,6135,40.38604736328125,-79.86488342285156
1629761687,3644020,71A,0,6258,40.441619873046875,-79.95870971679688
1629761715,105020,39,0,6015,40.391929626464844,-80.00331115722656
1629761711,9713020,71C,0,3417,40.43796157836914,-79.96379852294922
1629761718,9321020,14,0,6006,40.50458908081055,-80.08380126953125
1629761715,1565020,55,0,6127,40.34782028198242,-79.93231201171875
1629761709,11856020,56,0,6248,40.34127426147461,-79.86724090576172
1629761718,7069020,61B,0,6129,40.416160583496094,-79.8858871459961
1629761671,6220020,67,0,5715,40.44582748413086,-79.76016998291016
1629761721,2332020,67,0,6142,40.43082046508789,-79.79385375976562
1629761706,5080020,71C,0,6265,40.44362258911133,-79.88723754882812
1629761696,12203020,G2,0,6023,40.4260139465332,-80.07299041748047
1629761712,6894020,74,0,6143,40.46369171142578,-79.8927230834961
1629761721,9311020,86,0,6264,40.463069915771484,-79.95169067382812
1629761719,885020,71D,0,6146,40.44064712524414,-79.99522399902344
1629761710,11388020,71D,0,6267,40.44985580444336,-79.89168548583984
1629761720,9845020,26,0,6027,40.43941116333008,-80.01638793945312
1629761715,3306020,67,0,6269,40.42832565307617,-79.8119125366211
1629761699,385020,77,0,6261,40.493839263916016,-79.78911590576172
1629761720,12845020,P68,0,6140,40.429115295410156,-79.74922180175781
1629761695,2795020,71A,0,6260,40.47908020019531,-79.9189682006836
1629761708,898020,61D,0,3307,40.439971923828125,-79.95916748046875
1629761701,485020,71B,0,3425,40.479156494140625,-79.91891479492188
1629761666,3930020,P12,0,3424,40.444801330566406,-79.71361541748047
1629761706,13757020,86,0,3421,40.44392013549805,-79.88594818115234
1629761711,5012020,69,0,6259,40.40272903442383,-79.8216781616211
1629761716,-870385403,87,1,5722,40.45124053955078,-79.98238372802734
1629761718,2863020,91,0,5605,40.500518798828125,-79.8608627319336
1629761694,4437020,28X,0,6274,40.4473991394043,-79.94246673583984
1629761721,6523020,61C,0,6034,40.409244537353516,-79.89762878417969
1629761615,2162020,77,0,6155,40.44841384887695,-79.89016723632812
1629761722,7081020,59,0,6033,40.36845779418945,-79.8548355102539
1629761719,11604020,P78,0,6154,40.44662857055664,-79.88847351074219
1629761710,1220020,83,0,6036,40.45423126220703,-79.96287536621094
1629761705,2328020,89,0,6272,40.460208892822266,-79.91561126708984
1629761710,366020,61B,0,3317,40.4407958984375,-79.99546813964844
1629761702,12165020,53L,0,6029,40.361610412597656,-79.93085479736328
1629761701,9039020,29,0,5611,40.441368103027344,-80.0045166015625
1629761721,8364020,77,0,6149,40.46040725708008,-79.9157943725586
1629761725,6707020,61D,0,6043,40.411136627197266,-79.90630340576172
1629761716,9689020,P3,0,6044,40.444000244140625,-79.95540618896484
1629761677,2049020,86,0,6048,40.449745178222656,-79.8916244506836
1629761704,5285020,71C,0,3210,40.451805114746094,-79.90896606445312
1629761718,58020,71C,0,3331,40.46120071411133,-79.92418670654297
1629761724,3390020,61C,0,6041,40.43830490112305,-79.93356323242188
1629761710,12828020,71B,0,3208,40.44987869262695,-79.9294662475586
1629761699,8634020,71A,0,3325,40.44276809692383,-79.95706939697266
1629761708,1294020,61A,0,3201,40.44446563720703,-79.94815826416016
1629761713,13284020,1,0,1707,40.492820739746094,-79.94914245605469
1629761712,6556020,4,0,1705,40.500667572021484,-80.02228546142578
1629761705,11321020,4,0,1703,40.468929290771484,-79.97891998291016
1629761716,8490020,38,0,6610,40.38279342651367,-80.04291534423828
1629761689,5311020,88,0,3220,40.460296630859375,-79.9215316772461
1629761723,424020,P68,0,6051,40.409854888916016,-79.85200500488281
1629761713,14209020,38,0,6609,40.44316864013672,-80.00453186035156
1629761387,10146020,71A,0,3219,40.47890853881836,-79.91921997070312
1629761703,-453772088,P67,1,3218,40.4454460144043,-79.887451171875
1629761696,6847020,11,0,1710,40.46083450317383,-80.00283813476562
1629761702,4302020,P1,0,3338,40.4603271484375,-79.96094512939453
1629761718,11550020,71D,0,3214,40.4467887878418,-79.95057678222656
1629761718,240020,P1,0,3213,40.414756774902344,-79.87882995605469
1629761695,4034020,44,0,1719,40.402183532714844,-79.9893798828125
1629761720,10051020,44,0,1718,40.39458084106445,-79.9700927734375
1629761702,9544020,40,0,1717,40.44141387939453,-79.99992370605469
1629761693,3347020,17,0,6605,40.46036911010742,-80.03116607666016
1629761711,7355020,48,0,5636,40.428802490234375,-79.98409271240234
1629761722,8531020,16,0,6604,40.503868103027344,-80.07485961914062
1629761702,6347020,40,0,1715,40.4454231262207,-79.9899673461914
1629761704,564020,44,0,1713,40.44379425048828,-79.99429321289062
1629761724,12569020,59,0,6619,40.41255187988281,-79.88084411621094
1629761716,3059020,48,0,1720,40.42396926879883,-79.96949768066406
1629761719,5694020,71A,0,3225,40.437957763671875,-79.99173736572266
1629761672,851020,48,0,6612,40.421077728271484,-80.00546264648438
1629761703,2841020,36,0,6611,40.40471267700195,-80.03875732421875
1629761720,13683020,21,0,6614,40.50257873535156,-80.10191345214844
1629761722,6177020,31,0,1729,40.397674560546875,-80.08380889892578
1629761707,1207020,43,0,1728,40.437110900878906,-80.00191497802734
1629761719,4914020,22,0,6615,40.478092193603516,-80.0938949584961
1629761724,10765020,44,0,1724,40.41697311401367,-80.00489807128906
1629761719,12668020,Y46,0,6630,40.412513732910156,-80.00918579101562
1629761702,4447020,28X,0,3240,40.443599700927734,-80.0266342163086
1629761689,6842020,54,0,6509,40.45336151123047,-79.94738006591797
1629761720,5091020,G2,0,3238,40.40735626220703,-80.08975982666016
1629761725,6551020,93,0,6625,40.47428512573242,-79.9577407836914
1629761723,12671020,93,0,6627,40.48356246948242,-79.94986724853516
1629761720,10439020,1,0,6507,40.541107177734375,-79.78474426269531
1629761721,1969020,27,0,6520,40.45650863647461,-80.0801010131836
1629761714,8186020,71B,0,6641,40.45298385620117,-79.92461395263672
1629761698,6130020,13,0,6401,40.444583892822266,-80.00086975097656
1629761707,2726020,82,0,6643,40.4462776184082,-79.96868896484375
1629761716,9477020,77,0,6642,40.45596694946289,-79.88999938964844
1629761700,7779020,61A,0,3251,40.441871643066406,-79.95654296875
1629761697,10545020,6,0,6512,40.44564437866211,-79.98971557617188
1629761719,8482020,P68,0,6638,40.428688049316406,-79.79679870605469
1629761711,11831020,41,0,6519,40.386016845703125,-80.04908752441406
1629761718,14181020,31,0,6518,40.387210845947266,-80.09159088134766
1629761701,9089020,82,0,6650,40.457618713378906,-79.91726684570312
1629761724,1701020,P78,0,6651,40.511680603027344,-79.84343719482422
1629761713,8540020,82,0,6654,40.45697784423828,-79.93497467041016
1629761691,10641020,69,0,6653,40.39107894897461,-79.76693725585938
1629761705,13333020,P1,0,3258,40.44131088256836,-79.8865966796875
1629761699,8527020,17,0,6403,40.48991012573242,-80.045166015625
1629761723,7377020,56,0,6526,40.40287399291992,-79.94186401367188
1629761696,3882020,75,0,6647,40.43734359741211,-79.97166442871094
1629761710,13947020,82,0,6646,40.47327423095703,-79.88810729980469
1629761703,13345020,13,0,6407,40.48329544067383,-80.04103088378906
1629761723,3195020,Y49,0,6528,40.35966110229492,-79.98094177246094
1629761714,7239020,59,0,6541,40.41281509399414,-79.84495544433594
1629761712,1124020,86,0,6543,40.460296630859375,-79.94651794433594
1629761708,14132020,61D,0,6535,40.4444694519043,-79.9478988647461
1629761717,11736020,14,0,6413,40.517845153808594,-80.1310806274414
1629761700,11766020,21,0,6415,40.44165802001953,-80.02159881591797
1629761711,7342020,60,0,6538,40.33140182495117,-79.8443603515625
1629761710,7964020,24,0,6419,40.448001861572266,-80.16204833984375
1629761702,11634020,61A,0,6432,40.415931701660156,-79.87892150878906
1629761701,1233020,71C,0,6553,40.44062805175781,-79.95990753173828
1629761717,11789020,1,0,6310,40.44578552246094,-79.98950958251953
1629761704,-1261255862,71B,1,6552,40.44100570678711,-79.99653625488281
1629761714,7980020,28X,0,6555,40.4437370300293,-79.951416015625
1629761250,9193020,64,0,6554,40.46729278564453,-79.96338653564453
1629761717,1127020,1,0,6304,40.54307174682617,-79.77236938476562
1629761703,10491020,38,0,6425,40.38016891479492,-80.0954818725586
1629761707,4862020,74,0,6545,40.46056365966797,-79.88851165771484
1629761700,9983020,29,0,6427,40.43755340576172,-80.06887817382812
1629761703,2993020,54,0,6306,40.45230484008789,-80.00702667236328
1629761715,7086020,12,0,6308,40.542110443115234,-80.01318359375
1629761705,1486020,15,0,6201,40.445518493652344,-80.00117492675781
1629761719,8815020,54,0,6315,40.43753433227539,-79.9725570678711
1629761718,3020020,Y46,0,6436,40.35604476928711,-79.97994232177734
1629761697,9294020,12,0,6314,40.44884490966797,-80.00150299072266
1629761724,11165020,55,0,6435,40.35256576538086,-79.8499526977539
1629761717,353020,88,0,6556,40.458335876464844,-79.9186782836914
1629761718,12474020,20,0,6317,40.47990798950195,-80.10433959960938
1629761699,3352020,64,0,6438,40.45279312133789,-79.92138671875
1629761724,4902020,71D,0,6558,40.45054626464844,-79.88444519042969
1629761707,11368020,26,0,6318,40.44129180908203,-80.0687026977539
1629761716,11313020,14,0,5902,40.5919303894043,-80.22748565673828
1629761711,8556020,8,0,5903,40.517120361328125,-80.03292846679688
1629761709,7796020,24,0,6331,40.470298767089844,-80.070556640625
1629761722,1812020,58,0,6452,40.41938400268555,-79.93598937988281
1629761719,762020,2,0,6212,40.44873046875,-80.00066375732422
1629761721,13693020,53L,0,6333,40.37254333496094,-79.91223907470703
1629761705,9791020,31,0,6332,40.44381332397461,-79.9946060180664
1629761703,3677020,67,0,6456,40.44063949584961,-80.00433349609375
1629761710,6253020,28X,0,6455,40.49705123901367,-80.25894927978516
1629761714,9894020,91,0,6213,40.487281799316406,-79.88674926757812
1629761716,1866020,20,0,6325,40.4679069519043,-80.08572387695312
1629761719,6776020,54,0,6204,40.404396057128906,-79.99808502197266
1629761707,8293020,79,0,6449,40.452518463134766,-79.87373352050781
1629761702,14624020,13,0,6206,40.508140563964844,-80.04834747314453
1629761670,7310020,12,0,6209,40.55744934082031,-80.02308654785156
1629761722,8068020,16,0,6208,40.454341888427734,-80.01271057128906
1629761711,6218020,G2,0,5913,40.44271469116211,-79.99883270263672
1629761713,170020,28X,0,6461,40.43260955810547,-80.14066314697266
1629761707,9932020,64,0,6340,40.441349029541016,-79.91974639892578
1629761715,11093020,P3,0,6341,40.45564651489258,-79.90572357177734
1629761723,3777020,51,0,6343,40.40158462524414,-79.9893569946289
1629761711,1774020,91,0,6104,40.46243667602539,-79.96751403808594
1629761704,-1837386923,13,1,5807,40.517879486083984,-80.0365219116211
1629761699,13749020,2,0,6216,40.545589447021484,-80.00582885742188
1629761703,9750020,88,0,6457,40.44198226928711,-79.9996337890625
1629761714,6576020,71C,0,6459,40.45317077636719,-79.94778442382812
1629762185,10942020,57,0,6111,40.4357795715332,-79.99504852294922
1629762183,2299020,39,0,6231,40.445343017578125,-79.99011993408203
1629762210,2536020,41,0,6110,40.37186813354492,-80.07838439941406
1629762195,5385020,51,0,6233,40.34804916381836,-79.9471664428711
1629762207,13510020,81,0,6236,40.44224166870117,-79.98314666748047
1629762212,13991020,51,0,5816,40.42536544799805,-79.98089599609375
1629762186,3673020,1,0,6106,40.495906829833984,-79.9394302368164
1629762192,9204020,29,0,6228,40.4488639831543,-80.17691802978516
1629762201,8419020,51,0,6241,40.428890228271484,-79.9819107055664
1629762210,6335020,75,0,6362,40.469642639160156,-79.92112731933594
1629762186,3093020,Y47,0,6240,40.430973052978516,-80.00210571289062
1629762196,3791020,53L,0,6122,40.420310974121094,-79.92741394042969
1629762195,10382020,54,0,6001,40.42162322998047,-79.97943878173828
1629762205,11094020,59,0,6243,40.362552642822266,-79.8535385131836
1629762189,6831020,75,0,6364,40.488868713378906,-79.91216278076172
1629762202,4229020,12,0,6003,40.56351852416992,-80.02029418945312
1629762197,7263020,61B,0,6124,40.444637298583984,-79.94388580322266
1629762211,12379020,59,0,6244,40.41067886352539,-79.89686584472656
1629762212,3680020,91,0,6005,40.48299789428711,-79.95097351074219
1629762202,5826020,Y47,0,6247,40.34392547607422,-79.94487762451172
1629762206,2781020,93,0,6246,40.413448333740234,-79.93948364257812
1629762195,3580020,58,0,6360,40.44464111328125,-79.94332885742188
1629762207,1115020,55,0,6238,40.30914306640625,-79.8903579711914
1629762203,4827020,61D,0,6117,40.407657623291016,-79.91442108154297
1629762196,5870020,64,0,5940,40.403751373291016,-79.91980743408203
1629762205,13021020,83,0,6239,40.441261291503906,-79.98544311523438
1629762211,10866020,87,0,5944,40.47200393676758,-79.92755126953125
1629762200,6367020,P68,0,5823,40.441810607910156,-79.8847885131836
1629762185,-104153251,71D,1,5945,40.44737243652344,-79.94304656982422
1629762198,10324020,51,0,6252,40.432472229003906,-80.00370025634766
1629762191,5747020,Y46,0,6131,40.29234313964844,-79.87500762939453
1629762200,10198020,Y49,0,6133,40.360843658447266,-79.96156311035156
1629762202,10985020,61C,0,6135,40.371604919433594,-79.84423828125
1629762179,3644020,71A,0,6258,40.438880920410156,-79.9926528930664
1629762204,105020,39,0,6015,40.40022277832031,-80.02011108398438
1629762200,9713020,71C,0,3417,40.440223693847656,-79.99440002441406
1629762208,9321020,14,0,6006,40.53190231323242,-80.16969299316406
1629762202,1565020,55,0,6127,40.34218215942383,-79.953857421875
1629762176,11856020,56,0,6248,40.35451889038086,-79.89701843261719
1629762210,7069020,61B,0,6129,40.407508850097656,-79.85891723632812
1629762194,6220020,67,0,5715,40.44582748413086,-79.76020050048828
1629762198,2332020,67,0,6142,40.42998504638672,-79.80892181396484
1629762209,5080020,71C,0,6265,40.452571868896484,-79.9102783203125
1629762204,6894020,74,0,6143,40.44650650024414,-79.90338134765625
1629762209,9311020,86,0,6264,40.457881927490234,-79.93195343017578
1629762181,885020,71D,0,6146,40.437747955322266,-79.97293853759766
1629762201,9815020,71D,0,6267,40.44985580444336,-79.89168548583984
1629762207,5099020,26,0,6027,40.44166564941406,-80.02147674560547
1629762202,3306020,67,0,6269,40.42811584472656,-79.79784393310547
1629762200,385020,77,0,6261,40.46101379394531,-79.75952911376953
1629762182,12845020,P68,0,6140,40.429134368896484,-79.74905395507812
1629762187,2795020,71A,0,6260,40.47907257080078,-79.91901397705078
1629762198,898020,61D,0,3307,40.43783950805664,-79.9306869506836
1629762201,485020,71B,0,3425,40.477474212646484,-79.91991424560547
1629762204,13757020,86,0,3421,40.458248138427734,-79.90281677246094
1629762207,5012020,69,0,6259,40.43339920043945,-79.86650085449219
1629762202,-1365179932,87,1,5722,40.44169235229492,-80.0018310546875
1629762194,2863020,91,0,5605,40.48794174194336,-79.8892593383789
1629762158,4437020,28X,0,6274,40.43642044067383,-79.96832275390625
1629762209,6523020,61C,0,6034,40.41897964477539,-79.92684936523438
1629762186,2162020,77,0,6155,40.45732116699219,-79.91293334960938
1629762187,7081020,59,0,6033,40.352359771728516,-79.85542297363281
1629762202,11604020,P78,0,6154,40.46052932739258,-79.95979309082031
1629762207,1220020,83,0,6036,40.4405403137207,-79.96875
1629762207,2328020,89,0,6272,40.46901321411133,-79.93863677978516
1629762200,366020,61B,0,3317,40.44057083129883,-79.9583511352539
1629762193,3669020,53L,0,6029,40.36167907714844,-79.92900848388672
1629762196,9039020,29,0,5611,40.44618606567383,-79.989013671875
1629762203,8364020,77,0,6149,40.46116638183594,-79.93209075927734
1629762210,6707020,61D,0,6043,40.40693283081055,-79.91944122314453
1629762205,8592020,P3,0,6044,40.44088363647461,-79.95954895019531
1629762194,2049020,86,0,6048,40.44973373413086,-79.8916015625
1629762210,58020,71C,0,3331,40.45501708984375,-79.9415283203125
1629762211,3390020,61C,0,6041,40.4249267578125,-79.9280776977539
1629762196,12828020,71B,0,3208,40.447914123535156,-79.94258117675781
1629762211,8634020,71A,0,3325,40.45207977294922,-79.95140838623047
1629762210,1294020,61A,0,3201,40.44181823730469,-79.95845031738281
1629762205,13284020,1,0,1707,40.49433898925781,-79.91973114013672
1629762208,6556020,4,0,1705,40.49559020996094,-79.99955749511719
1629762211,11321020,4,0,1703,40.49150085449219,-79.99331665039062
1629762194,8490020,38,0,6610,40.3805046081543,-80.04365539550781
1629762206,5311020,88,0,3220,40.46556091308594,-79.94709014892578
1629762206,424020,P68,0,6051,40.400001525878906,-79.8348617553711
1629762211,14209020,38,0,6609,40.41545867919922,-80.04502868652344
1629762212,4667020,71A,0,3219,40.46346664428711,-79.93069458007812
1629762194,-453772088,P67,1,3218,40.44544982910156,-79.88746643066406
1629762212,6847020,11,0,1710,40.46807098388672,-80.01372528076172
1629762208,4401020,P1,0,3338,40.441810607910156,-79.99750518798828
1629762198,11550020,71D,0,3214,40.4382209777832,-79.97759246826172
1629762201,240020,P1,0,3213,40.4190788269043,-79.88618469238281
1629762193,4034020,44,0,1719,40.4121208190918,-79.97711181640625
1629762208,10051020,44,0,1718,40.385841369628906,-79.94155883789062
1629762184,3347020,17,0,6605,40.4543342590332,-80.01251983642578
1629762204,7355020,48,0,5636,40.43867492675781,-80.00175476074219
1629762207,8531020,16,0,6604,40.49646759033203,-80.05740356445312
1629762207,6347020,40,0,1715,40.44368362426758,-79.99356842041016
1629762180,12569020,59,0,6619,40.41698455810547,-79.88070678710938
1629762208,3059020,48,0,1720,40.417625427246094,-79.9864273071289
1629762194,5694020,71A,0,3225,40.441890716552734,-79.95828247070312
1629762196,851020,48,0,6612,40.421775817871094,-79.99504089355469
1629762204,4941020,36,0,6611,40.441043853759766,-80.00396728515625
1629762207,13683020,21,0,6614,40.5164909362793,-80.14642333984375
1629762206,6177020,31,0,1729,40.36867141723633,-80.10240173339844
1629762193,14338020,43,0,1728,40.43266677856445,-80.00358581542969
1629762211,4914020,22,0,6615,40.4741096496582,-80.06377410888672
1629762205,10765020,44,0,1724,40.411895751953125,-79.97715759277344
1629762180,12668020,Y46,0,6630,40.430973052978516,-80.00210571289062
1629762208,4447020,28X,0,3240,40.41477584838867,-80.08341217041016
1629762207,6842020,54,0,6509,40.46175003051758,-79.96524810791016
1629762192,5091020,G2,0,3238,40.452510833740234,-80.05620574951172
1629762191,5321020,93,0,6623,40.40800094604492,-79.9263687133789
1629762194,6551020,93,0,6625,40.459720611572266,-79.95633697509766
1629762204,12671020,93,0,6627,40.48301315307617,-79.94792938232422
1629762200,10439020,1,0,6507,40.56343460083008,-79.76586151123047
1629762206,1969020,27,0,6520,40.440895080566406,-80.07225799560547
1629762210,8186020,71B,0,6641,40.47091293334961,-79.92044830322266
1629762203,6130020,13,0,6401,40.45444869995117,-80.0119400024414
1629762207,2726020,82,0,6643,40.45589828491211,-79.9386215209961
1629762190,9477020,77,0,6642,40.46162796020508,-79.86095428466797
1629762212,7779020,61A,0,3251,40.43806076049805,-79.92334747314453
1629762189,10545020,6,0,6512,40.44564437866211,-79.98971557617188
1629762210,1724020,83,0,6635,40.428382873535156,-79.97396850585938
1629762187,8482020,P68,0,6638,40.418968200683594,-79.8124771118164
1629762197,1955020,79,0,6637,40.44913101196289,-79.89102935791016
1629762195,11831020,41,0,6519,40.37259292602539,-80.07640838623047
1629762199,14181020,31,0,6518,40.41292953491211,-80.07898712158203
1629762208,9089020,82,0,6650,40.452720642089844,-79.9497299194336
1629762204,1701020,P78,0,6651,40.53862762451172,-79.83048248291016
1629762208,8540020,82,0,6654,40.45957946777344,-79.9205551147461
1629762201,10082020,69,0,6653,40.39744186401367,-79.76911926269531
1629762203,13333020,P1,0,3258,40.415138244628906,-79.87954711914062
1629762202,7377020,56,0,6526,40.37005615234375,-79.91358184814453
1629762187,7422020,75,0,6647,40.42436218261719,-79.96221923828125
1629762206,11351020,82,0,6646,40.47283172607422,-79.88995361328125
1629762205,13345020,13,0,6407,40.458770751953125,-80.02344512939453
1629762200,3195020,Y49,0,6528,40.36126708984375,-79.96209716796875
1629762187,7239020,59,0,6541,40.39691925048828,-79.82122802734375
1629762210,1124020,86,0,6543,40.452693939208984,-79.9802017211914
1629762212,14132020,61D,0,6535,40.43938446044922,-79.96172332763672
1629762209,11736020,14,0,6413,40.486595153808594,-80.05453491210938
1629762206,13620020,21,0,6415,40.44343948364258,-80.0046157836914
1629762210,7342020,60,0,6538,40.3530158996582,-79.84671783447266
1629762184,7964020,24,0,6419,40.453147888183594,-80.13487243652344
1629762180,1233020,71C,0,6553,40.45132827758789,-79.9516830444336
1629762198,-1261255862,71B,1,6552,40.437686920166016,-79.9861831665039
1629762204,1799020,64,0,6554,40.465309143066406,-79.95804595947266
1629762200,1127020,1,0,6304,40.53882598876953,-79.82966613769531
1629762212,10491020,38,0,6425,40.38513946533203,-80.07302856445312
1629762196,4862020,74,0,6545,40.47852325439453,-79.90184020996094
1629762201,9983020,29,0,6427,40.45096969604492,-80.13824462890625
1629762156,2993020,54,0,6306,40.453216552734375,-79.99273681640625
1629762210,7086020,12,0,6308,40.494606018066406,-80.01190185546875
1629762196,1486020,15,0,6201,40.45441818237305,-80.01243591308594
1629762181,8815020,54,0,6315,40.44429016113281,-79.95486450195312
1629762208,3020020,Y46,0,6436,40.33632278442383,-79.94650268554688
1629762207,9294020,12,0,6314,40.47686004638672,-80.00679016113281
1629762192,11165020,55,0,6435,40.38312911987305,-79.8276596069336
1629762209,12474020,20,0,6317,40.503944396972656,-80.14030456542969
1629762205,3352020,64,0,6438,40.432891845703125,-79.92306518554688
1629762194,818020,61D,0,6437,40.43738555908203,-79.9627456665039
1629762204,4902020,71D,0,6558,40.45297622680664,-79.9200668334961
1629762195,12231020,27,0,6318,40.44131851196289,-80.0687484741211
1629762177,11313020,14,0,5902,40.591922760009766,-80.22750854492188
1629762206,7796020,24,0,6331,40.46839904785156,-80.097412109375
1629762192,1812020,58,0,6452,40.426551818847656,-79.95435333251953
1629762186,3593020,2,0,6212,40.44883346557617,-80.00167083740234
1629762201,13693020,53L,0,6333,40.34511184692383,-79.9383544921875
1629762203,7135020,31,0,6332,40.445526123046875,-79.98982238769531
1629761993,3677020,67,0,6456,40.43484115600586,-79.98922729492188
1629762211,6253020,28X,0,6455,40.4828987121582,-80.2626953125
1629762187,9894020,91,0,6213,40.49460220336914,-79.88587188720703
1629762201,1866020,20,0,6325,40.50205993652344,-80.12078857421875
1629762200,6776020,54,0,6204,40.40882110595703,-79.99148559570312
1629762212,8293020,79,0,6449,40.44450759887695,-79.88433837890625
1629762205,7310020,12,0,6209,40.5519905090332,-80.02346801757812
1629762210,12206020,16,0,6208,40.44456100463867,-80.00084686279297
1629762212,6218020,G2,0,5913,40.451995849609375,-80.04708099365234
1629762209,170020,28X,0,6461,40.44514465332031,-80.06578063964844
1629762192,9932020,64,0,6340,40.45695495605469,-79.93387603759766
1629762196,11093020,P3,0,6341,40.414947509765625,-79.87942504882812
1629762204,3777020,51,0,6343,40.37210464477539,-79.97537231445312
1629762178,1774020,91,0,6104,40.4449577331543,-79.99371337890625
1629762195,-1837386923,13,1,5807,40.517879486083984,-80.0365219116211
1629762211,13749020,2,0,6216,40.5519905090332,-80.02346801757812
1629762204,2823020,88,0,6457,40.453975677490234,-79.97830200195312
1629762206,6576020,71C,0,6459,40.46339416503906,-79.93073272705078
1629762637,4344020,57,0,6111,40.43895721435547,-80.00018310546875
1629762642,2299020,39,0,6231,40.445343017578125,-79.99011993408203
1629762665,2536020,41,0,6110,40.386940002441406,-80.04377746582031
1629762667,5385020,51,0,6233,40.361202239990234,-79.98251342773438
1629762668,13510020,81,0,6236,40.4410514831543,-79.96560668945312
1629762663,13991020,51,0,5816,40.40493392944336,-79.9906234741211
1629762665,3673020,1,0,6106,40.46417999267578,-79.98045349121094
1629762639,9204020,29,0,6228,40.448280334472656,-80.16261291503906
1629762658,8419020,51,0,6241,40.4318962097168,-80.00331115722656
1629762653,6335020,75,0,6362,40.487579345703125,-79.9189224243164
1629762663,3093020,Y47,0,6240,40.44141387939453,-79.99992370605469
1629762671,3791020,53L,0,6122,40.41093826293945,-79.91032409667969
1629762669,10382020,54,0,6001,40.42100143432617,-80.00000762939453
1629762645,11094020,59,0,6243,40.37718200683594,-79.8498764038086
1629762668,6831020,75,0,6364,40.47238540649414,-79.92848205566406
1629762665,4229020,12,0,6003,40.58241271972656,-80.02977752685547
1629762668,7263020,61B,0,6124,40.442081451416016,-79.95804595947266
1629762667,12379020,59,0,6244,40.4112434387207,-79.90937042236328
1629762669,3680020,91,0,6005,40.49364471435547,-79.9157485961914
1629762644,5826020,Y47,0,6247,40.330204010009766,-79.92353820800781
1629762629,3580020,58,0,6360,40.44464111328125,-79.94332885742188
1629762667,1115020,55,0,6238,40.293487548828125,-79.88829803466797
1629762656,4827020,61D,0,6117,40.41122817993164,-79.90941619873047
1629762668,5870020,64,0,5940,40.416988372802734,-79.92585754394531
1629762656,1375020,61A,0,6237,40.40058135986328,-79.86495208740234
1629762666,13021020,83,0,6239,40.44162368774414,-80.00265502929688
1629762664,10866020,87,0,5944,40.46306610107422,-79.94831085205078
1629762654,6367020,P68,0,5823,40.45347213745117,-79.93868255615234
1629762665,-104153251,71D,1,5945,40.450443267822266,-79.9276123046875
1629762670,10324020,51,0,6252,40.42483139038086,-79.9797592163086
1629762654,5747020,Y46,0,6131,40.29201126098633,-79.89248657226562
1629762664,10198020,Y49,0,6133,40.361549377441406,-79.97956085205078
1629762659,10985020,61C,0,6135,40.35068893432617,-79.86702728271484
1629762653,17020,71A,0,6258,40.44047546386719,-79.99967956542969
1629762666,105020,39,0,6015,40.42155075073242,-80.0064926147461
1629762670,9227020,71C,0,3417,40.440120697021484,-79.99884033203125
1629762659,9321020,14,0,6006,40.551368713378906,-80.19125366210938
1629762657,1565020,55,0,6127,40.332427978515625,-79.93395233154297
1629762658,11856020,56,0,6248,40.3699836730957,-79.91340637207031
1629762645,7069020,61B,0,6129,40.41377639770508,-79.85315704345703
1629762253,6220020,67,0,5715,40.44583511352539,-79.76016235351562
1629762666,2332020,67,0,6142,40.44355010986328,-79.83918762207031
1629762667,1950020,74,0,6262,40.46145248413086,-79.925048828125
1629762666,5080020,71C,0,6265,40.46335983276367,-79.93016052246094
1629762655,6894020,74,0,6143,40.43801498413086,-79.9195785522461
1629762661,9311020,86,0,6264,40.460628509521484,-79.9144058227539
1629762650,885020,71D,0,6146,40.446022033691406,-79.95257568359375
1629762661,9815020,71D,0,6267,40.44985580444336,-79.89168548583984
1629762672,5099020,26,0,6027,40.452213287353516,-80.05286407470703
1629762659,3306020,67,0,6269,40.43857955932617,-79.76976776123047
1629762666,2837020,P68,0,6140,40.43355178833008,-79.75882720947266
1629762662,13066020,71A,0,6260,40.47891616821289,-79.9190902709961
1629762653,898020,61D,0,3307,40.42317199707031,-79.92864990234375
1629762660,485020,71B,0,3425,40.459590911865234,-79.925048828125
1629762651,13757020,86,0,3421,40.45979690551758,-79.920654296875
1629762661,5012020,69,0,6259,40.445045471191406,-79.88594818115234
1629762646,-1365179932,87,1,5722,40.451499938964844,-79.98193359375
1629762666,2863020,91,0,5605,40.494598388671875,-79.92572021484375
1629762644,4437020,28X,0,6274,40.44301986694336,-79.9976806640625
1629762668,6523020,61C,0,6034,40.436981201171875,-79.92292022705078
1629762635,2162020,77,0,6155,40.45729446411133,-79.91302490234375
1629762625,7081020,59,0,6033,40.33998107910156,-79.86599731445312
1629762640,11604020,P78,0,6154,40.4394416809082,-79.9967269897461
1629762668,2238020,28X,0,6157,40.44950485229492,-79.9306869506836
1629762655,1220020,83,0,6036,40.428470611572266,-79.9755859375
1629762647,7710020,89,0,6272,40.46812438964844,-79.92788696289062
1629762669,366020,61B,0,3317,40.44270706176758,-79.93763732910156
1629762656,3669020,53L,0,6029,40.34432601928711,-79.9414291381836
1629762670,13727020,29,0,5611,40.44618606567383,-79.989013671875
1629762671,8364020,77,0,6149,40.45566940307617,-79.96625518798828
1629762660,6707020,61D,0,6043,40.41433334350586,-79.92349243164062
1629762672,8592020,P3,0,6044,40.446800231933594,-79.9500961303711
1629762540,9575020,71C,0,6048,40.44973373413086,-79.8916015625
1629762583,58020,71C,0,3331,40.44563674926758,-79.95310974121094
1629762652,3390020,61C,0,6041,40.40895462036133,-79.90389251708984
1629762653,12828020,71B,0,3208,40.44316482543945,-79.95655059814453
1629762668,8634020,71A,0,3325,40.460227966308594,-79.93266296386719
1629762666,1294020,61A,0,3201,40.438690185546875,-79.98827362060547
1629762650,13284020,1,0,1707,40.48786926269531,-79.88717651367188
1629762646,6556020,4,0,1705,40.4653205871582,-79.9814682006836
1629762657,11321020,4,0,1703,40.50070571899414,-80.02250671386719
1629762286,8490020,38,0,6610,40.38241958618164,-80.0430679321289
1629762652,5311020,88,0,3220,40.46421813964844,-79.96388244628906
1629762669,424020,P68,0,6051,40.421348571777344,-79.80583190917969
1629762658,14209020,38,0,6609,40.39158248901367,-80.07134246826172
1629762661,4667020,71A,0,3219,40.44978713989258,-79.95072937011719
1629762664,-453772088,P67,1,3218,40.45195007324219,-79.89637756347656
1629762658,6847020,11,0,1710,40.45417785644531,-80.00196838378906
1629762644,4401020,P1,0,3338,40.455528259277344,-79.97345733642578
1629762645,11550020,71D,0,3214,40.44100570678711,-79.99653625488281
1629762663,240020,P1,0,3213,40.45961380004883,-79.92208099365234
1629762666,4034020,44,0,1719,40.41992950439453,-80.00144958496094
1629762669,3347020,17,0,6605,40.44456100463867,-80.00084686279297
1629762667,6152020,48,0,5636,40.436546325683594,-80.00100708007812
1629762645,8531020,16,0,6604,40.487091064453125,-80.03793334960938
1629762640,6347020,40,0,1715,40.43271255493164,-80.00359344482422
1629762663,12569020,59,0,6619,40.40141677856445,-79.8661117553711
1629762621,3059020,48,0,1720,40.421329498291016,-80.00555419921875
1629762628,5694020,71A,0,3225,40.446815490722656,-79.9499282836914
1629762671,851020,48,0,6612,40.4191780090332,-79.96453094482422
1629762655,4941020,36,0,6611,40.415950775146484,-80.02999877929688
1629762666,13683020,21,0,6614,40.54081344604492,-80.17953491210938
1629762667,14338020,43,0,1728,40.42557144165039,-80.00255584716797
1629762652,4914020,22,0,6615,40.44402313232422,-80.02812957763672
1629762637,10765020,44,0,1724,40.40904998779297,-79.99098205566406
1629762657,10308020,Y46,0,6630,40.441593170166016,-79.99826049804688
1629762662,4447020,28X,0,3240,40.45363998413086,-80.17153930664062
1629762661,6842020,54,0,6509,40.45341491699219,-79.99295806884766
1629762667,5091020,G2,0,3238,40.442203521728516,-80.000732421875
1629762671,5321020,93,0,6623,40.418087005615234,-79.93659210205078
1629762645,6551020,93,0,6625,40.44481658935547,-79.95423889160156
1629762665,12671020,93,0,6627,40.482975006103516,-79.94789123535156
1629762648,10439020,1,0,6507,40.6002311706543,-79.7607192993164
1629762646,8186020,71B,0,6641,40.47930145263672,-79.92118072509766
1629762669,6130020,13,0,6401,40.472564697265625,-80.03761291503906
1629762660,2726020,82,0,6643,40.45780563354492,-79.91705322265625
1629762667,687020,21,0,6521,40.531280517578125,-80.189697265625
1629762670,9477020,77,0,6642,40.465389251708984,-79.83902740478516
1629762668,7779020,61A,0,3251,40.4407844543457,-79.89446258544922
1629762619,10545020,6,0,6512,40.44564437866211,-79.98971557617188
1629762659,1724020,83,0,6635,40.4442138671875,-79.95087432861328
1629762667,8482020,P68,0,6638,40.400421142578125,-79.83560943603516
1629762524,1955020,79,0,6637,40.441795349121094,-79.87745666503906
1629762671,11831020,41,0,6519,40.3604621887207,-80.10120391845703
1629762664,14181020,31,0,6518,40.437740325927734,-80.05391693115234
1629762651,9089020,82,0,6650,40.44437789916992,-79.97877502441406
1629762668,1701020,P78,0,6651,40.540348052978516,-79.8311538696289
1629762663,8540020,82,0,6654,40.46877670288086,-79.89600372314453
1629762658,10082020,69,0,6653,40.40142059326172,-79.78002166748047
1629762643,3118020,P1,0,3258,40.41468811035156,-79.87861633300781
1629762665,7377020,56,0,6526,40.356040954589844,-79.8994140625
1629762556,7422020,75,0,6647,40.42436218261719,-79.96221923828125
1629762670,11351020,82,0,6646,40.457916259765625,-79.91692352294922
1629762649,13345020,13,0,6407,40.451026916503906,-80.00096130371094
1629762643,3195020,Y49,0,6528,40.344383239746094,-79.94794464111328
1629762616,7239020,59,0,6541,40.38813400268555,-79.82354736328125
1629762660,421020,86,0,6543,40.44178771972656,-79.99970245361328
1629762662,14132020,61D,0,6535,40.438880920410156,-79.99266052246094
1629762647,11736020,14,0,6413,40.44858169555664,-80.0179672241211
1629762671,13620020,21,0,6415,40.4638557434082,-80.05724334716797
1629762671,7763020,60,0,6538,40.34520721435547,-79.84149932861328
1629762643,7964020,24,0,6419,40.468318939208984,-80.09847259521484
1629762646,1233020,71C,0,6553,40.457393646240234,-79.93368530273438
1629762666,9339020,1,0,6310,40.44983673095703,-80.00100708007812
1629762671,-1261255862,71B,1,6552,40.4425163269043,-79.95738983154297
1629762655,1799020,64,0,6554,40.45649337768555,-79.9366226196289
1629762670,1127020,1,0,6304,40.49391174316406,-79.86093139648438
1629762632,10491020,38,0,6425,40.40330123901367,-80.05887603759766
1629762665,4862020,74,0,6545,40.46366882324219,-79.91704559326172
1629762637,9983020,29,0,6427,40.453636169433594,-80.17134857177734
1629762671,2993020,54,0,6306,40.45860290527344,-79.96439361572266
1629762664,7086020,12,0,6308,40.455326080322266,-80.0023422241211
1629762665,1486020,15,0,6201,40.471153259277344,-80.00782012939453
1629762667,8815020,54,0,6315,40.45335388183594,-79.94738006591797
1629762671,3020020,Y46,0,6436,40.29452133178711,-79.91803741455078
1629762662,9294020,12,0,6314,40.52471160888672,-80.0053939819336
1629762668,12474020,20,0,6317,40.47672653198242,-80.10162353515625
1629762669,3352020,64,0,6438,40.41051483154297,-79.91815948486328
1629762670,818020,61D,0,6437,40.444610595703125,-79.94432067871094
1629762654,4902020,71D,0,6558,40.44481658935547,-79.9542465209961
1629762648,12231020,27,0,6318,40.4475212097168,-80.07437896728516
1629762668,11313020,14,0,5902,40.59192657470703,-80.22750854492188
1629762670,7796020,24,0,6331,40.4593620300293,-80.13871002197266
1629762661,1812020,58,0,6452,40.43922805786133,-80.00395202636719
1629762670,3593020,2,0,6212,40.469749450683594,-79.97578430175781
1629762642,13693020,53L,0,6333,40.34864044189453,-79.93903350830078
1629762670,7135020,31,0,6332,40.44154357910156,-80.0047607421875
1629762661,3677020,67,0,6456,40.44459533691406,-79.9427261352539
1629762652,6253020,28X,0,6455,40.45055389404297,-80.17423248291016
1629762657,9894020,91,0,6213,40.49460220336914,-79.88587188720703
1629762665,1866020,20,0,6325,40.49871826171875,-80.11726379394531
1629762642,2697020,54,0,6204,40.40879821777344,-79.991455078125
1629762662,8293020,79,0,6449,40.45686721801758,-79.91168212890625
1629762648,4003020,61B,0,6448,40.40351867675781,-79.868896484375
1629762643,7310020,12,0,6209,40.546363830566406,-80.00885009765625
1629762658,12206020,16,0,6208,40.44464111328125,-80.00088500976562
1629762646,6218020,G2,0,5913,40.41459274291992,-80.08353424072266
1629762670,170020,28X,0,6461,40.44132995605469,-80.00405883789062
1629762642,9932020,64,0,6340,40.46440887451172,-79.95016479492188
1629762651,13636020,P3,0,6341,40.414756774902344,-79.87882995605469
1629762660,3777020,51,0,6343,40.34427261352539,-79.9720458984375
1629762652,-1837386923,13,1,5807,40.51641845703125,-80.03752899169922
1629762659,13749020,2,0,6216,40.56376266479492,-79.9898681640625
1629762648,2823020,88,0,6457,40.465579986572266,-79.95545959472656
1629762669,6576020,71C,0,6459,40.45147705078125,-79.90815734863281
1629763162,4344020,57,0,6111,40.43088912963867,-79.9589614868164
1629763138,2299020,39,0,6231,40.445343017578125,-79.99011993408203
1629763155,2536020,41,0,6110,40.41120147705078,-80.01268005371094
1629763134,3502020,59,0,6355,40.38764953613281,-79.82350158691406
1629763139,5385020,51,0,6233,40.38546371459961,-79.97855377197266
1629763160,13510020,81,0,6236,40.42841720581055,-79.97399139404297
1629763149,8647020,51,0,5818,40.35431671142578,-79.93878173828125
1629763142,3673020,1,0,6106,40.44276809692383,-80.00006103515625
1629763161,9204020,29,0,6228,40.440338134765625,-80.09252166748047
1629763152,10629020,51,0,6241,40.441593170166016,-79.99826049804688
1629763157,6335020,75,0,6362,40.48741912841797,-79.88285827636719
1629763146,14139020,Y47,0,6240,40.4205436706543,-80.00798034667969
1629763146,3791020,53L,0,6122,40.406105041503906,-79.91202545166016
1629763155,10382020,54,0,6001,40.42094421386719,-80.0058822631836
1629763152,11094020,59,0,6243,40.38319396972656,-79.86837005615234
1629763155,6831020,75,0,6364,40.45830154418945,-79.91862487792969
1629763157,7263020,61B,0,6124,40.43893814086914,-79.99443817138672
1629763138,12379020,59,0,6244,40.40599822998047,-79.91217041015625
1629763160,3680020,91,0,6005,40.48735427856445,-79.8819808959961
1629763147,6258020,Y47,0,6247,40.33015441894531,-79.92350006103516
1629763155,3580020,58,0,6360,40.44464111328125,-79.94332885742188
1629763160,1115020,55,0,6238,40.31990051269531,-79.933349609375
1629763144,5870020,64,0,5940,40.437747955322266,-79.92289733886719
1629763155,1375020,61A,0,6237,40.415714263916016,-79.87836456298828
1629763152,7805020,83,0,6239,40.44230270385742,-79.98692321777344
1629763158,10866020,87,0,5944,40.459228515625,-79.970703125
1629763142,-104153251,71D,1,5945,40.45180892944336,-79.8849868774414
1629763138,10324020,51,0,6252,40.4088249206543,-79.99105834960938
1629763162,5747020,Y46,0,6131,40.335269927978516,-79.94697570800781
1629763162,10198020,Y49,0,6133,40.378440856933594,-79.99165344238281
1629763124,10985020,61C,0,6135,40.35068893432617,-79.86702728271484
1629763146,5672020,12,0,6013,40.58675003051758,-80.03137969970703
1629763159,17020,71A,0,6258,40.437503814697266,-79.98150634765625
1629763148,105020,39,0,6015,40.4390754699707,-80.00147247314453
1629763162,9227020,71C,0,3417,40.437744140625,-79.98658752441406
1629763163,9321020,14,0,6006,40.58357620239258,-80.22509765625
1629763154,1565020,55,0,6127,40.318336486816406,-79.93389129638672
1629763146,11856020,56,0,6248,40.39128112792969,-79.9340591430664
1629763147,7069020,61B,0,6129,40.41377639770508,-79.85315704345703
1629763158,2332020,67,0,6142,40.4421501159668,-79.87725830078125
1629763150,1950020,74,0,6262,40.46839141845703,-79.90242767333984
1629763152,5080020,71C,0,6265,40.451904296875,-79.95197296142578
1629763140,3962020,74,0,6143,40.43703079223633,-79.9191665649414
1629763162,9311020,86,0,6264,40.451114654541016,-79.88459777832031
1629763115,885020,71D,0,6146,40.45075607299805,-79.94300842285156
1629763156,9815020,71D,0,6267,40.45258712768555,-79.8885269165039
1629763159,5099020,26,0,6027,40.4520263671875,-80.06599426269531
1629763155,3306020,67,0,6269,40.441444396972656,-79.75164794921875
1629763141,2837020,P68,0,6140,40.431175231933594,-79.79561614990234
1629763145,13066020,71A,0,6260,40.47624206542969,-79.92416381835938
1629763161,898020,61D,0,3307,40.40414047241211,-79.9202651977539
1629763158,485020,71B,0,3425,40.44773483276367,-79.93824768066406
1629763156,13757020,86,0,3421,40.45655822753906,-79.93950653076172
1629763138,5012020,69,0,6259,40.45681381225586,-79.9119873046875
1629763136,-1365179932,87,1,5722,40.46369171142578,-79.9528579711914
1629763162,2863020,91,0,5605,40.48114013671875,-79.95397186279297
1629763150,4437020,28X,0,6274,40.443565368652344,-80.02653503417969
1629763163,6523020,61C,0,6034,40.44398880004883,-79.95046997070312
1629763105,2162020,77,0,6155,40.45729446411133,-79.91302490234375
1629763146,14398020,87,0,7002,40.48337936401367,-79.94757843017578
1629763164,7081020,59,0,6033,40.356040954589844,-79.89952850341797
1629763152,12511020,P78,0,6154,40.4438362121582,-79.99409484863281
1629763160,2238020,28X,0,6157,40.43843078613281,-79.9630126953125
1629763156,1220020,83,0,6036,40.43037796020508,-79.97689056396484
1629763160,7710020,89,0,6272,40.46133041381836,-79.92598724365234
1629763130,366020,61B,0,3317,40.43799591064453,-79.91305541992188
1629763146,3669020,53L,0,6029,40.34770965576172,-79.93345642089844
1629763142,13727020,29,0,5611,40.44150161743164,-80.00440216064453
1629763161,6707020,61D,0,6043,40.435874938964844,-79.9228744506836
1629763148,8592020,P3,0,6044,40.46004867553711,-79.9199447631836
1629763160,9575020,71C,0,6048,40.44042205810547,-79.8879165649414
1629763160,58020,71C,0,3331,40.43860626220703,-79.98637390136719
1629763164,1184020,77,0,6160,40.43989181518555,-79.99806213378906
1629763136,3390020,61C,0,6041,40.384918212890625,-79.86450958251953
1629763154,12828020,71B,0,3208,40.43860626220703,-79.98638916015625
1629763161,8634020,71A,0,3325,40.47581481933594,-79.91988372802734
1629763163,1294020,61A,0,3201,40.44121170043945,-80.00163269042969
1629763149,13284020,1,0,1707,40.52103042602539,-79.85218811035156
1629763151,6556020,4,0,1705,40.45331954956055,-80.00157165527344
1629763134,11321020,4,0,1703,40.50070571899414,-80.02250671386719
1629763161,5311020,88,0,3220,40.4642333984375,-79.96385955810547
1629763143,424020,P68,0,6051,40.431495666503906,-79.79830169677734
1629763164,14209020,38,0,6609,40.38431930541992,-80.08434295654297
1629763151,4667020,71A,0,3219,40.437217712402344,-79.9711685180664
1629763144,-453772088,P67,1,3218,40.45726776123047,-79.91468048095703
1629763138,6847020,11,0,1710,40.44385528564453,-79.99440002441406
1629763153,4401020,P1,0,3338,40.45728302001953,-79.91107940673828
1629763163,14413020,71D,0,3214,40.43877029418945,-79.9947509765625
1629763132,240020,P1,0,3213,40.448341369628906,-79.98554992675781
1629763123,4034020,44,0,1719,40.43202590942383,-80.00375366210938
1629763163,2935020,17,0,6605,40.44280242919922,-80.00436401367188
1629763160,6152020,48,0,5636,40.428504943847656,-79.97637939453125
1629763159,8531020,16,0,6604,40.456546783447266,-80.01548767089844
1629763146,6347020,40,0,1715,40.41698455810547,-80.01178741455078
1629763149,12569020,59,0,6619,40.41510772705078,-79.84827423095703
1629763144,3059020,48,0,1720,40.421180725097656,-80.0059814453125
1629763141,5694020,71A,0,3225,40.457130432128906,-79.93447875976562
1629763161,851020,48,0,6612,40.428619384765625,-79.9781265258789
1629763148,4941020,36,0,6611,40.37793731689453,-80.05514526367188
1629763088,14338020,43,0,1728,40.42076873779297,-80.00511932373047
1629763159,4914020,22,0,6615,40.44089889526367,-80.00414276123047
1629763163,10765020,44,0,1724,40.397850036621094,-79.96505737304688
1629763149,10308020,Y46,0,6630,40.41877746582031,-80.01078796386719
1629763149,1577020,91,0,6511,40.44972229003906,-79.9844970703125
1629763104,4447020,28X,0,3240,40.47098159790039,-80.22966003417969
1629763044,6842020,54,0,6509,40.45465087890625,-80.00847625732422
1629763140,872020,G2,0,3238,40.442962646484375,-79.99715423583984
1629763160,5321020,93,0,6623,40.43393325805664,-79.92906951904297
1629763130,6551020,93,0,6625,40.43658447265625,-79.96244049072266
1629763149,13188020,93,0,6627,40.482994079589844,-79.94793701171875
1629763145,10439020,1,0,6507,40.6201057434082,-79.73027801513672
1629763136,8186020,71B,0,6641,40.47930145263672,-79.92118072509766
1629763153,6130020,13,0,6401,40.493995666503906,-80.05225372314453
1629763156,687020,21,0,6521,40.51486587524414,-80.14148712158203
1629763148,9477020,77,0,6642,40.484893798828125,-79.8179702758789
1629763147,7779020,61A,0,3251,40.438621520996094,-79.87928009033203
1629763160,11585020,6,0,6512,40.44743347167969,-80.00187683105469
1629763138,8293020,79,0,6636,40.4454345703125,-79.88787078857422
1629763160,1724020,83,0,6635,40.44076156616211,-79.96842956542969
1629763157,8482020,P68,0,6638,40.41257095336914,-79.85629272460938
1629763159,1955020,79,0,6637,40.45420455932617,-79.86824035644531
1629763159,14181020,31,0,6518,40.441070556640625,-80.00594329833984
1629763159,9089020,82,0,6650,40.4400520324707,-79.99842071533203
1629763154,11787020,P78,0,6651,40.53866195678711,-79.83061981201172
1629763162,9025020,79,0,6654,40.47339630126953,-79.86802673339844
1629763160,10082020,69,0,6653,40.39665222167969,-79.80992126464844
1629763116,3118020,P1,0,3258,40.43113327026367,-79.88456726074219
1629763144,7377020,56,0,6526,40.35266876220703,-79.84878540039062
1629763157,7422020,75,0,6647,40.44220733642578,-79.9577865600586
1629763160,11351020,82,0,6646,40.45973205566406,-79.92771911621094
1629763141,11262020,13,0,6407,40.44182205200195,-80.0038833618164
1629763150,3195020,Y49,0,6528,40.33281326293945,-79.93425750732422
1629763152,11903020,24,0,6421,40.443538665771484,-80.0264663696289
1629763149,13975020,P68,0,6542,40.441436767578125,-79.99771881103516
1629763141,7239020,59,0,6541,40.38813400268555,-79.82354736328125
1629763154,421020,86,0,6543,40.44382095336914,-79.99397277832031
1629763164,14132020,61D,0,6535,40.44096755981445,-80.00098419189453
1629763136,13620020,21,0,6415,40.488975524902344,-80.07946014404297
1629763161,7763020,60,0,6538,40.35227966308594,-79.86073303222656
1629763160,7964020,24,0,6419,40.4732780456543,-80.07571411132812
1629763140,1233020,71C,0,6553,40.454219818115234,-79.91281127929688
1629763162,9339020,1,0,6310,40.478294372558594,-79.96891784667969
1629763155,-1261255862,71B,1,6552,40.45148468017578,-79.94039154052734
1629763164,1799020,64,0,6554,40.45282745361328,-79.92070770263672
1629763157,1127020,1,0,6304,40.4876594543457,-79.8939208984375
1629763158,10491020,38,0,6425,40.43278884887695,-80.0226821899414
1629763144,4862020,74,0,6545,40.461490631103516,-79.92501831054688
1629763161,9983020,29,0,6427,40.45244216918945,-80.19868469238281
1629763141,2993020,54,0,6306,40.45442199707031,-79.94767761230469
1629763163,14460020,12,0,6308,40.44743728637695,-80.00187683105469
1629763125,1486020,15,0,6201,40.48170852661133,-80.00262451171875
1629763146,6219020,31,0,6321,40.37371063232422,-80.10231018066406
1629763160,8815020,54,0,6315,40.4654426574707,-79.9610824584961
1629763149,3020020,Y46,0,6436,40.2913703918457,-79.88970947265625
1629763158,9294020,12,0,6314,40.545814514160156,-80.01737976074219
1629763161,12474020,20,0,6317,40.46550369262695,-80.06126403808594
1629763164,818020,61D,0,6437,40.43287658691406,-79.9230728149414
1629763160,4902020,71D,0,6558,40.43833923339844,-79.98019409179688
1629763160,12231020,27,0,6318,40.45137405395508,-80.06884002685547
1629763160,11313020,14,0,5902,40.59192657470703,-80.22749328613281
1629763133,7796020,24,0,6331,40.451866149902344,-80.16124725341797
1629763159,6192020,58,0,6452,40.4344482421875,-79.98828125
1629763149,3593020,2,0,6212,40.491477966308594,-79.9691390991211
1629763150,13693020,53L,0,6333,40.362403869628906,-79.92949676513672
1629763139,7135020,31,0,6332,40.4371337890625,-80.03999328613281
1629762762,3677020,67,0,6456,40.444091796875,-79.93830871582031
1629763141,6253020,28X,0,6455,40.43570327758789,-80.14666748046875
1629763146,11924020,91,0,6213,40.49460220336914,-79.88587188720703
1629763131,1866020,20,0,6325,40.46860122680664,-80.09822845458984
1629763160,2697020,54,0,6204,40.42097854614258,-79.98542785644531
1629763146,4003020,61B,0,6448,40.4230842590332,-79.89112854003906
1629763138,7310020,12,0,6209,40.53774642944336,-80.01139831542969
1629763156,12206020,16,0,6208,40.45547866821289,-80.00662994384766
1629763143,11904020,G2,0,5913,40.40553283691406,-80.09058380126953
1629763150,170020,28X,0,6461,40.43492889404297,-79.98755645751953
1629763162,9932020,64,0,6340,40.46748733520508,-79.96357727050781
1629763163,13636020,P3,0,6341,40.45741271972656,-79.91155242919922
1629763136,3777020,51,0,6343,40.34326934814453,-79.94248962402344
1629763159,-1837386923,13,1,5807,40.50453186035156,-80.0521240234375
1629763154,13749020,2,0,6216,40.52555847167969,-79.96269989013672
1629763105,2823020,88,0,6457,40.461448669433594,-79.92491149902344
1629763148,6576020,71C,0,6459,40.450050354003906,-79.89177703857422
